1 0.496875 0.493333 0.041250 0.128889
1 0.280000 0.466667 0.047500 0.142222
1 0.493750 0.381111 0.055000 0.095556
1 0.167500 0.280000 0.020000 0.075556
1 0.234375 0.225556 0.023750 0.051111
1 0.148750 0.185556 0.012500 0.042222
1 0.132500 0.167778 0.010000 0.033333
0 0.775625 0.432222 0.081250 0.131111
4 0.667500 0.346667 0.112500 0.120000
3 0.871250 0.298889 0.105000 0.108889
0 0.068125 0.592222 0.133750 0.251111
0 0.498750 0.264444 0.087500 0.071111
0 0.602500 0.265556 0.077500 0.064444
0 0.920000 0.395556 0.067500 0.115556
