0 0.871875 0.565556 0.211250 0.148889
4 0.879375 0.456667 0.143750 0.100000
1 0.406875 0.745556 0.116250 0.175556
1 0.733125 0.837778 0.126250 0.155556
1 0.690000 0.364444 0.077500 0.106667
1 0.371875 0.344444 0.063750 0.088889
1 0.233750 0.297778 0.055000 0.097778
1 0.024375 0.238889 0.043750 0.091111
1 0.043125 0.797778 0.083750 0.191111
1 0.221250 0.767778 0.107500 0.148889
1 0.829375 0.288889 0.048750 0.075556
1 0.720625 0.268889 0.028750 0.088889
1 0.698750 0.185556 0.025000 0.077778
1 0.528750 0.134444 0.027500 0.064444
1 0.559375 0.092222 0.021250 0.055556
