3 0.418750 0.403333 0.252500 0.228889
1 0.687500 0.924444 0.145000 0.151111
1 0.941250 0.924444 0.117500 0.151111
1 0.800000 0.396667 0.067500 0.100000
1 0.701250 0.356667 0.065000 0.091111
1 0.596250 0.386667 0.075000 0.111111
1 0.270625 0.307778 0.048750 0.104444
1 0.193125 0.326667 0.063750 0.106667
1 0.121875 0.276667 0.048750 0.100000
1 0.421250 0.230000 0.037500 0.082222
1 0.448125 0.204444 0.033750 0.084444
1 0.473125 0.163333 0.026250 0.077778
1 0.550000 0.102222 0.022500 0.053333
1 0.619375 0.178889 0.026250 0.077778
1 0.620000 0.100000 0.017500 0.048889
1 0.585625 0.096667 0.023750 0.068889
1 0.967500 0.317778 0.047500 0.080000
