1 0.297852 0.685764 0.091797 0.260417
1 0.160156 0.784722 0.074219 0.291667
1 0.151367 0.538194 0.056641 0.201389
1 0.223633 0.501736 0.044922 0.170139
1 0.056641 0.331597 0.031250 0.121528
1 0.114258 0.267361 0.033203 0.090278
1 0.238281 0.236111 0.027344 0.083333
1 0.254883 0.208333 0.029297 0.076389
1 0.034180 0.168403 0.013672 0.045139
1 0.017578 0.145833 0.019531 0.055556
1 0.103516 0.128472 0.011719 0.041667
0 0.282227 0.366319 0.123047 0.170139
4 0.175781 0.222222 0.066406 0.118056
0 0.127930 0.180556 0.037109 0.055556
3 0.069336 0.156250 0.041016 0.083333
0 0.039062 0.135417 0.019531 0.048611
