0 0.536133 0.680556 0.158203 0.131944
0 0.918945 0.684028 0.162109 0.159722
3 0.895508 0.866319 0.208984 0.225694
1 0.858398 0.434028 0.060547 0.090278
1 0.594727 0.423611 0.044922 0.076389
0 0.539062 0.182292 0.027344 0.045139
3 0.583008 0.145833 0.041016 0.090278
3 0.404297 0.114583 0.089844 0.083333
3 0.184570 0.189236 0.177734 0.128472
3 0.164062 0.508681 0.164062 0.149306
1 0.286133 0.467014 0.044922 0.065972
1 0.280273 0.446181 0.041016 0.059028
1 0.332031 0.447917 0.035156 0.055556
1 0.456055 0.498264 0.025391 0.079861
1 0.479492 0.451389 0.037109 0.069444
1 0.359375 0.524306 0.035156 0.083333
3 0.245117 0.779514 0.087891 0.156250
3 0.067383 0.824653 0.103516 0.184028
