1 0.362305 0.876736 0.056641 0.128472
1 0.268555 0.960069 0.068359 0.079861
1 0.232422 0.824653 0.078125 0.107639
1 0.335938 0.692708 0.035156 0.093750
1 0.326172 0.621528 0.035156 0.076389
1 0.268555 0.493056 0.033203 0.055556
1 0.313477 0.463542 0.037109 0.059028
1 0.347656 0.473958 0.031250 0.059028
1 0.384766 0.508681 0.019531 0.079861
1 0.414062 0.519097 0.042969 0.079861
1 0.428711 0.571181 0.029297 0.079861
1 0.467773 0.482639 0.044922 0.062500
1 0.420898 0.451389 0.037109 0.055556
1 0.478516 0.428819 0.035156 0.059028
1 0.432617 0.373264 0.025391 0.059028
1 0.529297 0.494792 0.050781 0.079861
1 0.703125 0.449653 0.050781 0.079861
1 0.813477 0.421875 0.056641 0.072917
1 0.887695 0.404514 0.056641 0.072917
1 0.552734 0.210069 0.011719 0.038194
1 0.566406 0.197917 0.011719 0.041667
3 0.278320 0.152778 0.080078 0.083333
3 0.083008 0.260417 0.162109 0.201389
3 0.358398 0.147569 0.037109 0.052083
1 0.059570 0.567708 0.033203 0.072917
