1 0.412109 0.736111 0.070312 0.111111
1 0.638672 0.880208 0.160156 0.142361
1 0.916016 0.913194 0.117188 0.145833
1 0.226562 0.876736 0.070312 0.114583
1 0.278320 0.899306 0.087891 0.104167
1 0.041992 0.918403 0.080078 0.114583
1 0.070312 0.835069 0.070312 0.100694
1 0.128906 0.763889 0.062500 0.097222
1 0.215820 0.678819 0.048828 0.093750
1 0.262695 0.579861 0.052734 0.090278
1 0.382812 0.539931 0.027344 0.072917
1 0.424805 0.532986 0.037109 0.079861
1 0.401367 0.501736 0.029297 0.072917
1 0.486328 0.435764 0.019531 0.059028
1 0.569336 0.368056 0.017578 0.048611
3 0.408203 0.303819 0.152344 0.107639
3 0.209961 0.473958 0.189453 0.211806
1 0.666992 0.644097 0.001953 0.003472
