3 0.820312 0.881944 0.359375 0.236111
3 0.590820 0.697917 0.693359 0.416667
1 0.977539 0.383681 0.044922 0.079861
1 0.668945 0.451389 0.029297 0.083333
1 0.623047 0.479167 0.046875 0.076389
1 0.577148 0.463542 0.029297 0.072917
3 0.560547 0.420139 0.046875 0.104167
1 0.512695 0.414931 0.041016 0.072917
1 0.504883 0.284722 0.013672 0.048611
1 0.513672 0.303819 0.015625 0.045139
1 0.530273 0.272569 0.017578 0.045139
1 0.549805 0.222222 0.013672 0.041667
3 0.584961 0.144097 0.037109 0.086806
1 0.344727 0.524306 0.033203 0.069444
1 0.390625 0.447917 0.039062 0.062500
4 0.440430 0.470486 0.080078 0.114583
3 0.242188 0.510417 0.152344 0.138889
1 0.338867 0.428819 0.025391 0.065972
1 0.357422 0.435764 0.031250 0.052083
3 0.195312 0.208333 0.230469 0.173611
3 0.335938 0.154514 0.078125 0.072917
3 0.431641 0.116319 0.066406 0.079861
3 0.082031 0.798611 0.156250 0.333333
3 0.064453 0.270833 0.125000 0.125000
1 0.134766 0.522569 0.000000 0.003472
