3 0.901367 0.420139 0.197266 0.270833
1 0.922852 0.552083 0.052734 0.097222
1 0.976562 0.555556 0.042969 0.104167
1 0.799805 0.611111 0.056641 0.104167
1 0.684570 0.618056 0.064453 0.097222
1 0.563477 0.144097 0.017578 0.031250
1 0.515625 0.251736 0.023438 0.045139
1 0.575195 0.373264 0.017578 0.059028
1 0.548828 0.359375 0.015625 0.052083
1 0.536133 0.387153 0.017578 0.059028
1 0.513672 0.381944 0.019531 0.055556
1 0.474609 0.328125 0.019531 0.052083
1 0.478516 0.402778 0.019531 0.048611
1 0.453125 0.418403 0.019531 0.072917
1 0.473633 0.473958 0.029297 0.072917
2 0.516602 0.494792 0.021484 0.079861
1 0.409180 0.489583 0.041016 0.069444
1 0.359375 0.439236 0.035156 0.052083
1 0.200195 0.621528 0.029297 0.076389
1 0.212891 0.565972 0.035156 0.069444
1 0.321289 0.682292 0.033203 0.121528
1 0.361328 0.786458 0.035156 0.128472
3 0.224609 0.173611 0.167969 0.125000
3 0.105469 0.220486 0.074219 0.114583
