3 0.742188 0.753472 0.210938 0.215278
1 0.785156 0.428819 0.050781 0.079861
1 0.621094 0.440972 0.046875 0.069444
1 0.500000 0.553819 0.027344 0.093750
1 0.433594 0.559028 0.027344 0.090278
1 0.248047 0.489583 0.039062 0.069444
1 0.217773 0.503472 0.033203 0.062500
1 0.140625 0.529514 0.027344 0.059028
1 0.202148 0.598958 0.044922 0.072917
1 0.289062 0.760417 0.070312 0.111111
1 0.396484 0.807292 0.078125 0.100694
0 0.439453 0.690972 0.183594 0.118056
1 0.133789 0.848958 0.056641 0.121528
1 0.176758 0.940972 0.056641 0.104167
1 0.077148 0.552083 0.037109 0.062500
1 0.128906 0.592014 0.042969 0.079861
3 0.305664 0.187500 0.052734 0.055556
3 0.237305 0.182292 0.072266 0.072917
3 0.090820 0.241319 0.173828 0.156250
