0 0.212891 0.217014 0.062500 0.065972
3 0.086914 0.215278 0.158203 0.125000
3 0.522461 0.310764 0.076172 0.142361
3 0.546875 0.166667 0.027344 0.083333
1 0.711914 0.489583 0.158203 0.104167
3 0.467773 0.640625 0.291016 0.225694
3 0.233398 0.763889 0.283203 0.222222
0 0.302734 0.479167 0.074219 0.083333
1 0.119141 0.664931 0.058594 0.086806
1 0.573242 0.864583 0.095703 0.118056
1 0.797852 0.767361 0.087891 0.104167
1 0.851562 0.434028 0.058594 0.083333
1 0.906250 0.527778 0.050781 0.090278
1 0.968750 0.407986 0.050781 0.086806
1 0.331055 0.526042 0.029297 0.065972
1 0.400391 0.475694 0.023438 0.097222
1 0.450195 0.428819 0.017578 0.072917
1 0.464844 0.437500 0.019531 0.069444
1 0.486328 0.505208 0.019531 0.059028
1 0.488281 0.404514 0.015625 0.059028
1 0.506836 0.439236 0.021484 0.072917
1 0.529297 0.399306 0.015625 0.069444
1 0.552734 0.461806 0.042969 0.076389
1 0.606445 0.440972 0.037109 0.062500
1 0.617188 0.486111 0.042969 0.076389
0 0.770508 0.435764 0.052734 0.079861
1 0.081055 0.925347 0.080078 0.121528
1 0.178711 0.934028 0.083984 0.118056
1 0.291992 0.921875 0.064453 0.121528
1 0.362305 0.935764 0.080078 0.114583
1 0.430664 0.880208 0.076172 0.114583
1 0.469727 0.838542 0.083984 0.107639
