3 0.332031 0.157986 0.101562 0.093750
3 0.072266 0.282986 0.136719 0.142361
3 0.140625 0.217014 0.238281 0.121528
3 0.458984 0.095486 0.109375 0.059028
3 0.694336 0.453125 0.162109 0.156250
3 0.585938 0.145833 0.039062 0.090278
1 0.890625 0.435764 0.058594 0.086806
1 0.565430 0.442708 0.041016 0.072917
1 0.563477 0.527778 0.052734 0.076389
1 0.473633 0.552083 0.041016 0.083333
1 0.419922 0.571181 0.027344 0.093750
3 0.389648 0.489583 0.150391 0.145833
3 0.451172 0.453125 0.121094 0.121528
4 0.263672 0.687500 0.144531 0.201389
1 0.227539 0.842014 0.076172 0.107639
1 0.228516 0.951389 0.074219 0.097222
3 0.212891 0.482639 0.199219 0.187500
3 0.229492 0.607639 0.119141 0.097222
1 0.564453 0.963542 0.007812 0.024306
