1 0.977539 0.340278 0.044922 0.062500
1 0.668945 0.281250 0.033203 0.062500
1 0.517578 0.239583 0.015625 0.055556
3 0.583008 0.156250 0.037109 0.090278
3 0.314453 0.168403 0.132812 0.093750
3 0.436523 0.107639 0.048828 0.055556
1 0.262695 0.406250 0.041016 0.055556
1 0.191406 0.489583 0.039062 0.069444
3 0.034180 0.770833 0.060547 0.187500
1 0.325195 0.506944 0.033203 0.090278
1 0.356445 0.597222 0.029297 0.090278
1 0.452148 0.477431 0.033203 0.072917
0 0.435547 0.456597 0.062500 0.079861
0 0.485352 0.520833 0.126953 0.104167
1 0.517578 0.564236 0.046875 0.100694
3 0.546875 0.331597 0.109375 0.128472
0 0.679688 0.498264 0.144531 0.107639
0 0.911133 0.489583 0.150391 0.118056
0 0.969727 0.652778 0.060547 0.152778
1 0.849609 0.413194 0.046875 0.076389
1 0.926758 0.413194 0.060547 0.090278
