3 0.864258 0.368056 0.255859 0.173611
1 0.887695 0.515625 0.064453 0.093750
1 0.702148 0.536458 0.060547 0.086806
3 0.535156 0.210069 0.042969 0.079861
3 0.145508 0.211806 0.224609 0.131944
1 0.433594 0.401042 0.015625 0.059028
1 0.462891 0.401042 0.015625 0.065972
1 0.486328 0.395833 0.011719 0.062500
1 0.511719 0.394097 0.023438 0.079861
1 0.549805 0.369792 0.017578 0.052083
1 0.490234 0.586806 0.031250 0.076389
1 0.470703 0.644097 0.027344 0.079861
1 0.445312 0.588542 0.031250 0.086806
1 0.448242 0.524306 0.029297 0.069444
1 0.411133 0.534722 0.025391 0.076389
1 0.382812 0.477431 0.019531 0.059028
1 0.402344 0.494792 0.023438 0.059028
1 0.352539 0.526042 0.021484 0.079861
1 0.373047 0.583333 0.031250 0.090278
1 0.304688 0.760417 0.046875 0.125000
1 0.126953 0.803819 0.066406 0.121528
1 0.177734 0.703125 0.035156 0.114583
1 0.226562 0.614583 0.042969 0.090278
1 0.096680 0.677083 0.064453 0.090278
