1 0.116211 0.836806 0.052734 0.118056
1 0.201172 0.508681 0.031250 0.059028
1 0.236328 0.460069 0.035156 0.059028
1 0.259766 0.411458 0.035156 0.059028
1 0.413086 0.480903 0.056641 0.079861
1 0.596680 0.425347 0.060547 0.072917
1 0.717773 0.404514 0.044922 0.072917
1 0.833008 0.437500 0.064453 0.069444
1 0.527344 0.293403 0.011719 0.038194
1 0.533203 0.243056 0.007812 0.041667
1 0.551758 0.223958 0.009766 0.045139
3 0.500000 0.222222 0.042969 0.076389
3 0.586914 0.151042 0.044922 0.086806
3 0.470703 0.713542 0.265625 0.239583
4 0.923828 0.675347 0.152344 0.239583
3 0.178711 0.659722 0.294922 0.215278
3 0.139648 0.211806 0.267578 0.187500
3 0.368164 0.128472 0.087891 0.090278
3 0.515625 0.265625 0.023438 0.052083
