3 0.690430 0.463542 0.193359 0.190972
1 0.842773 0.397569 0.052734 0.072917
1 0.916992 0.446181 0.064453 0.093750
1 0.540039 0.413194 0.041016 0.062500
1 0.497070 0.361111 0.017578 0.062500
0 0.555664 0.338542 0.052734 0.065972
3 0.541016 0.232639 0.054688 0.131944
1 0.408203 0.440972 0.035156 0.055556
0 0.385742 0.517361 0.107422 0.083333
1 0.324219 0.651042 0.035156 0.107639
1 0.147461 0.661458 0.033203 0.107639
1 0.263672 0.409722 0.039062 0.062500
1 0.258789 0.465278 0.029297 0.055556
3 0.253906 0.184028 0.085938 0.069444
3 0.303711 0.149306 0.064453 0.062500
4 0.366211 0.144097 0.037109 0.045139
3 0.560547 0.072917 0.035156 0.048611
