1 0.455078 0.892361 0.089844 0.125000
1 0.467773 0.536458 0.029297 0.072917
1 0.482422 0.576389 0.027344 0.083333
1 0.543945 0.517361 0.029297 0.083333
1 0.499023 0.480903 0.025391 0.072917
0 0.173828 0.756944 0.160156 0.125000
1 0.255859 0.652778 0.027344 0.090278
1 0.318359 0.640625 0.031250 0.086806
1 0.330078 0.579861 0.027344 0.076389
3 0.323242 0.494792 0.158203 0.197917
1 0.452148 0.395833 0.017578 0.055556
1 0.496094 0.385417 0.019531 0.062500
1 0.518555 0.402778 0.021484 0.069444
1 0.547852 0.381944 0.021484 0.062500
1 0.252930 0.418403 0.044922 0.065972
1 0.210938 0.473958 0.039062 0.052083
3 0.056641 0.524306 0.097656 0.118056
1 0.855469 0.453125 0.046875 0.086806
1 0.896484 0.404514 0.039062 0.079861
1 0.924805 0.473958 0.064453 0.093750
1 0.977539 0.317708 0.044922 0.086806
1 0.622070 0.187500 0.021484 0.041667
