3 0.946289 0.564236 0.107422 0.267361
3 0.460938 0.657986 0.320312 0.288194
1 0.597656 0.475694 0.042969 0.076389
1 0.613281 0.394097 0.035156 0.059028
1 0.523438 0.451389 0.042969 0.069444
1 0.506836 0.392361 0.013672 0.055556
1 0.488281 0.343750 0.015625 0.048611
1 0.533203 0.314236 0.011719 0.052083
1 0.530273 0.373264 0.017578 0.052083
1 0.546875 0.385417 0.019531 0.062500
1 0.558594 0.362847 0.015625 0.065972
1 0.300781 0.513889 0.039062 0.062500
1 0.318359 0.494792 0.039062 0.059028
1 0.214844 0.501736 0.042969 0.065972
1 0.198242 0.607639 0.044922 0.083333
1 0.039062 0.684028 0.058594 0.090278
1 0.118164 0.751736 0.041016 0.100694
1 0.203125 0.788194 0.039062 0.097222
1 0.155273 0.810764 0.052734 0.121528
1 0.157227 0.930556 0.048828 0.131944
1 0.207031 0.895833 0.039062 0.138889
1 0.247070 0.907986 0.037109 0.142361
1 0.261719 0.819444 0.042969 0.118056
1 0.288086 0.913194 0.048828 0.152778
1 0.341797 0.932292 0.054688 0.135417
1 0.560547 0.923611 0.050781 0.138889
2 0.639648 0.901042 0.056641 0.149306
3 0.277344 0.171875 0.062500 0.072917
0 0.364258 0.159722 0.033203 0.062500
3 0.061523 0.244792 0.119141 0.142361
3 0.050781 0.293403 0.089844 0.128472
