1 0.240234 0.776042 0.042969 0.128472
1 0.379883 0.854167 0.044922 0.131944
1 0.662109 0.465278 0.027344 0.083333
1 0.683594 0.427083 0.042969 0.069444
1 0.766602 0.463542 0.056641 0.086806
1 0.851562 0.409722 0.054688 0.069444
1 0.875977 0.465278 0.068359 0.062500
1 0.875977 0.496528 0.068359 0.069444
1 0.522461 0.446181 0.037109 0.065972
1 0.518555 0.524306 0.025391 0.083333
3 0.606445 0.357639 0.146484 0.125000
1 0.340820 0.480903 0.041016 0.065972
1 0.206055 0.595486 0.029297 0.086806
3 0.183594 0.513889 0.156250 0.138889
3 0.378906 0.125000 0.109375 0.090278
3 0.493164 0.097222 0.056641 0.062500
3 0.556641 0.072917 0.035156 0.055556
0 0.261719 0.192708 0.050781 0.045139
3 0.194336 0.204861 0.076172 0.111111
3 0.271484 0.154514 0.093750 0.107639
