4 0.554688 0.145833 0.023438 0.041667
3 0.583984 0.147569 0.039062 0.086806
1 0.548828 0.239583 0.015625 0.041667
0 0.498047 0.241319 0.031250 0.052083
0 0.884766 0.468750 0.156250 0.111111
1 0.963867 0.531250 0.056641 0.097222
1 0.898438 0.833333 0.097656 0.145833
1 0.583984 0.798611 0.082031 0.118056
1 0.535156 0.760417 0.074219 0.104167
3 0.400391 0.484375 0.179688 0.163194
1 0.332031 0.437500 0.042969 0.062500
1 0.262695 0.465278 0.033203 0.055556
3 0.177734 0.505208 0.171875 0.163194
3 0.326172 0.694444 0.128906 0.125000
3 0.188477 0.883681 0.111328 0.232639
1 0.310547 0.840278 0.050781 0.145833
1 0.361328 0.871528 0.046875 0.138889
3 0.200195 0.206597 0.123047 0.121528
3 0.291016 0.166667 0.093750 0.125000
3 0.380859 0.123264 0.089844 0.093750
3 0.475586 0.097222 0.048828 0.055556
