1 0.274414 0.644097 0.029297 0.121528
1 0.180664 0.637153 0.025391 0.114583
0 0.237305 0.440972 0.052734 0.090278
3 0.338867 0.380208 0.052734 0.114583
1 0.233398 0.571181 0.029297 0.114583
1 0.179688 0.251736 0.007812 0.031250
1 0.172852 0.338542 0.013672 0.052083
1 0.198242 0.250000 0.009766 0.034722
3 0.258789 0.251736 0.029297 0.059028
1 0.200195 0.338542 0.009766 0.052083
1 0.153320 0.435764 0.021484 0.072917
1 0.191406 0.298611 0.007812 0.041667
1 0.202148 0.241319 0.009766 0.038194
1 0.219727 0.178819 0.005859 0.024306
