1 0.259766 0.218750 0.015625 0.062500
1 0.966797 0.501736 0.066406 0.128472
1 0.684570 0.461806 0.076172 0.111111
1 0.353516 0.218750 0.015625 0.062500
3 0.325195 0.154514 0.060547 0.114583
1 0.205078 0.258681 0.015625 0.065972
1 0.313477 0.220486 0.013672 0.059028
1 0.291016 0.232639 0.015625 0.062500
1 0.585938 0.151042 0.011719 0.045139
3 0.395508 0.093750 0.037109 0.090278
0 0.367188 0.175347 0.031250 0.065972
1 0.381836 0.213542 0.013672 0.059028
1 0.628906 0.164931 0.015625 0.045139
0 0.504883 0.144097 0.025391 0.045139
4 0.438477 0.178819 0.048828 0.100694
1 0.358398 0.116319 0.009766 0.038194
1 0.575195 0.125000 0.013672 0.041667
0 0.487305 0.109375 0.021484 0.045139
0 0.287109 0.170139 0.011719 0.048611
