0 0.512695 0.748264 0.130859 0.225694
1 0.215820 0.753472 0.037109 0.166667
1 0.102539 0.904514 0.041016 0.184028
1 0.276367 0.680556 0.029297 0.131944
1 0.222656 0.366319 0.011719 0.052083
0 0.284180 0.335069 0.033203 0.065972
1 0.200195 0.310764 0.009766 0.045139
0 0.658203 0.930556 0.183594 0.138889
1 0.223633 0.218750 0.009766 0.041667
1 0.183594 0.232639 0.007812 0.034722
1 0.208008 0.272569 0.009766 0.038194
4 0.405273 0.510417 0.080078 0.152778
1 0.184570 0.293403 0.005859 0.052083
1 0.199219 0.203125 0.007812 0.031250
1 0.172852 0.310764 0.013672 0.038194
