1 0.261719 0.470486 0.062500 0.100694
1 0.631836 0.510417 0.091797 0.125000
1 0.582031 0.463542 0.070312 0.114583
1 0.453125 0.196181 0.015625 0.059028
1 0.068359 0.326389 0.054688 0.076389
1 0.237305 0.203125 0.017578 0.059028
1 0.696289 0.241319 0.021484 0.072917
0 0.380859 0.197917 0.042969 0.076389
1 0.350586 0.263889 0.025391 0.069444
1 0.410156 0.175347 0.007812 0.045139
1 0.253906 0.237847 0.011719 0.052083
1 0.270508 0.201389 0.009766 0.048611
1 0.429688 0.203125 0.015625 0.065972
1 0.501953 0.119792 0.007812 0.031250
3 0.312500 0.192708 0.054688 0.100694
