0 0.331055 0.671875 0.099609 0.197917
0 0.492188 0.914931 0.132812 0.170139
0 0.416992 0.565972 0.087891 0.111111
1 0.179688 0.732639 0.031250 0.138889
1 0.087891 0.939236 0.042969 0.121528
1 0.252930 0.376736 0.013672 0.059028
1 0.225586 0.300347 0.009766 0.045139
1 0.188477 0.279514 0.005859 0.038194
1 0.512695 0.385417 0.013672 0.055556
1 0.593750 0.402778 0.031250 0.048611
1 0.626953 0.394097 0.015625 0.059028
0 0.214844 0.239583 0.019531 0.041667
0 0.260742 0.248264 0.025391 0.052083
3 0.291992 0.298611 0.037109 0.090278
1 0.235352 0.203125 0.005859 0.024306
