0 0.591797 0.890625 0.171875 0.218750
1 0.183594 0.527778 0.019531 0.090278
1 0.312500 0.578125 0.031250 0.093750
1 0.181641 0.670139 0.031250 0.125000
3 0.448242 0.609375 0.095703 0.218750
1 0.246094 0.388889 0.011719 0.062500
1 0.268555 0.592014 0.029297 0.107639
1 0.133789 0.446181 0.017578 0.079861
1 0.157227 0.498264 0.017578 0.093750
1 0.562500 0.387153 0.031250 0.065972
1 0.221680 0.289931 0.005859 0.038194
1 0.172852 0.385417 0.013672 0.048611
1 0.198242 0.274306 0.005859 0.034722
0 0.320312 0.347222 0.031250 0.062500
1 0.190430 0.305556 0.009766 0.048611
4 0.166016 0.263889 0.027344 0.062500
1 0.208008 0.375000 0.013672 0.062500
1 0.259766 0.279514 0.011719 0.031250
1 0.160156 0.451389 0.015625 0.076389
0 0.255859 0.258681 0.015625 0.031250
1 0.482422 0.541667 0.027344 0.104167
