1 0.746094 0.467014 0.078125 0.114583
1 0.941406 0.453125 0.097656 0.121528
1 0.198242 0.432292 0.056641 0.107639
1 0.684570 0.439236 0.056641 0.107639
1 0.310547 0.442708 0.066406 0.107639
1 0.635742 0.414931 0.052734 0.100694
1 0.840820 0.345486 0.060547 0.093750
1 0.544922 0.178819 0.015625 0.059028
3 0.169922 0.699653 0.335938 0.378472
1 0.594727 0.184028 0.013672 0.055556
1 0.418945 0.253472 0.037109 0.076389
1 0.511719 0.211806 0.019531 0.055556
1 0.313477 0.156250 0.009766 0.041667
1 0.377930 0.086806 0.005859 0.041667
3 0.277344 0.223958 0.027344 0.065972
1 0.488281 0.121528 0.011719 0.055556
4 0.503906 0.578125 0.214844 0.190972
1 0.260742 0.196181 0.017578 0.072917
0 0.302734 0.125000 0.027344 0.048611
4 0.416016 0.090278 0.019531 0.041667
0 0.493164 0.107639 0.025391 0.041667
0 0.548828 0.126736 0.058594 0.052083
1 0.527344 0.145833 0.011719 0.048611
