1 0.139648 0.505208 0.033203 0.114583
0 0.449219 0.258681 0.054688 0.093750
1 0.221680 0.336806 0.056641 0.076389
1 0.461914 0.390625 0.033203 0.100694
1 0.214844 0.454861 0.031250 0.111111
1 0.389648 0.253472 0.021484 0.069444
3 0.065430 0.321181 0.126953 0.190972
0 0.407227 0.164931 0.037109 0.072917
3 0.522461 0.296875 0.052734 0.107639
1 0.314453 0.156250 0.011719 0.041667
1 0.581055 0.321181 0.025391 0.086806
1 0.597656 0.121528 0.011719 0.034722
1 0.505859 0.105903 0.011719 0.045139
1 0.547852 0.105903 0.013672 0.038194
0 0.429688 0.085069 0.023438 0.038194
3 0.420898 0.041667 0.021484 0.048611
