1 0.389648 0.890625 0.037109 0.190972
3 0.675781 0.859375 0.257812 0.281250
1 0.241211 0.734375 0.033203 0.142361
3 0.484375 0.696181 0.125000 0.309028
3 0.283203 0.305556 0.042969 0.097222
3 0.209961 0.336806 0.037109 0.111111
1 0.298828 0.630208 0.027344 0.121528
1 0.227539 0.909722 0.048828 0.152778
1 0.184570 0.404514 0.013672 0.059028
3 0.321289 0.354167 0.041016 0.076389
3 0.214844 0.243056 0.027344 0.055556
4 0.255859 0.239583 0.019531 0.048611
3 0.378906 0.458333 0.078125 0.131944
1 0.181641 0.312500 0.011719 0.048611
1 0.131836 0.402778 0.017578 0.055556
