1 0.928711 0.817708 0.134766 0.211806
1 0.638672 0.592014 0.082031 0.149306
1 0.721680 0.255208 0.029297 0.072917
1 0.574219 0.473958 0.058594 0.135417
1 0.280273 0.199653 0.013672 0.059028
1 0.648438 0.328125 0.023438 0.079861
1 0.345703 0.199653 0.015625 0.059028
1 0.392578 0.173611 0.011719 0.041667
3 0.604492 0.116319 0.083984 0.086806
0 0.398438 0.119792 0.031250 0.052083
1 0.308594 0.213542 0.015625 0.059028
1 0.473633 0.267361 0.033203 0.062500
1 0.249023 0.222222 0.013672 0.062500
4 0.529297 0.199653 0.042969 0.086806
1 0.563477 0.164931 0.013672 0.045139
1 0.581055 0.168403 0.013672 0.052083
3 0.500000 0.152778 0.042969 0.097222
0 0.528320 0.289931 0.064453 0.107639
