1 0.434570 0.602431 0.056641 0.170139
1 0.312500 0.795139 0.093750 0.187500
1 0.589844 0.484375 0.035156 0.121528
1 0.564453 0.184028 0.011719 0.062500
0 0.427734 0.125000 0.035156 0.062500
1 0.510742 0.121528 0.009766 0.048611
1 0.525391 0.177083 0.011719 0.048611
1 0.534180 0.142361 0.013672 0.048611
1 0.293945 0.164931 0.013672 0.045139
4 0.482422 0.352431 0.097656 0.156250
1 0.558594 0.248264 0.023438 0.072917
1 0.367188 0.112847 0.011719 0.038194
1 0.389648 0.086806 0.009766 0.041667
1 0.198242 0.260417 0.025391 0.069444
1 0.601562 0.114583 0.011719 0.034722
1 0.643555 0.133681 0.025391 0.045139
1 0.489258 0.079861 0.009766 0.034722
