1 0.686523 0.828125 0.185547 0.246528
3 0.465820 0.482639 0.224609 0.347222
1 0.043945 0.190972 0.013672 0.048611
4 0.296875 0.373264 0.078125 0.156250
3 0.109375 0.189236 0.054688 0.114583
1 0.925781 0.446181 0.058594 0.170139
1 0.002930 0.196181 0.001953 0.045139
1 0.185547 0.197917 0.015625 0.048611
1 0.006836 0.121528 0.009766 0.027778
1 0.030273 0.126736 0.009766 0.031250
3 0.081055 0.159722 0.041016 0.090278
3 0.208008 0.385417 0.142578 0.319444
0 0.116211 0.262153 0.052734 0.107639
0 0.135742 0.343750 0.041016 0.125000
1 0.173828 0.185764 0.015625 0.052083
