1 0.875000 0.687500 0.093750 0.187500
3 0.123047 0.343750 0.242188 0.326389
1 0.301758 0.730903 0.064453 0.184028
1 0.661133 0.423611 0.037109 0.104167
3 0.483398 0.378472 0.115234 0.222222
1 0.581055 0.182292 0.013672 0.052083
1 0.693359 0.237847 0.015625 0.072917
1 0.554688 0.154514 0.011719 0.045139
0 0.512695 0.175347 0.037109 0.059028
1 0.627930 0.140625 0.009766 0.045139
1 0.349609 0.105903 0.011719 0.045139
1 0.512695 0.123264 0.009766 0.045139
1 0.376953 0.097222 0.011719 0.041667
1 0.589844 0.119792 0.007812 0.038194
