1 0.650391 0.539931 0.066406 0.142361
3 0.877930 0.550347 0.244141 0.322917
1 0.496094 0.593750 0.035156 0.145833
1 0.313477 0.289931 0.017578 0.072917
1 0.485352 0.258681 0.025391 0.079861
1 0.335938 0.137153 0.007812 0.038194
1 0.388672 0.154514 0.011719 0.045139
0 0.385742 0.571181 0.126953 0.239583
1 0.431641 0.203125 0.011719 0.065972
1 0.432617 0.166667 0.009766 0.048611
1 0.436523 0.175347 0.009766 0.059028
0 0.308594 0.125000 0.039062 0.048611
1 0.445312 0.114583 0.011719 0.041667
1 0.434570 0.107639 0.009766 0.034722
