1 0.674805 0.401042 0.052734 0.114583
1 0.412109 0.390625 0.027344 0.100694
1 0.222656 0.328125 0.035156 0.079861
1 0.494141 0.404514 0.035156 0.093750
1 0.536133 0.467014 0.044922 0.121528
1 0.079102 0.375000 0.037109 0.090278
1 0.391602 0.269097 0.017578 0.107639
0 0.523438 0.105903 0.054688 0.059028
1 0.363281 0.387153 0.027344 0.100694
1 0.128906 0.310764 0.039062 0.065972
1 0.206055 0.274306 0.025391 0.083333
1 0.367188 0.251736 0.023438 0.086806
1 0.456055 0.343750 0.029297 0.090278
1 0.057617 0.296875 0.033203 0.065972
3 0.301758 0.199653 0.068359 0.093750
0 0.620117 0.126736 0.076172 0.052083
4 0.451172 0.241319 0.070312 0.135417
1 0.344727 0.279514 0.025391 0.093750
1 0.609375 0.211806 0.015625 0.055556
0 0.428711 0.064236 0.029297 0.059028
1 0.234375 0.223958 0.015625 0.059028
1 0.378906 0.079861 0.007812 0.034722
1 0.004883 0.354167 0.005859 0.090278
1 0.395508 0.079861 0.013672 0.041667
3 0.485352 0.086806 0.029297 0.069444
0 0.519531 0.114583 0.046875 0.055556
0 0.326172 0.123264 0.039062 0.045139
