1 0.859375 0.689236 0.109375 0.177083
3 0.278320 0.213542 0.091797 0.149306
0 0.466797 0.277778 0.074219 0.118056
1 0.446289 0.394097 0.033203 0.100694
1 0.656250 0.496528 0.062500 0.138889
1 0.410156 0.435764 0.035156 0.107639
3 0.329102 0.260417 0.060547 0.138889
1 0.494141 0.343750 0.039062 0.083333
0 0.117188 0.310764 0.125000 0.107639
1 0.404297 0.296875 0.019531 0.093750
1 0.508789 0.390625 0.033203 0.107639
0 0.429688 0.206597 0.042969 0.086806
1 0.393555 0.170139 0.013672 0.062500
1 0.199219 0.263889 0.023438 0.062500
1 0.366211 0.168403 0.013672 0.059028
3 0.500977 0.109375 0.029297 0.065972
1 0.398438 0.086806 0.007812 0.034722
1 0.556641 0.142361 0.011719 0.048611
1 0.440430 0.083333 0.009766 0.041667
1 0.414062 0.081597 0.007812 0.031250
1 0.379883 0.088542 0.009766 0.052083
0 0.442383 0.170139 0.033203 0.062500
