1 0.246094 0.501736 0.078125 0.114583
1 0.957031 0.604167 0.082031 0.138889
1 0.399414 0.296875 0.037109 0.072917
1 0.107422 0.498264 0.078125 0.093750
1 0.235352 0.232639 0.017578 0.062500
1 0.567383 0.237847 0.021484 0.065972
1 0.808594 0.420139 0.078125 0.111111
1 0.461914 0.279514 0.033203 0.079861
1 0.255859 0.203125 0.011719 0.059028
1 0.505859 0.277778 0.039062 0.097222
3 0.434570 0.154514 0.041016 0.107639
1 0.374023 0.215278 0.013672 0.062500
0 0.550781 0.125000 0.054688 0.048611
3 0.492188 0.104167 0.031250 0.069444
1 0.074219 0.326389 0.050781 0.076389
1 0.645508 0.185764 0.013672 0.052083
1 0.392578 0.208333 0.015625 0.062500
1 0.371094 0.142361 0.007812 0.041667
1 0.327148 0.230903 0.013672 0.052083
1 0.341797 0.220486 0.015625 0.065972
1 0.311523 0.154514 0.009766 0.045139
0 0.530273 0.210069 0.044922 0.065972
1 0.393555 0.085069 0.005859 0.038194
0 0.324219 0.121528 0.031250 0.048611
0 0.445312 0.088542 0.023438 0.038194
