0 0.165039 0.324653 0.083984 0.156250
1 0.965820 0.486111 0.052734 0.180556
1 0.125977 0.598958 0.056641 0.204861
1 0.502930 0.482639 0.052734 0.173611
1 0.355469 0.328125 0.035156 0.107639
1 0.233398 0.904514 0.087891 0.184028
1 0.264648 0.220486 0.017578 0.065972
0 0.116211 0.225694 0.048828 0.083333
1 0.034180 0.175347 0.013672 0.045139
1 0.208008 0.199653 0.017578 0.065972
1 0.137695 0.144097 0.009766 0.045139
3 0.721680 0.762153 0.470703 0.475694
1 0.196289 0.182292 0.021484 0.065972
0 0.104492 0.149306 0.025391 0.048611
3 0.067383 0.149306 0.041016 0.083333
