1 0.231445 0.899306 0.037109 0.187500
1 0.567383 0.560764 0.029297 0.093750
1 0.288086 0.696181 0.029297 0.142361
1 0.226562 0.375000 0.015625 0.062500
3 0.342773 0.394097 0.064453 0.121528
1 0.190430 0.357639 0.013672 0.048611
1 0.262695 0.399306 0.013672 0.055556
1 0.204102 0.315972 0.013672 0.041667
4 0.458008 0.378472 0.111328 0.104167
1 0.176758 0.272569 0.009766 0.038194
1 0.117188 0.920139 0.058594 0.138889
0 0.277344 0.282986 0.027344 0.052083
1 0.208008 0.265625 0.009766 0.038194
0 0.219727 0.185764 0.013672 0.031250
