1 0.261719 0.907986 0.148438 0.156250
1 0.647461 0.840278 0.126953 0.159722
3 0.555664 0.545139 0.345703 0.312500
1 0.776367 0.932292 0.162109 0.128472
1 0.199219 0.494792 0.070312 0.114583
0 0.507812 0.157986 0.031250 0.045139
1 0.375000 0.215278 0.015625 0.062500
0 0.429688 0.196181 0.039062 0.065972
0 0.432617 0.107639 0.025391 0.034722
1 0.398438 0.213542 0.015625 0.059028
1 0.320312 0.248264 0.015625 0.065972
1 0.350586 0.215278 0.017578 0.076389
1 0.027344 0.453125 0.050781 0.093750
1 0.396484 0.086806 0.011719 0.034722
1 0.355469 0.232639 0.015625 0.062500
1 0.265625 0.220486 0.015625 0.059028
1 0.416016 0.078125 0.003906 0.031250
0 0.322266 0.121528 0.023438 0.041667
1 0.549805 0.112847 0.005859 0.031250
1 0.393555 0.164931 0.009766 0.052083
3 0.489258 0.107639 0.033203 0.062500
0 0.517578 0.109375 0.027344 0.045139
