1 0.220703 0.717014 0.031250 0.128472
3 0.412109 0.373264 0.058594 0.107639
1 0.184570 0.675347 0.033203 0.128472
3 0.607422 0.630208 0.128906 0.260417
1 0.258789 0.310764 0.009766 0.045139
0 0.341797 0.414931 0.042969 0.065972
1 0.188477 0.272569 0.005859 0.045139
1 0.230469 0.914931 0.046875 0.156250
1 0.159180 0.289931 0.005859 0.038194
1 0.181641 0.439236 0.015625 0.065972
1 0.202148 0.260417 0.005859 0.041667
1 0.186523 0.213542 0.005859 0.024306
1 0.206055 0.272569 0.005859 0.038194
1 0.206055 0.215278 0.005859 0.027778
1 0.211914 0.232639 0.005859 0.027778
1 0.157227 0.250000 0.005859 0.034722
0 0.254883 0.260417 0.025391 0.034722
0 0.248047 0.206597 0.015625 0.024306
