3 0.522461 0.295139 0.126953 0.194444
1 0.940430 0.633681 0.111328 0.177083
1 0.647461 0.654514 0.083984 0.170139
0 0.767578 0.437500 0.183594 0.187500
0 0.432617 0.223958 0.048828 0.086806
1 0.364258 0.142361 0.009766 0.048611
1 0.019531 0.390625 0.035156 0.093750
1 0.407227 0.159722 0.013672 0.062500
0 0.400391 0.119792 0.031250 0.052083
1 0.366211 0.211806 0.013672 0.062500
1 0.346680 0.142361 0.009766 0.048611
0 0.624023 0.123264 0.033203 0.038194
1 0.020508 0.501736 0.037109 0.121528
3 0.416016 0.060764 0.023438 0.059028
0 0.500000 0.112847 0.031250 0.038194
0 0.321289 0.121528 0.021484 0.041667
3 0.559570 0.123264 0.064453 0.045139
