1 0.747070 0.701389 0.099609 0.236111
0 0.202148 0.491319 0.138672 0.253472
1 0.909180 0.546875 0.130859 0.177083
0 0.087891 0.206597 0.042969 0.059028
1 0.094727 0.437500 0.041016 0.152778
1 0.089844 0.526042 0.042969 0.156250
1 0.027344 0.461806 0.050781 0.125000
0 0.551758 0.659722 0.244141 0.333333
1 0.235352 0.197917 0.017578 0.069444
1 0.116211 0.232639 0.017578 0.062500
0 0.132812 0.171875 0.042969 0.059028
0 0.081055 0.168403 0.037109 0.052083
1 0.042969 0.192708 0.011719 0.052083
1 0.012695 0.118056 0.005859 0.041667
1 0.028320 0.154514 0.009766 0.031250
1 0.005859 0.197917 0.007812 0.048611
