1 0.172852 0.465278 0.064453 0.097222
1 0.319336 0.289931 0.044922 0.072917
3 0.857422 0.699653 0.285156 0.364583
1 0.407227 0.217014 0.017578 0.059028
1 0.449219 0.201389 0.015625 0.062500
1 0.288086 0.220486 0.013672 0.059028
1 0.609375 0.138889 0.015625 0.048611
3 0.364258 0.175347 0.048828 0.107639
1 0.268555 0.227431 0.013672 0.065972
1 0.307617 0.232639 0.013672 0.062500
1 0.232422 0.220486 0.019531 0.059028
1 0.407227 0.074653 0.005859 0.031250
1 0.384766 0.090278 0.011719 0.034722
0 0.442383 0.109375 0.029297 0.052083
