1 0.588867 0.706597 0.041016 0.177083
3 0.516602 0.156250 0.044922 0.104167
1 0.258789 0.241319 0.017578 0.065972
1 0.290039 0.312500 0.021484 0.090278
1 0.563477 0.140625 0.013672 0.045139
1 0.621094 0.243056 0.019531 0.069444
1 0.605469 0.357639 0.023438 0.090278
1 0.581055 0.279514 0.021484 0.079861
1 0.311523 0.416667 0.029297 0.111111
1 0.672852 0.416667 0.029297 0.111111
1 0.333008 0.251736 0.017578 0.065972
1 0.523438 0.473958 0.027344 0.114583
3 0.413086 0.345486 0.130859 0.288194
1 0.588867 0.218750 0.013672 0.062500
1 0.204102 0.250000 0.017578 0.062500
1 0.387695 0.098958 0.005859 0.038194
1 0.593750 0.493056 0.031250 0.131944
3 0.520508 0.366319 0.052734 0.121528
1 0.565430 0.230903 0.017578 0.065972
1 0.367188 0.166667 0.011719 0.062500
1 0.592773 0.173611 0.013672 0.055556
1 0.516602 0.262153 0.017578 0.065972
1 0.374023 0.126736 0.009766 0.045139
3 0.429688 0.045139 0.039062 0.083333
1 0.405273 0.079861 0.009766 0.034722
0 0.321289 0.119792 0.025391 0.045139
4 0.425781 0.156250 0.042969 0.090278
1 0.391602 0.086806 0.009766 0.041667
4 0.478516 0.057292 0.023438 0.045139
0 0.386719 0.229167 0.054688 0.090278
