0 0.881836 0.468750 0.232422 0.187500
2 0.728516 0.583333 0.078125 0.145833
1 0.275391 0.218750 0.015625 0.062500
1 0.297852 0.335069 0.048828 0.086806
1 0.512695 0.137153 0.009766 0.045139
1 0.547852 0.157986 0.009766 0.052083
1 0.407227 0.258681 0.025391 0.100694
0 0.418945 0.064236 0.013672 0.031250
1 0.557617 0.230903 0.025391 0.079861
1 0.375977 0.126736 0.005859 0.045139
1 0.576172 0.203125 0.015625 0.079861
1 0.659180 0.185764 0.017578 0.045139
1 0.494141 0.104167 0.007812 0.041667
1 0.574219 0.098958 0.007812 0.038194
1 0.403320 0.112847 0.009766 0.038194
0 0.324219 0.125000 0.031250 0.055556
