0 0.594727 0.498264 0.150391 0.149306
1 0.412109 0.375000 0.050781 0.083333
3 0.671875 0.114583 0.089844 0.083333
1 0.292969 0.178819 0.011719 0.045139
0 0.540039 0.251736 0.056641 0.079861
4 0.345703 0.864583 0.246094 0.270833
1 0.222656 0.223958 0.015625 0.059028
1 0.491211 0.201389 0.013672 0.048611
1 0.359375 0.236111 0.015625 0.062500
1 0.438477 0.314236 0.044922 0.065972
1 0.260742 0.218750 0.021484 0.062500
1 0.560547 0.142361 0.011719 0.048611
0 0.028320 0.786458 0.052734 0.211806
0 0.432617 0.140625 0.029297 0.059028
4 0.505859 0.102431 0.058594 0.059028
1 0.431641 0.199653 0.015625 0.059028
1 0.454102 0.203125 0.013672 0.059028
1 0.410156 0.215278 0.015625 0.062500
1 0.379883 0.218750 0.013672 0.062500
3 0.397461 0.105903 0.044922 0.065972
1 0.390625 0.213542 0.015625 0.065972
