1 0.928711 0.836806 0.138672 0.298611
3 0.135742 0.241319 0.103516 0.177083
1 0.102539 0.402778 0.037109 0.138889
1 0.051758 0.369792 0.029297 0.100694
3 0.281250 0.307292 0.109375 0.184028
1 0.516602 0.529514 0.064453 0.163194
1 0.066406 0.451389 0.035156 0.111111
0 0.432617 0.685764 0.337891 0.434028
0 0.204102 0.263889 0.048828 0.083333
1 0.072266 0.293403 0.023438 0.072917
3 0.186523 0.473958 0.119141 0.322917
1 0.025391 0.140625 0.007812 0.038194
1 0.002930 0.196181 0.001953 0.052083
1 0.184570 0.171875 0.009766 0.045139
0 0.054688 0.154514 0.031250 0.052083
1 0.081055 0.368056 0.025391 0.111111
