1 0.637695 0.534722 0.072266 0.125000
1 0.461914 0.699653 0.083984 0.170139
1 0.569336 0.203125 0.013672 0.059028
1 0.429688 0.251736 0.015625 0.072917
1 0.387695 0.232639 0.013672 0.062500
1 0.605469 0.416667 0.027344 0.111111
1 0.283203 0.230903 0.015625 0.052083
1 0.434570 0.159722 0.009766 0.048611
1 0.628906 0.241319 0.015625 0.072917
1 0.297852 0.185764 0.013672 0.045139
4 0.099609 0.473958 0.195312 0.288194
0 0.520508 0.255208 0.056641 0.086806
1 0.377930 0.137153 0.009766 0.045139
1 0.232422 0.250000 0.019531 0.062500
1 0.567383 0.154514 0.009766 0.038194
1 0.530273 0.199653 0.013672 0.059028
1 0.324219 0.154514 0.007812 0.031250
1 0.653320 0.222222 0.013672 0.062500
1 0.174805 0.262153 0.029297 0.065972
0 0.490234 0.098958 0.023438 0.038194
0 0.323242 0.121528 0.033203 0.048611
