1 0.570312 0.467014 0.058594 0.142361
0 0.103516 0.246528 0.058594 0.097222
1 0.119141 0.619792 0.058594 0.218750
1 0.313477 0.250000 0.025391 0.083333
1 0.096680 0.407986 0.037109 0.135417
1 0.438477 0.354167 0.033203 0.118056
1 0.192383 0.387153 0.041016 0.128472
1 0.177734 0.182292 0.019531 0.059028
1 0.063477 0.336806 0.029297 0.104167
1 0.351562 0.338542 0.035156 0.100694
1 0.366211 0.296875 0.033203 0.093750
3 0.086914 0.166667 0.044922 0.090278
1 0.009766 0.310764 0.015625 0.093750
4 0.533203 0.718750 0.363281 0.562500
1 0.228516 0.204861 0.019531 0.062500
1 0.119141 0.138889 0.011719 0.048611
1 0.083008 0.310764 0.025391 0.093750
