1 0.837891 0.467014 0.093750 0.121528
3 0.616211 0.722222 0.392578 0.361111
1 0.639648 0.258681 0.017578 0.072917
0 0.313477 0.199653 0.052734 0.079861
1 0.391602 0.159722 0.013672 0.055556
1 0.253906 0.190972 0.023438 0.069444
1 0.282227 0.196181 0.017578 0.065972
1 0.364258 0.199653 0.013672 0.086806
1 0.441406 0.217014 0.015625 0.059028
1 0.336914 0.140625 0.009766 0.052083
1 0.508789 0.097222 0.009766 0.041667
1 0.657227 0.178819 0.013672 0.045139
1 0.227539 0.211806 0.013672 0.055556
1 0.375977 0.137153 0.009766 0.045139
1 0.372070 0.123264 0.009766 0.045139
0 0.442383 0.180556 0.033203 0.076389
3 0.585938 0.126736 0.035156 0.052083
