1 0.938477 0.515625 0.103516 0.121528
1 0.251953 0.715278 0.042969 0.201389
0 0.404297 0.835069 0.218750 0.295139
1 0.687500 0.392361 0.031250 0.097222
1 0.367188 0.369792 0.019531 0.093750
0 0.518555 0.248264 0.048828 0.093750
1 0.391602 0.293403 0.017578 0.079861
3 0.485352 0.336806 0.064453 0.125000
1 0.373047 0.451389 0.027344 0.111111
1 0.085938 0.402778 0.031250 0.097222
3 0.547852 0.111111 0.091797 0.076389
1 0.559570 0.185764 0.013672 0.059028
4 0.444336 0.494792 0.126953 0.253472
1 0.527344 0.196181 0.015625 0.052083
1 0.054688 0.309028 0.050781 0.055556
1 0.226562 0.307292 0.027344 0.072917
1 0.547852 0.190972 0.013672 0.055556
1 0.648438 0.230903 0.011719 0.065972
1 0.614258 0.227431 0.013672 0.072917
1 0.590820 0.215278 0.017578 0.048611
0 0.418945 0.104167 0.025391 0.041667
