0 0.497070 0.798611 0.333984 0.277778
1 0.183594 0.463542 0.062500 0.107639
0 0.063477 0.545139 0.123047 0.173611
3 0.373047 0.170139 0.054688 0.104167
1 0.229492 0.237847 0.013672 0.065972
1 0.446289 0.197917 0.013672 0.069444
1 0.252930 0.213542 0.017578 0.065972
1 0.424805 0.203125 0.017578 0.072917
1 0.402344 0.215278 0.019531 0.069444
1 0.208008 0.234375 0.017578 0.052083
3 0.295898 0.230903 0.033203 0.079861
1 0.338867 0.199653 0.013672 0.059028
1 0.424805 0.147569 0.009766 0.052083
1 0.276367 0.222222 0.017578 0.069444
1 0.629883 0.123264 0.017578 0.045139
