0 0.615234 0.906250 0.183594 0.187500
1 0.547852 0.776042 0.048828 0.142361
1 0.359375 0.607639 0.031250 0.111111
1 0.847656 0.932292 0.066406 0.128472
1 0.239258 0.541667 0.021484 0.090278
0 0.358398 0.442708 0.056641 0.107639
1 0.120117 0.522569 0.021484 0.093750
0 0.223633 0.390625 0.044922 0.065972
1 0.247070 0.447917 0.017578 0.069444
0 0.301758 0.335069 0.029297 0.045139
1 0.244141 0.314236 0.015625 0.045139
1 0.181641 0.414931 0.015625 0.065972
3 0.278320 0.279514 0.033203 0.079861
0 0.235352 0.255208 0.021484 0.031250
1 0.185547 0.368056 0.011719 0.055556
1 0.195312 0.250000 0.011719 0.034722
1 0.206055 0.309028 0.005859 0.048611
