1 0.243164 0.776042 0.033203 0.156250
3 0.454102 0.623264 0.115234 0.253472
1 0.173828 0.560764 0.027344 0.093750
1 0.260742 0.642361 0.029297 0.131944
1 0.139648 0.432292 0.017578 0.072917
1 0.221680 0.465278 0.021484 0.083333
1 0.241211 0.376736 0.013672 0.072917
3 0.308594 0.321181 0.042969 0.100694
1 0.219727 0.293403 0.009766 0.045139
4 0.250977 0.340278 0.048828 0.076389
1 0.197266 0.310764 0.011719 0.045139
0 0.244141 0.244792 0.023438 0.045139
0 0.661133 0.939236 0.177734 0.114583
3 0.166992 0.269097 0.029297 0.059028
