3 0.320312 0.310764 0.203125 0.170139
1 0.335938 0.463542 0.062500 0.100694
1 0.511719 0.435764 0.066406 0.107639
0 0.645508 0.588542 0.224609 0.163194
1 0.028320 0.496528 0.052734 0.111111
0 0.646484 0.491319 0.199219 0.128472
1 0.500977 0.251736 0.025391 0.065972
1 0.246094 0.217014 0.015625 0.045139
1 0.530273 0.215278 0.013672 0.055556
0 0.433594 0.196181 0.039062 0.065972
1 0.197266 0.251736 0.019531 0.059028
3 0.317383 0.161458 0.060547 0.114583
1 0.541016 0.180556 0.011719 0.048611
1 0.373047 0.164931 0.011719 0.052083
3 0.413086 0.130208 0.044922 0.079861
1 0.392578 0.217014 0.019531 0.065972
1 0.519531 0.180556 0.015625 0.062500
1 0.359375 0.201389 0.015625 0.048611
1 0.488281 0.097222 0.007812 0.034722
1 0.558594 0.097222 0.011719 0.034722
1 0.452148 0.116319 0.009766 0.045139
1 0.528320 0.097222 0.009766 0.034722
4 0.437500 0.149306 0.035156 0.069444
