1 0.182617 0.835069 0.041016 0.163194
1 0.440430 0.890625 0.044922 0.190972
0 0.621094 0.894097 0.175781 0.211806
1 0.375977 0.925347 0.044922 0.135417
1 0.200195 0.467014 0.021484 0.079861
0 0.479492 0.668403 0.103516 0.184028
0 0.421875 0.578125 0.078125 0.142361
1 0.186523 0.388889 0.013672 0.062500
0 0.379883 0.496528 0.060547 0.097222
1 0.184570 0.199653 0.005859 0.031250
4 0.354492 0.413194 0.044922 0.090278
1 0.224609 0.217014 0.007812 0.031250
1 0.262695 0.657986 0.029297 0.177083
1 0.139648 0.720486 0.033203 0.128472
1 0.267578 0.951389 0.046875 0.097222
1 0.206055 0.298611 0.009766 0.055556
1 0.176758 0.284722 0.009766 0.034722
1 0.181641 0.246528 0.007812 0.034722
1 0.213867 0.232639 0.005859 0.027778
4 0.258789 0.243056 0.029297 0.055556
1 0.188477 0.347222 0.013672 0.062500
1 0.134766 0.635417 0.042969 0.152778
1 0.119141 0.555556 0.031250 0.104167
