0 0.745117 0.463542 0.208984 0.184028
1 0.952148 0.473958 0.091797 0.121528
1 0.100586 0.923611 0.154297 0.138889
0 0.854492 0.810764 0.279297 0.281250
3 0.438477 0.159722 0.041016 0.111111
1 0.409180 0.340278 0.041016 0.083333
0 0.500977 0.296875 0.064453 0.100694
1 0.277344 0.199653 0.015625 0.059028
1 0.549805 0.133681 0.009766 0.038194
3 0.375000 0.151042 0.066406 0.114583
1 0.343750 0.213542 0.015625 0.072917
0 0.939453 0.598958 0.121094 0.225694
1 0.917969 0.414931 0.070312 0.100694
1 0.168945 0.289931 0.037109 0.072917
1 0.097656 0.291667 0.046875 0.069444
1 0.322266 0.159722 0.011719 0.041667
1 0.331055 0.196181 0.013672 0.065972
1 0.559570 0.104167 0.009766 0.027778
