3 0.434570 0.546875 0.080078 0.163194
3 0.196289 0.704861 0.099609 0.312500
3 0.533203 0.763889 0.187500 0.236111
3 0.382812 0.468750 0.070312 0.159722
1 0.193359 0.289931 0.007812 0.038194
3 0.266602 0.262153 0.029297 0.059028
1 0.155273 0.289931 0.005859 0.038194
3 0.354492 0.416667 0.056641 0.125000
1 0.198242 0.230903 0.005859 0.024306
1 0.172852 0.279514 0.009766 0.045139
4 0.247070 0.354167 0.048828 0.097222
4 0.290039 0.432292 0.056641 0.135417
3 0.780273 0.935764 0.341797 0.121528
3 0.220703 0.210069 0.015625 0.038194
