1 0.448242 0.623264 0.048828 0.156250
1 0.585938 0.751736 0.042969 0.190972
0 0.715820 0.534722 0.212891 0.243056
0 0.408203 0.352431 0.066406 0.135417
1 0.549805 0.527778 0.029297 0.131944
1 0.596680 0.336806 0.033203 0.090278
0 0.500977 0.279514 0.076172 0.093750
1 0.511719 0.720486 0.042969 0.163194
1 0.500000 0.451389 0.031250 0.111111
1 0.711914 0.274306 0.029297 0.069444
4 0.265625 0.243056 0.085938 0.111111
1 0.543945 0.154514 0.013672 0.045139
1 0.075195 0.345486 0.041016 0.093750
1 0.494141 0.387153 0.023438 0.100694
1 0.372070 0.137153 0.013672 0.045139
1 0.664062 0.375000 0.042969 0.090278
1 0.595703 0.125000 0.019531 0.034722
1 0.641602 0.388889 0.033203 0.076389
1 0.507812 0.095486 0.015625 0.038194
3 0.437500 0.093750 0.031250 0.062500
