1 0.246094 0.753472 0.039062 0.159722
1 0.181641 0.545139 0.019531 0.097222
3 0.686523 0.862847 0.248047 0.274306
1 0.222656 0.401042 0.015625 0.065972
1 0.309570 0.843750 0.037109 0.173611
1 0.157227 0.654514 0.029297 0.121528
0 0.296875 0.421875 0.046875 0.086806
1 0.578125 0.664931 0.031250 0.135417
1 0.136719 0.411458 0.015625 0.065972
3 0.501953 0.718750 0.148438 0.361111
3 0.233398 0.303819 0.041016 0.093750
1 0.157227 0.598958 0.029297 0.100694
3 0.416992 0.579861 0.099609 0.284722
1 0.183594 0.324653 0.011719 0.045139
