0 0.523438 0.578125 0.253906 0.211806
1 0.255859 0.472222 0.062500 0.104167
1 0.831055 0.498264 0.083984 0.107639
1 0.401367 0.404514 0.056641 0.121528
1 0.092773 0.473958 0.072266 0.114583
1 0.333008 0.217014 0.013672 0.065972
1 0.425781 0.282986 0.035156 0.072917
1 0.229492 0.343750 0.052734 0.090278
1 0.360352 0.215278 0.013672 0.062500
1 0.393555 0.213542 0.017578 0.072917
1 0.514648 0.123264 0.005859 0.038194
1 0.543945 0.144097 0.009766 0.038194
1 0.241211 0.243056 0.021484 0.069444
1 0.463867 0.250000 0.025391 0.062500
1 0.595703 0.171875 0.011719 0.052083
1 0.358398 0.126736 0.005859 0.038194
1 0.283203 0.220486 0.015625 0.059028
0 0.430664 0.190972 0.041016 0.069444
1 0.416016 0.081597 0.007812 0.031250
1 0.266602 0.197917 0.013672 0.055556
1 0.394531 0.085069 0.007812 0.038194
1 0.558594 0.187500 0.011719 0.062500
0 0.495117 0.097222 0.017578 0.027778
0 0.323242 0.119792 0.029297 0.052083
0 0.442383 0.161458 0.033203 0.052083
