0 0.532227 0.862847 0.173828 0.267361
1 0.137695 0.559028 0.025391 0.097222
3 0.441406 0.539931 0.109375 0.225694
3 0.367188 0.423611 0.082031 0.145833
1 0.168945 0.498264 0.021484 0.079861
1 0.231445 0.579861 0.025391 0.111111
1 0.174805 0.293403 0.009766 0.038194
1 0.183594 0.218750 0.007812 0.041667
0 0.266602 0.276042 0.025391 0.031250
1 0.186523 0.309028 0.005859 0.041667
1 0.202148 0.289931 0.009766 0.045139
1 0.204102 0.201389 0.005859 0.027778
0 0.425781 0.392361 0.050781 0.062500
1 0.229492 0.288194 0.009766 0.041667
