1 0.375977 0.906250 0.072266 0.173611
0 0.275391 0.260417 0.074219 0.104167
1 0.586914 0.352431 0.048828 0.093750
1 0.027344 0.449653 0.050781 0.107639
1 0.715820 0.539931 0.076172 0.114583
1 0.465820 0.276042 0.025391 0.072917
1 0.617188 0.199653 0.019531 0.065972
1 0.732422 0.451389 0.058594 0.125000
1 0.072266 0.375000 0.042969 0.090278
1 0.568359 0.107639 0.011719 0.034722
1 0.606445 0.125000 0.017578 0.034722
0 0.479492 0.050347 0.021484 0.038194
0 0.417969 0.092014 0.027344 0.045139
0 0.486328 0.104167 0.027344 0.048611
