1 0.281250 0.222222 0.015625 0.062500
0 0.391602 0.180556 0.044922 0.076389
1 0.204102 0.282986 0.017578 0.065972
1 0.356445 0.175347 0.009766 0.059028
0 0.439453 0.156250 0.031250 0.062500
1 0.455078 0.215278 0.015625 0.062500
0 0.590820 0.126736 0.068359 0.059028
1 0.369141 0.138889 0.011719 0.048611
1 0.370117 0.234375 0.013672 0.059028
1 0.432617 0.210069 0.013672 0.059028
1 0.347656 0.250000 0.015625 0.062500
1 0.410156 0.234375 0.011719 0.059028
0 0.497070 0.109375 0.033203 0.045139
1 0.337891 0.190972 0.011719 0.055556
1 0.392578 0.215278 0.011719 0.055556
1 0.208008 0.227431 0.013672 0.059028
3 0.322266 0.159722 0.046875 0.104167
