0 0.421875 0.625000 0.222656 0.180556
0 0.619141 0.480903 0.207031 0.149306
1 0.815430 0.513889 0.087891 0.125000
1 0.848633 0.550347 0.087891 0.121528
1 0.302734 0.222222 0.015625 0.062500
1 0.360352 0.213542 0.013672 0.059028
1 0.252930 0.234375 0.017578 0.059028
1 0.458008 0.204861 0.013672 0.062500
1 0.315430 0.157986 0.013672 0.045139
1 0.399414 0.201389 0.013672 0.062500
3 0.521484 0.151042 0.039062 0.093750
1 0.563477 0.144097 0.013672 0.038194
3 0.806641 0.756944 0.386719 0.326389
1 0.603516 0.121528 0.011719 0.027778
1 0.385742 0.215278 0.017578 0.062500
