1 0.159180 0.822917 0.033203 0.180556
1 0.043945 0.925347 0.048828 0.128472
1 0.191406 0.449653 0.019531 0.072917
1 0.434570 0.446181 0.017578 0.065972
1 0.231445 0.437500 0.017578 0.076389
3 0.655273 0.852431 0.216797 0.295139
4 0.451172 0.743056 0.234375 0.513889
1 0.611328 0.638889 0.031250 0.111111
0 0.258789 0.260417 0.021484 0.034722
1 0.204102 0.234375 0.005859 0.031250
1 0.435547 0.371528 0.011719 0.048611
1 0.177734 0.260417 0.003906 0.041667
0 0.242188 0.215278 0.011719 0.020833
1 0.184570 0.217014 0.005859 0.031250
1 0.195312 0.199653 0.003906 0.031250
3 0.550781 0.625000 0.117188 0.159722
