3 0.444336 0.371528 0.126953 0.201389
0 0.165039 0.387153 0.123047 0.170139
1 0.641602 0.623264 0.037109 0.170139
2 0.255859 0.831597 0.066406 0.218750
1 0.532227 0.699653 0.033203 0.170139
0 0.689453 0.425347 0.136719 0.135417
1 0.455078 0.717014 0.046875 0.170139
1 0.618164 0.218750 0.017578 0.062500
0 0.310547 0.215278 0.046875 0.069444
1 0.534180 0.414931 0.025391 0.100694
1 0.247070 0.220486 0.017578 0.072917
1 0.607422 0.131944 0.019531 0.034722
1 0.320312 0.138889 0.011719 0.048611
1 0.382812 0.173611 0.015625 0.069444
3 0.477539 0.071181 0.025391 0.052083
3 0.388672 0.071181 0.027344 0.065972
0 0.436523 0.067708 0.025391 0.038194
