3 0.561523 0.319444 0.111328 0.159722
1 0.581055 0.473958 0.041016 0.135417
3 0.187500 0.277778 0.109375 0.145833
1 0.835938 0.562500 0.105469 0.159722
1 0.452148 0.463542 0.044922 0.114583
1 0.816406 0.644097 0.097656 0.149306
0 0.428711 0.220486 0.041016 0.072917
3 0.350586 0.218750 0.068359 0.138889
1 0.436523 0.293403 0.041016 0.065972
3 0.309570 0.156250 0.056641 0.111111
1 0.969727 0.637153 0.056641 0.184028
1 0.400391 0.196181 0.011719 0.072917
1 0.657227 0.173611 0.013672 0.048611
0 0.408203 0.085069 0.023438 0.038194
