3 0.327148 0.501736 0.314453 0.281250
1 0.201172 0.425347 0.050781 0.086806
1 0.425781 0.201389 0.015625 0.062500
1 0.514648 0.461806 0.076172 0.104167
1 0.393555 0.203125 0.017578 0.065972
1 0.324219 0.213542 0.015625 0.059028
1 0.346680 0.215278 0.017578 0.062500
1 0.282227 0.218750 0.017578 0.062500
1 0.573242 0.142361 0.009766 0.034722
4 0.346680 0.774306 0.318359 0.326389
1 0.233398 0.230903 0.017578 0.059028
1 0.367188 0.211806 0.015625 0.062500
1 0.394531 0.090278 0.007812 0.034722
1 0.375977 0.081597 0.005859 0.031250
1 0.314453 0.144097 0.011719 0.045139
1 0.558594 0.171875 0.007812 0.031250
1 0.534180 0.118056 0.005859 0.034722
1 0.284180 0.161458 0.009766 0.052083
1 0.256836 0.218750 0.017578 0.062500
1 0.360352 0.081597 0.005859 0.031250
1 0.563477 0.159722 0.009766 0.048611
0 0.500977 0.119792 0.029297 0.052083
1 0.614258 0.137153 0.025391 0.038194
1 0.661133 0.180556 0.017578 0.048611
3 0.427734 0.026042 0.015625 0.031250
