3 0.286133 0.206597 0.072266 0.128472
1 0.567383 0.338542 0.033203 0.093750
1 0.489258 0.342014 0.029297 0.093750
1 0.298828 0.390625 0.035156 0.093750
1 0.439453 0.420139 0.031250 0.111111
3 0.415039 0.062500 0.029297 0.062500
1 0.438477 0.331597 0.025391 0.086806
1 0.411133 0.137153 0.009766 0.045139
4 0.692383 0.586806 0.232422 0.319444
1 0.206055 0.357639 0.025391 0.090278
1 0.382812 0.296875 0.031250 0.079861
1 0.073242 0.373264 0.041016 0.093750
1 0.586914 0.126736 0.017578 0.052083
3 0.353516 0.135417 0.054688 0.097222
1 0.633789 0.123264 0.013672 0.045139
