3 0.325195 0.383681 0.048828 0.128472
3 0.381836 0.357639 0.056641 0.125000
1 0.236328 0.347222 0.011719 0.048611
1 0.174805 0.329861 0.009766 0.048611
1 0.153320 0.394097 0.013672 0.072917
1 0.222656 0.315972 0.011719 0.041667
1 0.166992 0.234375 0.005859 0.045139
1 0.200195 0.262153 0.009766 0.045139
4 0.291992 0.305556 0.037109 0.069444
1 0.204102 0.267361 0.009766 0.041667
1 0.219727 0.326389 0.013672 0.048611
1 0.184570 0.218750 0.005859 0.041667
1 0.200195 0.218750 0.005859 0.034722
1 0.213867 0.217014 0.005859 0.031250
4 0.275391 0.232639 0.019531 0.041667
