1 0.067383 0.562500 0.103516 0.125000
0 0.333008 0.178819 0.037109 0.059028
1 0.319336 0.309028 0.048828 0.076389
1 0.375977 0.119792 0.013672 0.045139
1 0.199219 0.232639 0.019531 0.062500
1 0.279297 0.201389 0.019531 0.062500
1 0.360352 0.215278 0.017578 0.062500
1 0.391602 0.199653 0.017578 0.065972
4 0.543945 0.324653 0.099609 0.163194
1 0.304688 0.250000 0.019531 0.062500
1 0.328125 0.230903 0.015625 0.059028
1 0.349609 0.243056 0.015625 0.062500
1 0.250977 0.220486 0.013672 0.065972
1 0.415039 0.119792 0.013672 0.038194
1 0.380859 0.217014 0.015625 0.059028
1 0.439453 0.213542 0.015625 0.065972
1 0.416992 0.217014 0.017578 0.059028
1 0.414062 0.043403 0.011719 0.045139
1 0.462891 0.211806 0.015625 0.062500
1 0.405273 0.217014 0.017578 0.065972
1 0.417969 0.166667 0.015625 0.048611
2 0.231445 0.223958 0.013672 0.059028
