0 0.583008 0.866319 0.162109 0.253472
1 0.107422 0.824653 0.031250 0.177083
0 0.454102 0.644097 0.095703 0.156250
1 0.283203 0.743056 0.031250 0.166667
0 0.291992 0.562500 0.060547 0.125000
1 0.138672 0.685764 0.035156 0.128472
1 0.343750 0.690972 0.031250 0.118056
1 0.183594 0.253472 0.011719 0.041667
1 0.204102 0.260417 0.005859 0.034722
1 0.199219 0.343750 0.011719 0.048611
1 0.122070 0.435764 0.017578 0.079861
4 0.348633 0.395833 0.060547 0.131944
0 0.253906 0.241319 0.023438 0.038194
4 0.389648 0.484375 0.056641 0.107639
