3 0.492188 0.635417 0.117188 0.270833
0 0.411133 0.885417 0.150391 0.229167
0 0.370117 0.447917 0.060547 0.090278
3 0.625000 0.807292 0.214844 0.378472
1 0.124023 0.532986 0.025391 0.093750
1 0.196289 0.347222 0.009766 0.048611
1 0.114258 0.722222 0.033203 0.138889
1 0.182617 0.217014 0.005859 0.031250
3 0.189453 0.461806 0.042969 0.090278
4 0.293945 0.472222 0.083984 0.152778
1 0.174805 0.309028 0.009766 0.041667
0 0.226562 0.303819 0.031250 0.059028
1 0.186523 0.276042 0.005859 0.038194
0 0.237305 0.211806 0.017578 0.027778
