1 0.512695 0.390625 0.025391 0.100694
1 0.346680 0.291667 0.044922 0.083333
1 0.482422 0.435764 0.027344 0.114583
1 0.529297 0.251736 0.015625 0.072917
1 0.551758 0.177083 0.013672 0.055556
1 0.561523 0.293403 0.017578 0.086806
1 0.431641 0.461806 0.027344 0.118056
1 0.594727 0.376736 0.025391 0.100694
1 0.379883 0.159722 0.013672 0.048611
1 0.065430 0.338542 0.044922 0.079861
1 0.444336 0.210069 0.017578 0.065972
0 0.434570 0.116319 0.025391 0.052083
1 0.525391 0.314236 0.019531 0.086806
1 0.247070 0.251736 0.017578 0.065972
3 0.398438 0.076389 0.027344 0.041667
1 0.356445 0.154514 0.009766 0.038194
1 0.370117 0.123264 0.009766 0.031250
2 0.720703 0.487847 0.027344 0.128472
3 0.710938 0.116319 0.171875 0.100694
