3 0.315430 0.182292 0.056641 0.107639
1 0.574219 0.182292 0.011719 0.052083
1 0.537109 0.432292 0.066406 0.107639
1 0.631836 0.185764 0.017578 0.059028
3 0.391602 0.104167 0.044922 0.083333
1 0.457031 0.220486 0.015625 0.059028
1 0.547852 0.123264 0.009766 0.038194
1 0.239258 0.230903 0.013672 0.059028
0 0.502930 0.112847 0.037109 0.045139
0 0.519531 0.187500 0.039062 0.062500
1 0.641602 0.123264 0.017578 0.052083
0 0.353516 0.159722 0.035156 0.048611
1 0.451172 0.149306 0.015625 0.048611
0 0.419922 0.078125 0.023438 0.045139
