1 0.710938 0.451389 0.078125 0.111111
1 0.271484 0.934028 0.144531 0.131944
1 0.240234 0.232639 0.015625 0.062500
1 0.788086 0.309028 0.033203 0.083333
4 0.757812 0.746528 0.406250 0.347222
3 0.315430 0.180556 0.056641 0.118056
1 0.438477 0.170139 0.013672 0.062500
1 0.537109 0.171875 0.015625 0.052083
1 0.450195 0.230903 0.013672 0.052083
1 0.268555 0.199653 0.013672 0.065972
1 0.517578 0.170139 0.011719 0.048611
0 0.379883 0.185764 0.041016 0.079861
1 0.566406 0.144097 0.011719 0.052083
1 0.556641 0.187500 0.011719 0.062500
3 0.368164 0.116319 0.044922 0.079861
1 0.462891 0.197917 0.011719 0.048611
1 0.422852 0.232639 0.021484 0.062500
1 0.579102 0.105903 0.009766 0.031250
3 0.424805 0.074653 0.025391 0.059028
0 0.476562 0.071181 0.019531 0.031250
