0 0.300781 0.583333 0.078125 0.159722
1 0.098633 0.909722 0.044922 0.173611
1 0.179688 0.293403 0.007812 0.045139
0 0.281250 0.282986 0.027344 0.045139
4 0.399414 0.505208 0.103516 0.204861
1 0.258789 0.343750 0.013672 0.048611
1 0.191406 0.279514 0.007812 0.045139
1 0.212891 0.416667 0.015625 0.076389
1 0.184570 0.241319 0.005859 0.031250
1 0.152344 0.347222 0.011719 0.048611
1 0.315430 0.260417 0.005859 0.027778
0 0.221680 0.230903 0.017578 0.031250
0 0.230469 0.276042 0.023438 0.045139
1 0.204102 0.190972 0.005859 0.020833
1 0.134766 0.399306 0.015625 0.062500
