1 0.758789 0.526042 0.107422 0.170139
1 0.141602 0.899306 0.080078 0.187500
1 0.060547 0.430556 0.031250 0.138889
1 0.085938 0.335069 0.027344 0.093750
1 0.165039 0.437500 0.033203 0.138889
1 0.110352 0.453125 0.044922 0.142361
1 0.095703 0.274306 0.027344 0.076389
1 0.029297 0.123264 0.011719 0.038194
0 0.090820 0.135417 0.021484 0.027778
1 0.002930 0.197917 0.001953 0.055556
1 0.045898 0.185764 0.013672 0.059028
3 0.176758 0.288194 0.095703 0.187500
0 0.063477 0.154514 0.025391 0.031250
1 0.005859 0.140625 0.007812 0.038194
4 0.293945 0.477431 0.236328 0.406250
3 0.250977 0.251736 0.091797 0.135417
