1 0.928711 0.836806 0.138672 0.298611
3 0.134766 0.230903 0.105469 0.197917
1 0.102539 0.402778 0.037109 0.138889
1 0.051758 0.369792 0.029297 0.100694
3 0.280273 0.309028 0.107422 0.187500
1 0.516602 0.529514 0.064453 0.163194
1 0.066406 0.451389 0.035156 0.111111
0 0.430664 0.677083 0.333984 0.437500
0 0.204102 0.263889 0.048828 0.083333
1 0.072266 0.293403 0.023438 0.072917
3 0.183594 0.473958 0.121094 0.329861
1 0.025391 0.140625 0.007812 0.038194
1 0.002930 0.196181 0.001953 0.052083
1 0.184570 0.171875 0.009766 0.045139
0 0.054688 0.152778 0.031250 0.048611
1 0.081055 0.368056 0.025391 0.111111
