0 0.597656 0.871528 0.171875 0.236111
1 0.116211 0.812500 0.037109 0.173611
1 0.200195 0.447917 0.017578 0.069444
1 0.184570 0.835069 0.029297 0.163194
3 0.385742 0.880208 0.146484 0.239583
1 0.175781 0.272569 0.007812 0.031250
3 0.185547 0.336806 0.023438 0.062500
1 0.221680 0.345486 0.009766 0.052083
1 0.251953 0.326389 0.011719 0.048611
1 0.174805 0.383681 0.013672 0.059028
0 0.289062 0.265625 0.019531 0.038194
1 0.229492 0.241319 0.005859 0.031250
1 0.191406 0.232639 0.007812 0.027778
3 0.314453 0.322917 0.046875 0.090278
