1 0.319336 0.909722 0.041016 0.152778
3 0.588867 0.807292 0.205078 0.385417
1 0.233398 0.411458 0.013672 0.065972
1 0.261719 0.274306 0.007812 0.034722
1 0.309570 0.255208 0.005859 0.038194
1 0.184570 0.309028 0.005859 0.041667
1 0.199219 0.336806 0.007812 0.048611
1 0.202148 0.289931 0.005859 0.038194
1 0.198242 0.234375 0.005859 0.031250
1 0.332031 0.277778 0.007812 0.034722
1 0.204102 0.197917 0.005859 0.027778
3 0.166016 0.272569 0.023438 0.038194
4 0.292969 0.335069 0.035156 0.079861
4 0.257812 0.248264 0.023438 0.052083
3 0.246094 0.217014 0.019531 0.038194
