0 0.081055 0.800347 0.158203 0.253472
1 0.617188 0.182292 0.015625 0.052083
1 0.264648 0.236111 0.013672 0.062500
1 0.282227 0.239583 0.013672 0.062500
1 0.304688 0.237847 0.015625 0.065972
4 0.319336 0.187500 0.044922 0.076389
1 0.360352 0.295139 0.017578 0.090278
1 0.435547 0.232639 0.019531 0.076389
1 0.374023 0.130208 0.013672 0.045139
1 0.370117 0.250000 0.025391 0.076389
1 0.590820 0.137153 0.013672 0.038194
1 0.559570 0.144097 0.013672 0.052083
1 0.348633 0.218750 0.013672 0.062500
1 0.397461 0.201389 0.013672 0.062500
1 0.403320 0.104167 0.009766 0.048611
3 0.438477 0.140625 0.037109 0.093750
1 0.235352 0.225694 0.017578 0.076389
1 0.528320 0.119792 0.005859 0.038194
1 0.257812 0.197917 0.011719 0.055556
1 0.433594 0.967014 0.101562 0.059028
1 0.464844 0.217014 0.015625 0.059028
1 0.494141 0.105903 0.011719 0.045139
1 0.209961 0.258681 0.017578 0.059028
1 0.221680 0.201389 0.013672 0.062500
1 0.415039 0.211806 0.013672 0.062500
1 0.367188 0.189236 0.015625 0.059028
