1 0.786133 0.447917 0.068359 0.111111
0 0.144531 0.572917 0.230469 0.159722
1 0.360352 0.328125 0.021484 0.093750
1 0.180664 0.312500 0.033203 0.083333
1 0.375977 0.213542 0.013672 0.052083
3 0.570312 0.532986 0.277344 0.274306
1 0.258789 0.218750 0.013672 0.062500
0 0.524414 0.182292 0.044922 0.059028
1 0.232422 0.218750 0.015625 0.062500
1 0.282227 0.197917 0.013672 0.062500
1 0.373047 0.138889 0.011719 0.048611
1 0.297852 0.184028 0.013672 0.055556
1 0.424805 0.215278 0.013672 0.048611
1 0.391602 0.171875 0.013672 0.059028
1 0.523438 0.213542 0.011719 0.045139
1 0.525391 0.121528 0.007812 0.034722
1 0.399414 0.211806 0.013672 0.048611
1 0.462891 0.201389 0.019531 0.048611
1 0.603516 0.121528 0.011719 0.027778
0 0.416992 0.090278 0.025391 0.041667
0 0.434570 0.173611 0.037109 0.069444
