1 0.668945 0.887153 0.126953 0.184028
1 0.594727 0.732639 0.107422 0.159722
0 0.736328 0.388889 0.167969 0.138889
0 0.679688 0.567708 0.191406 0.156250
1 0.916016 0.779514 0.140625 0.197917
1 0.288086 0.487847 0.064453 0.114583
1 0.938477 0.404514 0.072266 0.107639
1 0.238281 0.932292 0.144531 0.135417
1 0.359375 0.335069 0.046875 0.079861
1 0.354492 0.213542 0.013672 0.059028
1 0.390625 0.213542 0.015625 0.059028
1 0.451172 0.203125 0.015625 0.065972
1 0.417969 0.201389 0.015625 0.062500
1 0.374023 0.164931 0.009766 0.045139
1 0.246094 0.230903 0.019531 0.059028
1 0.393555 0.104167 0.005859 0.034722
1 0.553711 0.137153 0.009766 0.038194
1 0.338867 0.175347 0.009766 0.065972
1 0.277344 0.222222 0.015625 0.062500
1 0.418945 0.135417 0.005859 0.041667
1 0.010742 0.467014 0.017578 0.114583
1 0.434570 0.116319 0.005859 0.045139
1 0.367188 0.098958 0.007812 0.031250
0 0.306641 0.126736 0.035156 0.052083
0 0.501953 0.131944 0.031250 0.055556
0 0.488281 0.100694 0.031250 0.041667
0 0.481445 0.065972 0.017578 0.034722
