0 0.413086 0.859375 0.158203 0.274306
1 0.315430 0.781250 0.056641 0.215278
1 0.607422 0.180556 0.015625 0.055556
1 0.311523 0.180556 0.013672 0.048611
1 0.371094 0.178819 0.011719 0.052083
1 0.628906 0.473958 0.031250 0.128472
1 0.352539 0.199653 0.013672 0.059028
1 0.200195 0.338542 0.033203 0.086806
4 0.052734 0.357639 0.101562 0.201389
0 0.404297 0.263889 0.058594 0.097222
3 0.514648 0.253472 0.064453 0.180556
0 0.559570 0.175347 0.044922 0.059028
1 0.389648 0.097222 0.009766 0.041667
0 0.323242 0.119792 0.025391 0.045139
1 0.410156 0.081597 0.007812 0.038194
1 0.371094 0.123264 0.007812 0.045139
1 0.456055 0.232639 0.013672 0.062500
1 0.411133 0.185764 0.009766 0.059028
0 0.437500 0.128472 0.031250 0.048611
0 0.487305 0.097222 0.033203 0.048611
4 0.419922 0.053819 0.015625 0.031250
