1 0.397461 0.437500 0.060547 0.111111
0 0.136719 0.604167 0.269531 0.215278
1 0.747070 0.447917 0.068359 0.111111
1 0.511719 0.503472 0.070312 0.118056
1 0.264648 0.484375 0.064453 0.093750
1 0.297852 0.213542 0.013672 0.065972
1 0.261719 0.217014 0.015625 0.065972
1 0.547852 0.157986 0.009766 0.038194
1 0.322266 0.217014 0.015625 0.065972
1 0.280273 0.215278 0.013672 0.062500
3 0.367188 0.171875 0.039062 0.121528
1 0.235352 0.213542 0.025391 0.065972
1 0.492188 0.137153 0.007812 0.038194
1 0.395508 0.217014 0.013672 0.065972
3 0.435547 0.184028 0.042969 0.090278
1 0.599609 0.126736 0.011719 0.031250
1 0.657227 0.178819 0.013672 0.045139
0 0.442383 0.081597 0.021484 0.038194
1 0.405273 0.118056 0.005859 0.027778
1 0.411133 0.107639 0.009766 0.034722
3 0.369141 0.078125 0.042969 0.072917
3 0.325195 0.180556 0.044922 0.097222
