0 0.514648 0.447917 0.091797 0.159722
0 0.518555 0.276042 0.056641 0.093750
1 0.561523 0.184028 0.013672 0.055556
1 0.543945 0.137153 0.009766 0.045139
1 0.405273 0.199653 0.017578 0.065972
3 0.311523 0.524306 0.208984 0.319444
0 0.514648 0.107639 0.041016 0.048611
1 0.342773 0.298611 0.017578 0.090278
1 0.340820 0.203125 0.013672 0.065972
1 0.376953 0.348958 0.027344 0.079861
1 0.357422 0.211806 0.015625 0.062500
3 0.387695 0.105903 0.056641 0.093750
0 0.488281 0.090278 0.023438 0.041667
0 0.329102 0.116319 0.033203 0.045139
0 0.419922 0.083333 0.031250 0.041667
