1 0.666016 0.399306 0.042969 0.111111
1 0.666016 0.328125 0.042969 0.121528
1 0.534180 0.369792 0.025391 0.100694
1 0.430664 0.309028 0.021484 0.090278
4 0.318359 0.187500 0.058594 0.104167
1 0.433594 0.175347 0.011719 0.052083
1 0.395508 0.269097 0.017578 0.072917
1 0.573242 0.526042 0.033203 0.121528
1 0.416016 0.140625 0.007812 0.052083
1 0.412109 0.203125 0.011719 0.065972
1 0.395508 0.171875 0.009766 0.052083
1 0.398438 0.093750 0.007812 0.034722
4 0.492188 0.105903 0.046875 0.059028
1 0.561523 0.105903 0.009766 0.045139
1 0.542969 0.105903 0.011719 0.045139
1 0.122070 0.276042 0.025391 0.072917
3 0.357422 0.142361 0.035156 0.062500
0 0.305664 0.126736 0.037109 0.052083
