1 0.932617 0.569444 0.068359 0.159722
1 0.105469 0.345486 0.035156 0.086806
1 0.410156 0.255208 0.015625 0.072917
0 0.370117 0.185764 0.041016 0.065972
1 0.310547 0.234375 0.015625 0.065972
1 0.194336 0.307292 0.029297 0.079861
1 0.280273 0.173611 0.013672 0.041667
1 0.216797 0.258681 0.015625 0.072917
1 0.607422 0.140625 0.011719 0.038194
1 0.473633 0.234375 0.017578 0.059028
1 0.340820 0.217014 0.013672 0.059028
1 0.256836 0.211806 0.013672 0.055556
0 0.441406 0.177083 0.035156 0.076389
1 0.434570 0.248264 0.013672 0.065972
1 0.557617 0.157986 0.009766 0.045139
1 0.454102 0.237847 0.013672 0.065972
1 0.356445 0.215278 0.017578 0.062500
0 0.397461 0.149306 0.033203 0.055556
1 0.335938 0.173611 0.011719 0.048611
1 0.541016 0.118056 0.007812 0.027778
0 0.373047 0.184028 0.042969 0.076389
4 0.391602 0.081597 0.025391 0.045139
1 0.510742 0.098958 0.013672 0.031250
