1 0.642578 0.592014 0.093750 0.142361
3 0.135742 0.430556 0.205078 0.298611
1 0.324219 0.828125 0.078125 0.197917
1 0.702148 0.541667 0.076172 0.131944
1 0.662109 0.404514 0.046875 0.121528
0 0.287109 0.279514 0.066406 0.107639
1 0.943359 0.470486 0.093750 0.128472
0 0.442383 0.248264 0.056641 0.093750
3 0.186523 0.248264 0.126953 0.114583
1 0.926758 0.527778 0.080078 0.138889
1 0.391602 0.203125 0.013672 0.065972
1 0.405273 0.142361 0.009766 0.041667
1 0.287109 0.178819 0.011719 0.045139
1 0.768555 0.295139 0.029297 0.097222
3 0.486328 0.076389 0.027344 0.069444
