0 0.103516 0.527778 0.203125 0.180556
0 0.458984 0.581597 0.207031 0.163194
1 0.262695 0.220486 0.017578 0.065972
1 0.369141 0.217014 0.015625 0.065972
1 0.473633 0.274306 0.041016 0.076389
3 0.848633 0.506944 0.302734 0.284722
1 0.297852 0.260417 0.025391 0.083333
1 0.376953 0.140625 0.011719 0.045139
1 0.345703 0.215278 0.015625 0.069444
1 0.545898 0.121528 0.009766 0.041667
3 0.917969 0.699653 0.152344 0.357639
3 0.076172 0.779514 0.148438 0.295139
1 0.327148 0.220486 0.017578 0.065972
1 0.438477 0.203125 0.013672 0.065972
1 0.417969 0.206597 0.015625 0.072917
1 0.403320 0.123264 0.009766 0.038194
1 0.176758 0.439236 0.060547 0.093750
1 0.567383 0.098958 0.009766 0.038194
1 0.416016 0.078125 0.007812 0.038194
0 0.308594 0.125000 0.039062 0.048611
3 0.394531 0.081597 0.019531 0.038194
3 0.494141 0.097222 0.042969 0.069444
