1 0.875000 0.739583 0.125000 0.194444
1 0.491211 0.906250 0.048828 0.187500
0 0.721680 0.534722 0.244141 0.243056
1 0.387695 0.793403 0.056641 0.190972
1 0.490234 0.696181 0.035156 0.177083
1 0.636719 0.602431 0.070312 0.170139
1 0.441406 0.626736 0.035156 0.156250
1 0.771484 0.310764 0.035156 0.079861
0 0.460938 0.279514 0.078125 0.121528
1 0.331055 0.215278 0.017578 0.069444
1 0.674805 0.387153 0.048828 0.086806
1 0.243164 0.916667 0.091797 0.145833
1 0.346680 0.232639 0.013672 0.062500
1 0.366211 0.217014 0.017578 0.065972
1 0.329102 0.121528 0.009766 0.041667
1 0.205078 0.281250 0.019531 0.062500
1 0.360352 0.130208 0.009766 0.045139
1 0.632812 0.175347 0.015625 0.052083
3 0.400391 0.090278 0.031250 0.076389
1 0.271484 0.154514 0.011719 0.045139
3 0.657227 0.109375 0.107422 0.079861
1 0.545898 0.149306 0.009766 0.048611
3 0.422852 0.196181 0.048828 0.114583
1 0.382812 0.184028 0.015625 0.062500
1 0.438477 0.076389 0.009766 0.048611
0 0.491211 0.104167 0.033203 0.041667
0 0.570312 0.126736 0.062500 0.038194
