1 0.714844 0.847222 0.125000 0.159722
0 0.318359 0.593750 0.218750 0.194444
1 0.514648 0.449653 0.056641 0.114583
1 0.237305 0.508681 0.064453 0.114583
1 0.970703 0.425347 0.058594 0.107639
1 0.842773 0.352431 0.048828 0.093750
1 0.038086 0.501736 0.072266 0.121528
1 0.301758 0.309028 0.041016 0.076389
1 0.393555 0.199653 0.013672 0.065972
1 0.204102 0.368056 0.060547 0.076389
1 0.407227 0.293403 0.041016 0.093750
1 0.456055 0.498264 0.072266 0.107639
3 0.500977 0.126736 0.041016 0.079861
1 0.371094 0.137153 0.011719 0.045139
1 0.251953 0.213542 0.019531 0.065972
1 0.142578 0.942708 0.160156 0.107639
1 0.188477 0.453125 0.060547 0.079861
1 0.691406 0.230903 0.019531 0.065972
1 0.072266 0.875000 0.140625 0.152778
1 0.353516 0.210069 0.015625 0.065972
1 0.309570 0.140625 0.009766 0.045139
1 0.536133 0.137153 0.009766 0.045139
1 0.389648 0.064236 0.005859 0.031250
