0 0.567383 0.473958 0.142578 0.184028
1 0.617188 0.557292 0.085938 0.135417
1 0.395508 0.232639 0.013672 0.062500
1 0.462891 0.293403 0.031250 0.079861
1 0.358398 0.123264 0.005859 0.045139
1 0.321289 0.217014 0.009766 0.059028
1 0.416992 0.184028 0.009766 0.062500
0 0.444336 0.156250 0.037109 0.062500
1 0.387695 0.123264 0.009766 0.045139
1 0.359375 0.253472 0.015625 0.069444
1 0.265625 0.230903 0.015625 0.059028
1 0.341797 0.234375 0.011719 0.065972
1 0.447266 0.204861 0.015625 0.062500
1 0.534180 0.097222 0.009766 0.034722
0 0.378906 0.185764 0.039062 0.065972
1 0.493164 0.098958 0.005859 0.031250
1 0.559570 0.107639 0.009766 0.034722
0 0.322266 0.119792 0.023438 0.045139
1 0.516602 0.324653 0.029297 0.079861
1 0.616211 0.121528 0.013672 0.041667
1 0.369141 0.236111 0.015625 0.076389
1 0.472656 0.119792 0.007812 0.052083
4 0.431641 0.062500 0.019531 0.041667
0 0.402344 0.081597 0.027344 0.038194
