1 0.478516 0.810764 0.125000 0.170139
1 0.899414 0.355903 0.048828 0.121528
3 0.315430 0.168403 0.056641 0.114583
1 0.101562 0.359375 0.050781 0.093750
1 0.542969 0.138889 0.011719 0.048611
1 0.377930 0.250000 0.029297 0.062500
1 0.167969 0.263889 0.027344 0.062500
1 0.272461 0.237847 0.017578 0.059028
1 0.407227 0.243056 0.017578 0.076389
1 0.241211 0.237847 0.017578 0.065972
4 0.379883 0.184028 0.037109 0.076389
1 0.344727 0.232639 0.017578 0.062500
1 0.401367 0.095486 0.009766 0.045139
0 0.429688 0.076389 0.019531 0.048611
1 0.454102 0.230903 0.017578 0.065972
3 0.362305 0.121528 0.041016 0.083333
1 0.424805 0.230903 0.017578 0.072917
1 0.110352 0.310764 0.025391 0.065972
3 0.434570 0.156250 0.037109 0.097222
1 0.250977 0.253472 0.017578 0.069444
