1 0.396484 0.256944 0.019531 0.083333
1 0.313477 0.279514 0.025391 0.065972
3 0.321289 0.157986 0.060547 0.107639
1 0.277344 0.232639 0.015625 0.076389
1 0.213867 0.276042 0.017578 0.072917
1 0.251953 0.251736 0.015625 0.059028
1 0.418945 0.220486 0.017578 0.079861
1 0.256836 0.206597 0.013672 0.059028
3 0.491211 0.118056 0.029297 0.069444
1 0.587891 0.121528 0.015625 0.041667
1 0.451172 0.234375 0.015625 0.086806
1 0.329102 0.246528 0.013672 0.069444
1 0.295898 0.230903 0.013672 0.065972
3 0.379883 0.192708 0.037109 0.086806
1 0.204102 0.262153 0.017578 0.072917
0 0.439453 0.173611 0.035156 0.055556
0 0.438477 0.130208 0.033203 0.045139
