3 0.416016 0.477431 0.214844 0.274306
0 0.223633 0.512153 0.130859 0.281250
1 0.374023 0.692708 0.072266 0.225694
1 0.090820 0.142361 0.005859 0.034722
1 0.092773 0.340278 0.029297 0.104167
1 0.116211 0.156250 0.009766 0.041667
1 0.161133 0.185764 0.013672 0.059028
1 0.225586 0.276042 0.025391 0.072917
1 0.980469 0.387153 0.035156 0.100694
1 0.028320 0.137153 0.005859 0.031250
1 0.066406 0.126736 0.007812 0.031250
1 0.090820 0.236111 0.017578 0.062500
4 0.777344 0.845486 0.425781 0.302083
1 0.327148 0.328125 0.033203 0.100694
1 0.143555 0.159722 0.009766 0.041667
1 0.182617 0.175347 0.009766 0.045139
1 0.005859 0.192708 0.007812 0.045139
0 0.218750 0.236111 0.062500 0.083333
1 0.080078 0.213542 0.019531 0.059028
4 0.170898 0.366319 0.072266 0.163194
