3 0.528320 0.477431 0.205078 0.197917
1 0.280273 0.925347 0.130859 0.142361
1 0.099609 0.505208 0.085938 0.114583
1 0.569336 0.258681 0.025391 0.065972
1 0.622070 0.241319 0.021484 0.065972
1 0.260742 0.282986 0.044922 0.065972
0 0.780273 0.762153 0.396484 0.267361
0 0.431641 0.203125 0.042969 0.072917
1 0.375000 0.329861 0.046875 0.090278
1 0.549805 0.197917 0.013672 0.055556
1 0.294922 0.230903 0.015625 0.052083
4 0.512695 0.170139 0.044922 0.090278
1 0.494141 0.262153 0.027344 0.072917
1 0.313477 0.218750 0.013672 0.062500
0 0.524414 0.234375 0.044922 0.079861
1 0.409180 0.107639 0.005859 0.034722
1 0.456055 0.145833 0.009766 0.041667
0 0.327148 0.175347 0.056641 0.079861
3 0.108398 0.748264 0.212891 0.364583
