1 0.532227 0.371528 0.052734 0.090278
0 0.568359 0.612847 0.250000 0.184028
1 0.043945 0.345486 0.056641 0.086806
1 0.819336 0.456597 0.080078 0.107639
1 0.963867 0.899306 0.060547 0.187500
1 0.273438 0.182292 0.015625 0.052083
1 0.703125 0.281250 0.031250 0.076389
1 0.581055 0.446181 0.056641 0.121528
1 0.479492 0.390625 0.041016 0.093750
0 0.426758 0.425347 0.099609 0.204861
1 0.721680 0.418403 0.068359 0.107639
3 0.507812 0.126736 0.042969 0.086806
1 0.618164 0.493056 0.076172 0.118056
1 0.691406 0.501736 0.070312 0.121528
1 0.622070 0.123264 0.017578 0.045139
1 0.396484 0.234375 0.027344 0.059028
1 0.304688 0.164931 0.011719 0.045139
0 0.410156 0.079861 0.027344 0.048611
1 0.320312 0.128472 0.011719 0.041667
