1 0.109375 0.713542 0.031250 0.135417
3 0.197266 0.520833 0.070312 0.194444
3 0.351562 0.402778 0.058594 0.138889
3 0.219727 0.829861 0.154297 0.333333
3 0.438477 0.822917 0.205078 0.354167
4 0.571289 0.581597 0.123047 0.197917
3 0.299805 0.314236 0.037109 0.065972
0 0.259766 0.387153 0.042969 0.065972
3 0.563477 0.821181 0.181641 0.343750
3 0.421875 0.519097 0.078125 0.142361
1 0.207031 0.310764 0.007812 0.045139
4 0.238281 0.208333 0.019531 0.041667
3 0.477539 0.628472 0.134766 0.145833
1 0.176758 0.220486 0.005859 0.024306
3 0.350586 0.329861 0.056641 0.090278
4 0.209961 0.197917 0.017578 0.027778
3 0.784180 0.934028 0.306641 0.125000
