1 0.472656 0.737847 0.046875 0.177083
0 0.409180 0.500000 0.099609 0.159722
1 0.572266 0.529514 0.031250 0.128472
1 0.584961 0.199653 0.013672 0.065972
1 0.889648 0.378472 0.068359 0.090278
1 0.656250 0.414931 0.031250 0.100694
1 0.400391 0.274306 0.015625 0.076389
1 0.235352 0.260417 0.021484 0.069444
1 0.173828 0.314236 0.031250 0.079861
1 0.543945 0.423611 0.021484 0.111111
1 0.564453 0.250000 0.019531 0.069444
1 0.513672 0.185764 0.011719 0.059028
2 0.605469 0.425347 0.035156 0.114583
1 0.551758 0.156250 0.009766 0.048611
1 0.626953 0.267361 0.019531 0.069444
1 0.515625 0.498264 0.031250 0.121528
1 0.394531 0.154514 0.007812 0.045139
1 0.495117 0.237847 0.017578 0.059028
1 0.600586 0.118056 0.009766 0.041667
1 0.413086 0.081597 0.005859 0.038194
0 0.322266 0.121528 0.023438 0.041667
1 0.499023 0.095486 0.009766 0.031250
