3 0.394531 0.512153 0.316406 0.302083
1 0.951172 0.446181 0.089844 0.100694
1 0.808594 0.326389 0.042969 0.076389
1 0.223633 0.258681 0.021484 0.079861
1 0.679688 0.633681 0.093750 0.142361
1 0.184570 0.276042 0.021484 0.086806
1 0.268555 0.218750 0.013672 0.062500
1 0.291992 0.218750 0.013672 0.062500
1 0.375977 0.213542 0.013672 0.059028
1 0.315430 0.215278 0.013672 0.062500
1 0.138672 0.310764 0.031250 0.079861
1 0.245117 0.230903 0.013672 0.072917
1 0.537109 0.119792 0.011719 0.038194
1 0.354492 0.215278 0.013672 0.055556
3 0.372070 0.151042 0.060547 0.114583
1 0.516602 0.203125 0.017578 0.065972
1 0.399414 0.248264 0.017578 0.079861
1 0.421875 0.199653 0.015625 0.072917
1 0.450195 0.206597 0.013672 0.065972
1 0.558594 0.197917 0.015625 0.062500
1 0.636719 0.119792 0.011719 0.038194
1 0.413086 0.215278 0.013672 0.062500
1 0.344727 0.220486 0.013672 0.059028
1 0.666992 0.574653 0.091797 0.128472
1 0.282227 0.218750 0.013672 0.062500
