3 0.636719 0.371528 0.195312 0.270833
3 0.297852 0.218750 0.134766 0.180556
1 0.526367 0.539931 0.052734 0.128472
1 0.887695 0.654514 0.103516 0.156250
1 0.449219 0.692708 0.042969 0.177083
0 0.392578 0.145833 0.031250 0.062500
1 0.503906 0.798611 0.042969 0.208333
1 0.568359 0.152778 0.011719 0.034722
0 0.569336 0.119792 0.041016 0.045139
1 0.014648 0.406250 0.025391 0.104167
1 0.223633 0.255208 0.017578 0.065972
1 0.385742 0.085069 0.009766 0.038194
1 0.405273 0.081597 0.005859 0.031250
1 0.459961 0.232639 0.021484 0.062500
4 0.426758 0.065972 0.025391 0.041667
0 0.493164 0.112847 0.033203 0.052083
1 0.443359 0.152778 0.015625 0.055556
