1 0.193359 0.465278 0.066406 0.118056
1 0.376953 0.338542 0.042969 0.072917
1 0.525391 0.208333 0.015625 0.069444
3 0.068359 0.546875 0.132812 0.281250
1 0.416992 0.295139 0.041016 0.069444
1 0.252930 0.220486 0.017578 0.065972
1 0.322266 0.220486 0.015625 0.065972
3 0.813477 0.532986 0.373047 0.315972
0 0.371094 0.187500 0.046875 0.076389
1 0.275391 0.223958 0.019531 0.065972
1 0.545898 0.125000 0.009766 0.041667
1 0.528320 0.149306 0.009766 0.041667
1 0.405273 0.190972 0.013672 0.062500
0 0.410156 0.088542 0.027344 0.038194
0 0.448242 0.092014 0.025391 0.038194
0 0.493164 0.104167 0.033203 0.041667
1 0.400391 0.265625 0.042969 0.065972
1 0.360352 0.119792 0.009766 0.045139
1 0.374023 0.118056 0.009766 0.041667
