1 0.352539 0.560764 0.044922 0.156250
1 0.566406 0.593750 0.035156 0.152778
1 0.510742 0.390625 0.021484 0.093750
1 0.559570 0.291667 0.029297 0.083333
1 0.635742 0.340278 0.025391 0.090278
0 0.375000 0.182292 0.046875 0.072917
0 0.322266 0.342014 0.070312 0.121528
1 0.282227 0.265625 0.044922 0.065972
3 0.597656 0.118056 0.085938 0.083333
1 0.237305 0.213542 0.013672 0.059028
1 0.088867 0.321181 0.048828 0.079861
3 0.403320 0.062500 0.025391 0.062500
3 0.497070 0.109375 0.033203 0.086806
1 0.346680 0.135417 0.009766 0.034722
1 0.365234 0.093750 0.011719 0.041667
0 0.434570 0.079861 0.021484 0.041667
3 0.406250 0.074653 0.023438 0.059028
