1 0.349609 0.833333 0.125000 0.173611
1 0.140625 0.576389 0.093750 0.125000
1 0.524414 0.427083 0.068359 0.104167
1 0.210938 0.501736 0.082031 0.121528
1 0.297852 0.392361 0.056641 0.090278
1 0.891602 0.500000 0.087891 0.125000
1 0.109375 0.312500 0.046875 0.062500
1 0.281250 0.218750 0.015625 0.062500
1 0.380859 0.463542 0.070312 0.107639
1 0.315430 0.213542 0.017578 0.065972
1 0.243164 0.232639 0.013672 0.048611
0 0.407227 0.107639 0.025391 0.048611
0 0.424805 0.090278 0.021484 0.041667
1 0.258789 0.378472 0.048828 0.090278
3 0.370117 0.154514 0.048828 0.121528
1 0.636719 0.121528 0.011719 0.034722
1 0.322266 0.154514 0.015625 0.045139
