0 0.588867 0.472222 0.205078 0.173611
0 0.625977 0.864583 0.322266 0.270833
0 0.095703 0.550347 0.187500 0.204861
0 0.483398 0.578125 0.216797 0.177083
1 0.721680 0.430556 0.060547 0.097222
1 0.357422 0.196181 0.015625 0.059028
1 0.150391 0.404514 0.062500 0.079861
1 0.394531 0.232639 0.023438 0.062500
1 0.398438 0.180556 0.011719 0.055556
1 0.313477 0.154514 0.013672 0.045139
1 0.419922 0.220486 0.015625 0.072917
1 0.389648 0.097222 0.005859 0.034722
1 0.449219 0.241319 0.023438 0.072917
1 0.527344 0.125000 0.007812 0.041667
1 0.249023 0.230903 0.017578 0.059028
1 0.545898 0.109375 0.013672 0.031250
3 0.483398 0.067708 0.029297 0.059028
1 0.284180 0.223958 0.013672 0.059028
2 0.268555 0.185764 0.013672 0.059028
3 0.412109 0.081597 0.023438 0.052083
