1 0.557617 0.519097 0.080078 0.142361
1 0.436523 0.796875 0.044922 0.190972
1 0.339844 0.234375 0.015625 0.065972
2 0.166992 0.437500 0.068359 0.111111
1 0.356445 0.137153 0.005859 0.045139
1 0.245117 0.250000 0.017578 0.062500
1 0.458008 0.241319 0.021484 0.059028
1 0.275391 0.237847 0.015625 0.059028
2 0.119141 0.312500 0.039062 0.076389
1 0.368164 0.215278 0.013672 0.055556
1 0.304688 0.206597 0.015625 0.059028
1 0.136719 0.375000 0.031250 0.097222
1 0.415039 0.258681 0.017578 0.065972
1 0.199219 0.282986 0.023438 0.079861
1 0.398438 0.203125 0.011719 0.059028
1 0.416016 0.149306 0.011719 0.048611
3 0.549805 0.130208 0.060547 0.045139
1 0.256836 0.196181 0.013672 0.065972
1 0.619141 0.123264 0.019531 0.038194
1 0.440430 0.220486 0.021484 0.059028
