0 0.570312 0.876736 0.160156 0.246528
1 0.184570 0.564236 0.025391 0.100694
1 0.141602 0.625000 0.025391 0.125000
0 0.280273 0.310764 0.033203 0.052083
1 0.250977 0.565972 0.029297 0.104167
1 0.183594 0.472222 0.019531 0.083333
1 0.188477 0.883681 0.044922 0.190972
1 0.232422 0.394097 0.015625 0.065972
3 0.330078 0.628472 0.089844 0.236111
1 0.186523 0.262153 0.005859 0.045139
1 0.166016 0.404514 0.011719 0.065972
0 0.244141 0.218750 0.015625 0.027778
1 0.197266 0.279514 0.007812 0.045139
1 0.192383 0.201389 0.005859 0.027778
3 0.786133 0.932292 0.314453 0.128472
3 0.325195 0.357639 0.048828 0.111111
3 0.235352 0.201389 0.021484 0.041667
