1 0.676758 0.295139 0.052734 0.076389
0 0.513672 0.265625 0.058594 0.093750
1 0.337891 0.218750 0.015625 0.062500
1 0.390625 0.217014 0.015625 0.065972
1 0.375977 0.274306 0.017578 0.083333
1 0.251953 0.220486 0.019531 0.065972
1 0.444336 0.201389 0.013672 0.062500
3 0.579102 0.112847 0.064453 0.072917
1 0.172852 0.375000 0.060547 0.104167
1 0.368164 0.201389 0.013672 0.048611
2 0.140625 0.296875 0.031250 0.065972
1 0.416016 0.211806 0.015625 0.062500
1 0.378906 0.343750 0.039062 0.076389
1 0.310547 0.123264 0.011719 0.045139
1 0.346680 0.138889 0.013672 0.048611
1 0.498047 0.102431 0.011719 0.038194
1 0.541992 0.144097 0.009766 0.045139
