0 0.601562 0.789931 0.289062 0.225694
1 0.371094 0.529514 0.082031 0.121528
1 0.592773 0.453125 0.080078 0.100694
0 0.419922 0.173611 0.031250 0.062500
1 0.442383 0.218750 0.013672 0.062500
1 0.563477 0.173611 0.009766 0.034722
1 0.360352 0.203125 0.013672 0.059028
1 0.299805 0.192708 0.009766 0.045139
1 0.335938 0.210069 0.011719 0.052083
1 0.572266 0.133681 0.007812 0.038194
1 0.553711 0.137153 0.005859 0.031250
1 0.523438 0.121528 0.007812 0.034722
0 0.493164 0.121528 0.021484 0.041667
1 0.324219 0.173611 0.011719 0.048611
0 0.326172 0.114583 0.027344 0.048611
1 0.353516 0.147569 0.011719 0.045139
0 0.424805 0.055556 0.017578 0.027778
1 0.399414 0.109375 0.013672 0.038194
1 0.414062 0.088542 0.007812 0.031250
0 0.693359 0.133681 0.074219 0.059028
