1 0.409180 0.746528 0.076172 0.187500
1 0.452148 0.449653 0.033203 0.107639
0 0.280273 0.314236 0.091797 0.114583
3 0.258789 0.234375 0.083984 0.163194
3 0.451172 0.305556 0.082031 0.173611
1 0.334961 0.215278 0.013672 0.062500
1 0.193359 0.260417 0.019531 0.062500
1 0.639648 0.211806 0.017578 0.055556
1 0.029297 0.343750 0.054688 0.076389
1 0.589844 0.130208 0.019531 0.045139
1 0.549805 0.118056 0.009766 0.034722
1 0.323242 0.140625 0.009766 0.038194
3 0.371094 0.142361 0.058594 0.138889
1 0.661133 0.125000 0.021484 0.048611
1 0.430664 0.161458 0.013672 0.052083
