1 0.874023 0.675347 0.119141 0.170139
0 0.627930 0.392361 0.146484 0.180556
1 0.953125 0.546875 0.093750 0.135417
1 0.600586 0.901042 0.044922 0.190972
1 0.579102 0.597222 0.037109 0.159722
1 0.748047 0.539931 0.078125 0.135417
3 0.360352 0.633681 0.228516 0.440972
1 0.552734 0.454861 0.039062 0.118056
1 0.492188 0.296875 0.027344 0.079861
2 0.885742 0.401042 0.048828 0.107639
3 0.098633 0.869792 0.193359 0.260417
1 0.505859 0.357639 0.031250 0.097222
1 0.432617 0.298611 0.029297 0.097222
1 0.462891 0.428819 0.027344 0.135417
1 0.533203 0.281250 0.031250 0.083333
1 0.391602 0.123264 0.005859 0.038194
3 0.592773 0.126736 0.076172 0.072917
1 0.430664 0.086806 0.009766 0.034722
1 0.545898 0.109375 0.009766 0.045139
1 0.405273 0.081597 0.005859 0.038194
0 0.497070 0.112847 0.037109 0.052083
