1 0.122070 0.524306 0.091797 0.125000
1 0.713867 0.642361 0.095703 0.138889
3 0.552734 0.107639 0.066406 0.076389
1 0.291992 0.217014 0.017578 0.065972
1 0.244141 0.220486 0.019531 0.065972
1 0.370117 0.232639 0.021484 0.062500
3 0.374023 0.157986 0.044922 0.107639
1 0.416992 0.201389 0.013672 0.062500
1 0.212891 0.232639 0.023438 0.062500
1 0.442383 0.215278 0.013672 0.062500
1 0.400391 0.203125 0.011719 0.059028
4 0.440430 0.175347 0.029297 0.065972
1 0.267578 0.217014 0.019531 0.065972
1 0.415039 0.109375 0.009766 0.045139
3 0.326172 0.157986 0.046875 0.100694
1 0.313477 0.211806 0.013672 0.048611
1 0.503906 0.098958 0.011719 0.045139
1 0.333984 0.208333 0.015625 0.062500
