1 0.374023 0.786458 0.052734 0.190972
0 0.805664 0.526042 0.255859 0.253472
0 0.520508 0.335069 0.083984 0.107639
1 0.488281 0.388889 0.035156 0.097222
1 0.434570 0.296875 0.021484 0.093750
1 0.405273 0.328125 0.025391 0.093750
1 0.478516 0.798611 0.050781 0.208333
1 0.580078 0.883681 0.062500 0.218750
1 0.334961 0.123264 0.009766 0.031250
1 0.221680 0.253472 0.021484 0.069444
1 0.405273 0.079861 0.009766 0.041667
1 0.437500 0.203125 0.015625 0.059028
1 0.374023 0.142361 0.013672 0.048611
1 0.610352 0.123264 0.009766 0.038194
1 0.650391 0.182292 0.011719 0.045139
4 0.433594 0.137153 0.031250 0.072917
1 0.384766 0.086806 0.007812 0.041667
0 0.495117 0.107639 0.037109 0.041667
1 0.358398 0.125000 0.009766 0.041667
3 0.435547 0.105903 0.035156 0.065972
