0 0.337891 0.671875 0.082031 0.156250
1 0.138672 0.637153 0.031250 0.114583
1 0.776367 0.807292 0.064453 0.142361
1 0.185547 0.387153 0.011719 0.059028
1 0.193359 0.255208 0.007812 0.031250
1 0.256836 0.359375 0.013672 0.059028
1 0.173828 0.477431 0.023438 0.086806
0 0.288086 0.310764 0.029297 0.059028
0 0.235352 0.291667 0.025391 0.034722
1 0.329102 0.272569 0.005859 0.038194
0 0.538086 0.788194 0.130859 0.270833
0 0.212891 0.215278 0.015625 0.027778
1 0.175781 0.338542 0.011719 0.045139
1 0.202148 0.300347 0.009766 0.045139
0 0.258789 0.246528 0.025391 0.055556
1 0.512695 0.385417 0.013672 0.055556
