3 0.588867 0.810764 0.205078 0.378472
1 0.166016 0.467014 0.019531 0.079861
3 0.460938 0.456597 0.078125 0.156250
1 0.186523 0.937500 0.048828 0.125000
1 0.272461 0.472222 0.021484 0.076389
1 0.512695 0.423611 0.017578 0.069444
1 0.207031 0.362847 0.015625 0.052083
4 0.370117 0.444444 0.068359 0.138889
1 0.324219 0.369792 0.011719 0.052083
0 0.260742 0.263889 0.021484 0.034722
1 0.239258 0.421875 0.013672 0.065972
1 0.197266 0.322917 0.011719 0.048611
0 0.242188 0.222222 0.011719 0.020833
1 0.204102 0.203125 0.005859 0.031250
3 0.231445 0.194444 0.017578 0.034722
0 0.223633 0.250000 0.021484 0.041667
1 0.204102 0.289931 0.009766 0.038194
1 0.214844 0.288194 0.007812 0.041667
3 0.159180 0.274306 0.037109 0.048611
