1 0.200195 0.359375 0.052734 0.093750
3 0.511719 0.166667 0.050781 0.111111
1 0.921875 0.407986 0.078125 0.100694
3 0.439453 0.140625 0.035156 0.072917
1 0.349609 0.154514 0.011719 0.045139
1 0.264648 0.220486 0.013672 0.059028
3 0.385742 0.126736 0.037109 0.086806
1 0.327148 0.144097 0.005859 0.038194
1 0.585938 0.135417 0.007812 0.034722
2 0.758789 0.366319 0.029297 0.107639
1 0.547852 0.123264 0.013672 0.038194
1 0.655273 0.180556 0.013672 0.048611
1 0.324219 0.331597 0.046875 0.065972
1 0.665039 0.137153 0.013672 0.045139
3 0.429688 0.069444 0.023438 0.062500
