1 0.333008 0.315972 0.021484 0.097222
1 0.040039 0.343750 0.056641 0.083333
0 0.047852 0.493056 0.091797 0.118056
1 0.358398 0.260417 0.017578 0.076389
1 0.595703 0.217014 0.015625 0.065972
1 0.445312 0.256944 0.019531 0.069444
1 0.133789 0.357639 0.037109 0.090278
3 0.651367 0.123264 0.087891 0.086806
3 0.532227 0.107639 0.048828 0.062500
4 0.355469 0.168403 0.050781 0.093750
1 0.396484 0.239583 0.023438 0.062500
1 0.732422 0.381944 0.031250 0.104167
1 0.482422 0.331597 0.027344 0.086806
1 0.249023 0.234375 0.017578 0.059028
1 0.329102 0.253472 0.017578 0.076389
1 0.531250 0.213542 0.011719 0.059028
3 0.431641 0.046875 0.031250 0.052083
1 0.496094 0.262153 0.019531 0.079861
1 0.580078 0.121528 0.019531 0.041667
1 0.426758 0.230903 0.017578 0.065972
0 0.506836 0.175347 0.037109 0.059028
0 0.420898 0.093750 0.025391 0.041667
4 0.500977 0.126736 0.037109 0.059028
3 0.405273 0.065972 0.029297 0.048611
3 0.436523 0.055556 0.025391 0.048611
