0 0.867188 0.569444 0.265625 0.222222
1 0.467773 0.425347 0.060547 0.100694
1 0.952148 0.423611 0.083984 0.104167
1 0.738281 0.423611 0.062500 0.111111
0 0.315430 0.626736 0.248047 0.267361
3 0.515625 0.717014 0.402344 0.392361
1 0.392578 0.203125 0.015625 0.065972
1 0.295898 0.215278 0.017578 0.069444
1 0.252930 0.213542 0.017578 0.065972
1 0.349609 0.215278 0.015625 0.062500
1 0.270508 0.220486 0.017578 0.072917
1 0.506836 0.125000 0.009766 0.041667
1 0.328125 0.192708 0.015625 0.065972
1 0.708008 0.236111 0.021484 0.069444
1 0.377930 0.104167 0.005859 0.041667
3 0.485352 0.081597 0.037109 0.065972
1 0.361328 0.159722 0.011719 0.048611
2 0.138672 0.300347 0.039062 0.079861
