1 0.642578 0.564236 0.078125 0.135417
0 0.532227 0.197917 0.044922 0.055556
0 0.388672 0.157986 0.035156 0.052083
0 0.313477 0.206597 0.052734 0.079861
1 0.143555 0.300347 0.029297 0.079861
1 0.261719 0.199653 0.015625 0.065972
1 0.508789 0.213542 0.013672 0.059028
1 0.278320 0.253472 0.025391 0.069444
1 0.508789 0.118056 0.017578 0.041667
1 0.359375 0.236111 0.015625 0.069444
1 0.280273 0.199653 0.013672 0.065972
1 0.244141 0.203125 0.015625 0.065972
1 0.411133 0.213542 0.017578 0.065972
1 0.449219 0.230903 0.011719 0.059028
1 0.378906 0.199653 0.011719 0.059028
1 0.424805 0.220486 0.013672 0.065972
1 0.389648 0.241319 0.017578 0.072917
1 0.393555 0.097222 0.009766 0.041667
1 0.657227 0.178819 0.013672 0.045139
1 0.334961 0.234375 0.009766 0.065972
0 0.442383 0.178819 0.033203 0.072917
1 0.429688 0.118056 0.011719 0.041667
1 0.416992 0.107639 0.009766 0.041667
3 0.582031 0.126736 0.031250 0.059028
1 0.633789 0.123264 0.021484 0.045139
