1 0.705078 0.795139 0.105469 0.201389
1 0.550781 0.515625 0.050781 0.128472
1 0.699219 0.404514 0.046875 0.121528
1 0.041992 0.407986 0.044922 0.107639
1 0.374023 0.774306 0.056641 0.180556
0 0.355469 0.262153 0.062500 0.107639
1 0.560547 0.312500 0.019531 0.090278
1 0.955078 0.555556 0.082031 0.152778
3 0.236328 0.305556 0.105469 0.159722
0 0.432617 0.178819 0.041016 0.072917
1 0.602539 0.371528 0.021484 0.090278
1 0.434570 0.921875 0.068359 0.142361
1 0.310547 0.166667 0.011719 0.048611
1 0.584961 0.328125 0.021484 0.093750
1 0.659180 0.522569 0.029297 0.121528
1 0.697266 0.236111 0.015625 0.076389
1 0.542969 0.279514 0.019531 0.079861
1 0.358398 0.156250 0.009766 0.041667
1 0.537109 0.435764 0.046875 0.107639
1 0.392578 0.171875 0.015625 0.059028
1 0.278320 0.411458 0.029297 0.114583
1 0.159180 0.317708 0.025391 0.086806
1 0.144531 0.296875 0.023438 0.079861
1 0.577148 0.123264 0.009766 0.031250
1 0.972656 0.505208 0.046875 0.107639
3 0.416992 0.088542 0.033203 0.072917
1 0.468750 0.230903 0.019531 0.072917
