1 0.253906 0.217014 0.015625 0.059028
0 0.431641 0.199653 0.035156 0.065972
1 0.377930 0.138889 0.013672 0.048611
1 0.595703 0.144097 0.011719 0.045139
1 0.528320 0.123264 0.009766 0.045139
1 0.291992 0.230903 0.017578 0.065972
1 0.372070 0.213542 0.017578 0.065972
1 0.397461 0.197917 0.013672 0.055556
1 0.548828 0.137153 0.011719 0.045139
1 0.559570 0.149306 0.013672 0.048611
1 0.409180 0.173611 0.013672 0.055556
1 0.278320 0.152778 0.009766 0.034722
1 0.313477 0.222222 0.017578 0.062500
0 0.320312 0.189236 0.050781 0.079861
0 0.689453 0.133681 0.082031 0.059028
0 0.497070 0.125000 0.029297 0.048611
