1 0.789062 0.595486 0.089844 0.128472
1 0.936523 0.501736 0.091797 0.128472
1 0.838867 0.359375 0.056641 0.093750
1 0.764648 0.428819 0.068359 0.107639
0 0.678711 0.744792 0.353516 0.274306
1 0.547852 0.279514 0.029297 0.079861
1 0.327148 0.274306 0.025391 0.076389
1 0.502930 0.253472 0.025391 0.076389
4 0.098633 0.848958 0.193359 0.302083
1 0.358398 0.105903 0.005859 0.031250
1 0.358398 0.178819 0.009766 0.052083
1 0.569336 0.154514 0.009766 0.045139
1 0.425781 0.206597 0.015625 0.065972
1 0.583008 0.144097 0.009766 0.045139
1 0.266602 0.196181 0.013672 0.052083
3 0.489258 0.098958 0.037109 0.065972
1 0.579102 0.230903 0.017578 0.072917
3 0.311523 0.194444 0.060547 0.118056
1 0.541992 0.118056 0.009766 0.034722
1 0.340820 0.223958 0.013672 0.065972
0 0.498047 0.144097 0.031250 0.052083
1 0.398438 0.208333 0.019531 0.062500
