1 0.775391 0.465278 0.058594 0.131944
1 0.388672 0.407986 0.031250 0.107639
1 0.532227 0.177083 0.013672 0.048611
1 0.252930 0.241319 0.017578 0.059028
1 0.586914 0.182292 0.013672 0.059028
1 0.297852 0.404514 0.025391 0.114583
1 0.358398 0.140625 0.013672 0.045139
1 0.563477 0.173611 0.013672 0.048611
1 0.249023 0.338542 0.029297 0.086806
1 0.862305 0.465278 0.056641 0.118056
1 0.403320 0.090278 0.005859 0.034722
1 0.584961 0.109375 0.009766 0.038194
1 0.535156 0.104167 0.011719 0.041667
1 0.279297 0.190972 0.011719 0.048611
4 0.473633 0.335069 0.072266 0.121528
1 0.672852 0.137153 0.025391 0.045139
1 0.514648 0.111111 0.013672 0.041667
1 0.633789 0.133681 0.021484 0.045139
