0 0.801758 0.579861 0.251953 0.194444
0 0.167969 0.598958 0.246094 0.184028
1 0.295898 0.479167 0.060547 0.104167
1 0.496094 0.515625 0.082031 0.128472
1 0.443359 0.484375 0.066406 0.121528
1 0.138672 0.461806 0.066406 0.097222
1 0.296875 0.218750 0.015625 0.062500
1 0.312500 0.217014 0.015625 0.065972
1 0.767578 0.399306 0.066406 0.111111
1 0.074219 0.690972 0.113281 0.138889
1 0.387695 0.121528 0.009766 0.041667
1 0.360352 0.217014 0.013672 0.072917
1 0.369141 0.144097 0.011719 0.052083
1 0.397461 0.203125 0.017578 0.065972
1 0.231445 0.225694 0.013672 0.069444
1 0.526367 0.138889 0.009766 0.048611
1 0.575195 0.140625 0.009766 0.045139
4 0.434570 0.168403 0.041016 0.100694
1 0.551758 0.149306 0.009766 0.055556
1 0.377930 0.241319 0.017578 0.079861
1 0.284180 0.180556 0.009766 0.048611
1 0.470703 0.119792 0.011719 0.052083
1 0.405273 0.086806 0.013672 0.034722
1 0.370117 0.088542 0.009766 0.038194
1 0.249023 0.232639 0.021484 0.062500
1 0.535156 0.175347 0.015625 0.045139
3 0.326172 0.175347 0.054688 0.086806
