0 0.530273 0.574653 0.251953 0.225694
1 0.660156 0.267361 0.023438 0.076389
1 0.259766 0.218750 0.019531 0.076389
1 0.338867 0.203125 0.013672 0.079861
1 0.553711 0.234375 0.025391 0.072917
1 0.359375 0.210069 0.015625 0.065972
1 0.390625 0.199653 0.015625 0.072917
1 0.230469 0.220486 0.019531 0.072917
1 0.317383 0.142361 0.009766 0.055556
1 0.450195 0.203125 0.013672 0.065972
1 0.977539 0.588542 0.041016 0.135417
1 0.356445 0.123264 0.009766 0.059028
1 0.274414 0.237847 0.017578 0.079861
1 0.416992 0.203125 0.013672 0.072917
1 0.569336 0.144097 0.009766 0.052083
1 0.434570 0.215278 0.013672 0.055556
1 0.308594 0.232639 0.015625 0.062500
1 0.394531 0.178819 0.011719 0.065972
1 0.391602 0.081597 0.005859 0.045139
1 0.398438 0.098958 0.007812 0.038194
0 0.525391 0.119792 0.046875 0.038194
3 0.436523 0.126736 0.037109 0.086806
0 0.440430 0.175347 0.037109 0.059028
0 0.325195 0.119792 0.033203 0.045139
0 0.412109 0.060764 0.019531 0.031250
3 0.488281 0.093750 0.027344 0.062500
1 0.636719 0.128472 0.023438 0.048611
