1 0.092773 0.512153 0.072266 0.114583
3 0.373047 0.161458 0.042969 0.114583
1 0.680664 0.243056 0.029297 0.076389
1 0.502930 0.199653 0.013672 0.052083
1 0.290039 0.220486 0.017578 0.065972
1 0.245117 0.222222 0.013672 0.055556
1 0.153320 0.468750 0.072266 0.104167
1 0.314453 0.218750 0.015625 0.062500
1 0.469727 0.243056 0.029297 0.069444
1 0.572266 0.180556 0.011719 0.048611
0 0.027344 0.560764 0.050781 0.170139
1 0.532227 0.190972 0.013672 0.048611
0 0.438477 0.171875 0.033203 0.065972
1 0.557617 0.161458 0.013672 0.052083
3 0.323242 0.159722 0.048828 0.104167
1 0.329102 0.218750 0.013672 0.062500
1 0.400391 0.086806 0.007812 0.041667
1 0.265625 0.222222 0.015625 0.055556
1 0.403320 0.184028 0.013672 0.062500
1 0.518555 0.166667 0.013672 0.055556
1 0.605469 0.126736 0.019531 0.052083
