1 0.683594 0.545139 0.031250 0.138889
1 0.259766 0.404514 0.031250 0.107639
4 0.416016 0.420139 0.125000 0.208333
1 0.605469 0.414931 0.023438 0.114583
1 0.500977 0.829861 0.048828 0.222222
1 0.918945 0.388889 0.068359 0.097222
1 0.602539 0.184028 0.013672 0.055556
1 0.635742 0.456597 0.029297 0.121528
1 0.545898 0.175347 0.013672 0.052083
1 0.179688 0.309028 0.027344 0.076389
3 0.493164 0.098958 0.029297 0.059028
1 0.388672 0.112847 0.011719 0.052083
1 0.564453 0.105903 0.011719 0.038194
2 0.516602 0.548611 0.033203 0.131944
1 0.535156 0.345486 0.023438 0.086806
1 0.343750 0.118056 0.011719 0.048611
1 0.600586 0.123264 0.017578 0.031250
1 0.627930 0.133681 0.017578 0.045139
