3 0.321289 0.310764 0.130859 0.204861
1 0.630859 0.560764 0.085938 0.190972
1 0.155273 0.559028 0.052734 0.194444
1 0.105469 0.430556 0.035156 0.145833
1 0.811523 0.838542 0.130859 0.295139
0 0.204102 0.359375 0.099609 0.163194
1 0.508789 0.480903 0.076172 0.149306
1 0.223633 0.821181 0.076172 0.246528
0 0.398438 0.784722 0.253906 0.430556
0 0.104492 0.206597 0.044922 0.065972
1 0.958008 0.397569 0.076172 0.135417
1 0.040039 0.184028 0.009766 0.048611
1 0.439453 0.414931 0.042969 0.142361
1 0.208008 0.930556 0.095703 0.131944
1 0.069336 0.170139 0.009766 0.048611
1 0.472656 0.390625 0.046875 0.128472
1 0.049805 0.142361 0.005859 0.034722
1 0.149414 0.159722 0.013672 0.048611
1 0.067383 0.222222 0.013672 0.062500
1 0.028320 0.142361 0.005859 0.034722
1 0.050781 0.248264 0.015625 0.059028
1 0.005859 0.196181 0.007812 0.045139
1 0.114258 0.156250 0.037109 0.048611
1 0.258789 0.211806 0.017578 0.062500
1 0.127930 0.170139 0.017578 0.048611
