3 0.161133 0.289931 0.150391 0.170139
0 0.674805 0.491319 0.173828 0.197917
1 0.674805 0.717014 0.041016 0.190972
1 0.837891 0.493056 0.074219 0.125000
1 0.540039 0.715278 0.037109 0.187500
1 0.493164 0.616319 0.033203 0.142361
1 0.587891 0.203125 0.019531 0.065972
1 0.238281 0.230903 0.015625 0.059028
1 0.444336 0.201389 0.017578 0.062500
0 0.385742 0.232639 0.044922 0.090278
1 0.665039 0.218750 0.021484 0.062500
1 0.432617 0.154514 0.009766 0.045139
1 0.497070 0.409722 0.025391 0.104167
3 0.441406 0.088542 0.023438 0.065972
1 0.324219 0.166667 0.011719 0.048611
1 0.013672 0.354167 0.023438 0.083333
