1 0.886719 0.498264 0.085938 0.142361
1 0.490234 0.277778 0.019531 0.083333
1 0.592773 0.347222 0.037109 0.104167
1 0.525391 0.309028 0.031250 0.090278
1 0.454102 0.289931 0.025391 0.086806
1 0.253906 0.232639 0.015625 0.062500
1 0.304688 0.232639 0.019531 0.062500
1 0.222656 0.251736 0.015625 0.065972
1 0.398438 0.180556 0.011719 0.083333
1 0.375977 0.262153 0.017578 0.107639
1 0.104492 0.309028 0.056641 0.062500
1 0.431641 0.154514 0.011719 0.045139
1 0.448242 0.232639 0.017578 0.076389
0 0.391602 0.078125 0.017578 0.031250
0 0.438477 0.081597 0.029297 0.045139
1 0.243164 0.199653 0.013672 0.059028
1 0.581055 0.121528 0.013672 0.034722
4 0.505859 0.137153 0.046875 0.079861
3 0.523438 0.090278 0.046875 0.076389
