0 0.680000 0.352222 0.032500 0.033333
0 0.699375 0.552222 0.071250 0.100000
0 0.338125 0.337778 0.028750 0.040000
0 0.213125 0.292222 0.018750 0.024444
3 0.050625 0.602222 0.096250 0.213333
1 0.052500 0.442222 0.015000 0.071111
1 0.120000 0.376667 0.015000 0.060000
1 0.141875 0.328889 0.011250 0.040000
1 0.349375 0.530000 0.036250 0.100000
1 0.150625 0.288889 0.006250 0.031111
1 0.171250 0.286667 0.005000 0.026667
1 0.230625 0.298889 0.006250 0.028889
1 0.234375 0.306667 0.006250 0.026667
1 0.753750 0.407778 0.012500 0.051111
1 0.798750 0.421111 0.010000 0.055556
1 0.811250 0.417778 0.010000 0.048889
1 0.853125 0.416667 0.011250 0.051111
1 0.808125 0.378889 0.003750 0.037778
1 0.818750 0.370000 0.007500 0.033333
0 0.077500 0.360000 0.037500 0.053333
0 0.024375 0.405556 0.046250 0.068889
0 0.475625 0.326667 0.053750 0.035556
1 0.408125 0.313333 0.018750 0.031111
0 0.956250 0.474444 0.045000 0.064444
0 0.911250 0.445556 0.055000 0.064444
1 0.783750 0.338889 0.007500 0.024444
1 0.803125 0.343333 0.006250 0.028889
0 0.862500 0.384444 0.027500 0.035556
