0 0.658750 0.660000 0.102500 0.195556
0 0.620000 0.222222 0.037500 0.057778
0 0.555625 0.103333 0.021250 0.037778
0 0.646250 0.075556 0.015000 0.026667
1 0.795000 0.803333 0.047500 0.193333
1 0.791250 0.441111 0.025000 0.104444
1 0.226250 0.700000 0.042500 0.155556
1 0.391250 0.205556 0.015000 0.051111
1 0.431875 0.324444 0.018750 0.080000
1 0.485000 0.106667 0.005000 0.031111
1 0.490625 0.113333 0.006250 0.031111
1 0.509375 0.095556 0.006250 0.026667
1 0.497500 0.173333 0.010000 0.044444
1 0.686250 0.208889 0.012500 0.048889
1 0.747500 0.282222 0.022500 0.062222
1 0.724375 0.223333 0.013750 0.051111
1 0.664375 0.151111 0.008750 0.035556
1 0.643750 0.105556 0.005000 0.024444
1 0.636875 0.093333 0.006250 0.026667
