1 0.290625 0.530000 0.026250 0.126667
1 0.215000 0.588889 0.032500 0.128889
1 0.165625 0.515556 0.026250 0.115556
1 0.140625 0.311111 0.013750 0.057778
1 0.159375 0.310000 0.018750 0.060000
1 0.220000 0.260000 0.010000 0.057778
1 0.242500 0.248889 0.012500 0.048889
1 0.208125 0.226667 0.008750 0.035556
1 0.233750 0.190000 0.010000 0.033333
1 0.868750 0.525556 0.035000 0.113333
1 0.788125 0.518889 0.031250 0.108889
1 0.798125 0.276667 0.028750 0.042222
1 0.682500 0.272222 0.012500 0.046667
1 0.656875 0.228889 0.013750 0.040000
0 0.973750 0.397778 0.052500 0.088889
1 0.587500 0.211111 0.010000 0.035556
1 0.577500 0.197778 0.010000 0.031111
1 0.592500 0.171111 0.010000 0.026667
1 0.571250 0.145556 0.007500 0.020000
1 0.551250 0.160000 0.007500 0.026667
1 0.470000 0.178889 0.015000 0.028889
3 0.436875 0.150000 0.071250 0.060000
1 0.325000 0.242222 0.015000 0.044444
0 0.043750 0.468889 0.077500 0.128889
1 0.086250 0.386667 0.025000 0.084444
