3 0.365000 0.442222 0.125000 0.226667
4 0.479375 0.128889 0.033750 0.062222
3 0.609375 0.126667 0.061250 0.106667
1 0.456250 0.521111 0.032500 0.140000
1 0.511250 0.601111 0.032500 0.148889
1 0.625625 0.661111 0.031250 0.153333
1 0.557500 0.528889 0.027500 0.137778
1 0.535625 0.441111 0.023750 0.117778
1 0.583750 0.435556 0.020000 0.106667
1 0.601875 0.365556 0.021250 0.100000
1 0.480000 0.276667 0.015000 0.082222
1 0.527500 0.272222 0.017500 0.073333
1 0.548125 0.230000 0.011250 0.068889
1 0.582500 0.228889 0.017500 0.071111
1 0.539375 0.162222 0.011250 0.057778
1 0.536875 0.116667 0.008750 0.042222
1 0.526875 0.100000 0.008750 0.040000
1 0.500000 0.100000 0.010000 0.048889
1 0.515000 0.081111 0.010000 0.042222
1 0.536875 0.080000 0.008750 0.040000
1 0.562500 0.096667 0.007500 0.037778
1 0.615625 0.196667 0.008750 0.042222
1 0.863125 0.252222 0.033750 0.068889
