0 0.673125 0.531111 0.076250 0.097778
1 0.578125 0.438889 0.021250 0.068889
1 0.460000 0.410000 0.020000 0.060000
1 0.366250 0.362222 0.015000 0.048889
1 0.356875 0.350000 0.013750 0.042222
1 0.291250 0.332222 0.012500 0.037778
1 0.162500 0.307778 0.007500 0.037778
1 0.208125 0.282222 0.006250 0.026667
1 0.218125 0.276667 0.006250 0.024444
0 0.208750 0.251111 0.010000 0.022222
1 0.176875 0.260000 0.006250 0.022222
0 0.077500 0.361111 0.035000 0.060000
1 0.155000 0.626667 0.040000 0.137778
1 0.218750 0.250000 0.005000 0.020000
1 0.935000 0.471111 0.020000 0.062222
1 0.850625 0.440000 0.018750 0.062222
1 0.816875 0.365556 0.011250 0.037778
1 0.796250 0.357778 0.010000 0.031111
1 0.732500 0.341111 0.007500 0.028889
0 0.023750 0.405556 0.045000 0.060000
0 0.475000 0.326667 0.055000 0.035556
0 0.911875 0.442222 0.051250 0.057778
0 0.862500 0.383333 0.030000 0.037778
