0 0.478750 0.473333 0.085000 0.168889
1 0.388125 0.378889 0.023750 0.100000
1 0.379375 0.314444 0.023750 0.082222
4 0.325625 0.312222 0.041250 0.113333
1 0.480000 0.247778 0.012500 0.060000
1 0.477500 0.197778 0.012500 0.053333
2 0.409375 0.235556 0.011250 0.057778
1 0.462500 0.162222 0.010000 0.040000
3 0.564375 0.073333 0.018750 0.040000
0 0.543125 0.070000 0.013750 0.024444
1 0.721250 0.263333 0.015000 0.060000
1 0.770625 0.316667 0.018750 0.073333
1 0.674375 0.161111 0.008750 0.037778
1 0.686250 0.147778 0.007500 0.037778
1 0.648750 0.134444 0.007500 0.033333
1 0.645625 0.118889 0.006250 0.028889
1 0.655625 0.110000 0.006250 0.028889
1 0.649375 0.093333 0.006250 0.026667
1 0.630625 0.100000 0.003750 0.022222
1 0.623750 0.076667 0.005000 0.020000
