1 0.459375 0.844444 0.073750 0.266667
1 0.705625 0.826667 0.076250 0.293333
1 0.534375 0.552222 0.046250 0.171111
1 0.617500 0.316667 0.025000 0.077778
1 0.511875 0.305556 0.023750 0.077778
1 0.536250 0.275556 0.015000 0.066667
1 0.551250 0.252222 0.015000 0.055556
1 0.577500 0.255556 0.012500 0.053333
1 0.585000 0.246667 0.012500 0.053333
1 0.567500 0.218889 0.010000 0.042222
1 0.521875 0.252222 0.016250 0.055556
1 0.591875 0.213333 0.011250 0.048889
1 0.576875 0.207778 0.008750 0.037778
0 0.619375 0.175556 0.016250 0.026667
1 0.398750 0.288889 0.042500 0.062222
1 0.903750 0.427778 0.070000 0.122222
