3 0.602500 0.460000 0.075000 0.217778
1 0.711875 0.415556 0.056250 0.120000
1 0.456250 0.328889 0.025000 0.080000
3 0.526875 0.272222 0.031250 0.068889
1 0.483125 0.278889 0.016250 0.060000
1 0.555000 0.250000 0.010000 0.051111
1 0.563750 0.232222 0.010000 0.042222
0 0.617500 0.221111 0.062500 0.042222
1 0.513125 0.248889 0.011250 0.048889
1 0.539375 0.237778 0.011250 0.040000
1 0.551875 0.208889 0.011250 0.040000
1 0.568125 0.205556 0.011250 0.037778
1 0.581875 0.190000 0.008750 0.028889
1 0.598125 0.187778 0.013750 0.024444
1 0.617500 0.170000 0.007500 0.024444
1 0.635000 0.172222 0.007500 0.024444
1 0.438125 0.801111 0.063750 0.260000
1 0.610000 0.632222 0.050000 0.202222
1 0.708750 0.628889 0.050000 0.191111
1 0.810000 0.801111 0.080000 0.268889
