4 0.447266 0.329861 0.074219 0.069444
0 0.536133 0.315972 0.072266 0.055556
3 0.448242 0.234375 0.025391 0.065972
3 0.492188 0.236111 0.023438 0.062500
1 0.368164 0.355903 0.044922 0.065972
1 0.372070 0.289931 0.009766 0.045139
1 0.491211 0.295139 0.013672 0.048611
1 0.634766 0.295139 0.011719 0.048611
1 0.698242 0.352431 0.041016 0.065972
1 0.683594 0.295139 0.015625 0.048611
1 0.121094 0.352431 0.046875 0.065972
1 0.370117 0.234375 0.009766 0.031250
1 0.412109 0.274306 0.011719 0.041667
1 0.422852 0.282986 0.005859 0.038194
1 0.399414 0.284722 0.013672 0.041667
1 0.424805 0.265625 0.005859 0.031250
1 0.060547 0.315972 0.042969 0.062500
0 0.810547 0.300347 0.105469 0.059028
