0 0.676875 0.675556 0.108750 0.200000
1 0.752500 0.446667 0.022500 0.093333
1 0.633750 0.260000 0.012500 0.048889
1 0.687500 0.245556 0.020000 0.037778
1 0.724375 0.247778 0.021250 0.037778
1 0.815625 0.277778 0.026250 0.040000
1 0.604375 0.241111 0.008750 0.042222
1 0.610625 0.217778 0.013750 0.031111
1 0.530000 0.241111 0.010000 0.042222
1 0.553125 0.197778 0.011250 0.031111
1 0.576875 0.171111 0.008750 0.026667
0 0.528750 0.166667 0.012500 0.022222
0 0.550000 0.142222 0.017500 0.022222
1 0.561875 0.151111 0.006250 0.017778
1 0.509375 0.188889 0.013750 0.031111
3 0.491250 0.130000 0.012500 0.033333
1 0.440625 0.177778 0.011250 0.026667
1 0.450625 0.170000 0.011250 0.024444
1 0.272500 0.170000 0.007500 0.028889
1 0.216250 0.405556 0.025000 0.091111
1 0.174375 0.278889 0.018750 0.051111
1 0.216875 0.250000 0.011250 0.046667
3 0.119375 0.527778 0.063750 0.131111
0 0.042500 0.470000 0.077500 0.126667
1 0.171875 0.550000 0.036250 0.140000
1 0.156250 0.727778 0.047500 0.171111
3 0.278125 0.392222 0.066250 0.206667
0 0.310000 0.300000 0.037500 0.057778
1 0.306875 0.256667 0.021250 0.042222
0 0.505000 0.287778 0.035000 0.051111
4 0.579375 0.300000 0.041250 0.080000
1 0.857500 0.808889 0.050000 0.168889
1 0.915625 0.776667 0.048750 0.166667
1 0.869375 0.327778 0.038750 0.068889
