1 0.693359 0.734375 0.050781 0.218750
1 0.732422 0.850694 0.054688 0.250000
1 0.741211 0.430556 0.033203 0.125000
1 0.819336 0.381944 0.029297 0.111111
1 0.769531 0.204861 0.011719 0.062500
1 0.848633 0.190972 0.013672 0.055556
1 0.867188 0.164931 0.015625 0.045139
1 0.848633 0.149306 0.009766 0.041667
1 0.826172 0.131944 0.011719 0.041667
1 0.846680 0.121528 0.009766 0.041667
1 0.208984 0.453125 0.054688 0.100694
1 0.141602 0.348958 0.021484 0.065972
1 0.152344 0.307292 0.015625 0.065972
1 0.121094 0.317708 0.015625 0.052083
1 0.121094 0.282986 0.015625 0.052083
1 0.049805 0.451389 0.037109 0.097222
1 0.669922 0.237847 0.015625 0.065972
