0 0.820000 0.338889 0.075000 0.100000
3 0.651250 0.300000 0.082500 0.160000
3 0.568750 0.118889 0.020000 0.060000
3 0.586875 0.100000 0.018750 0.048889
0 0.550625 0.110000 0.021250 0.028889
3 0.306875 0.186667 0.056250 0.102222
3 0.444375 0.146667 0.031250 0.075556
3 0.406875 0.082222 0.021250 0.035556
1 0.128125 0.258889 0.013750 0.060000
1 0.140625 0.290000 0.016250 0.060000
1 0.144375 0.278889 0.028750 0.051111
1 0.122500 0.301111 0.027500 0.055556
1 0.103750 0.330000 0.022500 0.060000
1 0.084375 0.365556 0.041250 0.068889
1 0.038750 0.381111 0.037500 0.077778
1 0.045625 0.300000 0.011250 0.057778
1 0.073125 0.280000 0.013750 0.057778
1 0.093125 0.298889 0.016250 0.060000
1 0.082500 0.291111 0.010000 0.057778
1 0.216875 0.188889 0.011250 0.040000
1 0.242500 0.168889 0.007500 0.040000
1 0.876875 0.212222 0.011250 0.042222
1 0.814375 0.211111 0.011250 0.048889
4 0.845000 0.205556 0.035000 0.064444
1 0.658125 0.081111 0.006250 0.020000
1 0.683750 0.088889 0.007500 0.022222
3 0.634375 0.077778 0.013750 0.026667
3 0.566875 0.077778 0.016250 0.031111
