3 0.880000 0.385556 0.232500 0.260000
1 0.842500 0.673333 0.065000 0.151111
1 0.658750 0.398889 0.050000 0.104444
1 0.675625 0.431111 0.048750 0.102222
1 0.514375 0.754444 0.096250 0.162222
1 0.475000 0.704444 0.100000 0.160000
1 0.236250 0.624444 0.097500 0.146667
1 0.225625 0.405556 0.066250 0.113333
1 0.168125 0.343333 0.031250 0.100000
1 0.131875 0.317778 0.033750 0.093333
1 0.105000 0.354444 0.035000 0.108889
1 0.107500 0.327778 0.027500 0.095556
1 0.046875 0.434444 0.038750 0.117778
1 0.060000 0.374444 0.035000 0.100000
1 0.041250 0.340000 0.027500 0.102222
1 0.013125 0.315556 0.023750 0.088889
3 0.636250 0.514444 0.152500 0.171111
