0 0.716875 0.466667 0.088750 0.142222
0 0.536875 0.210000 0.036250 0.073333
0 0.421875 0.321111 0.063750 0.108889
1 0.027500 0.853333 0.050000 0.226667
1 0.202500 0.468889 0.032500 0.115556
1 0.295000 0.424444 0.022500 0.120000
1 0.297500 0.345556 0.017500 0.073333
1 0.338750 0.345556 0.020000 0.082222
1 0.492500 0.133333 0.010000 0.044444
1 0.548750 0.157778 0.010000 0.035556
1 0.532500 0.101111 0.005000 0.028889
1 0.855000 0.574444 0.037500 0.140000
1 0.833750 0.438889 0.030000 0.104444
1 0.820625 0.374444 0.023750 0.077778
1 0.721875 0.306667 0.016250 0.071111
1 0.731250 0.288889 0.015000 0.062222
1 0.741250 0.257778 0.017500 0.062222
1 0.679375 0.254444 0.018750 0.060000
1 0.711875 0.237778 0.013750 0.053333
1 0.698750 0.200000 0.010000 0.044444
1 0.670625 0.192222 0.008750 0.042222
1 0.656250 0.144444 0.007500 0.035556
1 0.648750 0.102222 0.005000 0.026667
1 0.639375 0.081111 0.003750 0.015556
