0 0.558750 0.167778 0.017500 0.020000
0 0.586875 0.223333 0.056250 0.046667
3 0.519375 0.173333 0.016250 0.044444
0 0.715000 0.232222 0.047500 0.046667
1 0.636875 0.223333 0.016250 0.037778
1 0.787500 0.404444 0.022500 0.080000
4 0.546875 0.142222 0.013750 0.026667
1 0.435000 0.254444 0.015000 0.046667
1 0.399375 0.235556 0.018750 0.044444
1 0.352500 0.264444 0.020000 0.053333
1 0.338125 0.246667 0.016250 0.053333
1 0.236875 0.204444 0.008750 0.035556
1 0.258125 0.183333 0.008750 0.033333
0 0.259375 0.306667 0.043750 0.084444
4 0.306875 0.387778 0.066250 0.135556
4 0.218125 0.633333 0.118750 0.257778
4 0.067500 0.405556 0.065000 0.108889
1 0.121250 0.596667 0.037500 0.140000
1 0.444375 0.616667 0.043750 0.148889
0 0.728750 0.514444 0.070000 0.113333
4 0.656875 0.366667 0.066250 0.124444
