1 0.122500 0.801111 0.047500 0.215556
1 0.750000 0.465556 0.020000 0.104444
1 0.826250 0.431111 0.020000 0.093333
0 0.698125 0.406667 0.133750 0.128889
1 0.656875 0.311111 0.038750 0.057778
1 0.668125 0.328889 0.041250 0.071111
3 0.603750 0.291111 0.055000 0.057778
1 0.670625 0.290000 0.013750 0.060000
1 0.681875 0.275556 0.013750 0.053333
1 0.656250 0.232222 0.010000 0.037778
1 0.452500 0.200000 0.012500 0.031111
1 0.548750 0.201111 0.012500 0.037778
1 0.567500 0.180000 0.007500 0.026667
1 0.560000 0.170000 0.005000 0.020000
1 0.231250 0.350000 0.015000 0.077778
1 0.237500 0.240000 0.015000 0.040000
1 0.215000 0.231111 0.010000 0.040000
1 0.260000 0.178889 0.007500 0.028889
0 0.044375 0.467778 0.076250 0.117778
