1 0.486875 0.435556 0.068750 0.093333
1 0.411875 0.572222 0.046250 0.140000
1 0.465625 0.682222 0.071250 0.164444
1 0.318750 0.624444 0.045000 0.151111
1 0.310000 0.536667 0.070000 0.100000
1 0.146250 0.353333 0.027500 0.093333
1 0.130000 0.312222 0.020000 0.077778
1 0.095000 0.355556 0.027500 0.102222
1 0.072500 0.347778 0.027500 0.126667
1 0.050000 0.355556 0.027500 0.102222
1 0.040000 0.395556 0.032500 0.106667
1 0.072500 0.890000 0.115000 0.166667
1 0.178125 0.192222 0.026250 0.060000
1 0.045000 0.140000 0.015000 0.048889
1 0.785000 0.291111 0.047500 0.080000
1 0.820625 0.311111 0.048750 0.084444
1 0.875000 0.364444 0.050000 0.106667
1 0.966875 0.282222 0.038750 0.075556
1 0.982500 0.382222 0.035000 0.102222
