1 0.840000 0.391111 0.012500 0.044444
1 0.821250 0.368889 0.007500 0.040000
1 0.746875 0.348889 0.008750 0.031111
1 0.715000 0.347778 0.012500 0.037778
1 0.710000 0.330000 0.012500 0.028889
0 0.765000 0.326667 0.020000 0.026667
1 0.690625 0.338889 0.018750 0.037778
1 0.673125 0.357778 0.013750 0.040000
1 0.656875 0.361111 0.011250 0.042222
1 0.593750 0.405556 0.017500 0.055556
1 0.566250 0.405556 0.017500 0.055556
1 0.511250 0.385556 0.017500 0.046667
1 0.395625 0.362222 0.018750 0.044444
0 0.431875 0.392222 0.071250 0.055556
1 0.220000 0.291111 0.005000 0.026667
1 0.234375 0.308889 0.008750 0.031111
1 0.205625 0.502222 0.028750 0.084444
1 0.116250 0.607778 0.042500 0.126667
1 0.641250 0.828889 0.042500 0.177778
1 0.787500 0.675556 0.035000 0.137778
0 0.064375 0.372222 0.038750 0.046667
0 0.024375 0.406667 0.046250 0.066667
0 0.957500 0.474444 0.040000 0.064444
0 0.911250 0.442222 0.052500 0.062222
0 0.865000 0.383333 0.035000 0.037778
0 0.476250 0.325556 0.052500 0.033333
