1 0.291250 0.875556 0.127500 0.195556
0 0.045000 0.617778 0.087500 0.160000
0 0.142500 0.482222 0.065000 0.115556
0 0.162500 0.391111 0.042500 0.071111
3 0.187500 0.338889 0.040000 0.091111
1 0.111250 0.373333 0.015000 0.048889
1 0.652500 0.490000 0.025000 0.082222
1 0.577500 0.426667 0.017500 0.062222
1 0.653750 0.571111 0.025000 0.102222
1 0.723750 0.580000 0.032500 0.106667
0 0.799375 0.377778 0.026250 0.044444
0 0.765000 0.341111 0.020000 0.028889
1 0.521875 0.418889 0.021250 0.055556
1 0.490625 0.401111 0.018750 0.051111
1 0.716250 0.812222 0.045000 0.162222
1 0.650625 0.758889 0.033750 0.153333
1 0.936875 0.473333 0.028750 0.066667
1 0.259375 0.314444 0.008750 0.033333
