0 0.406875 0.450000 0.108750 0.077778
0 0.171875 0.717778 0.128750 0.200000
1 0.975625 0.676667 0.031250 0.108889
1 0.958750 0.591111 0.027500 0.084444
1 0.839375 0.388889 0.011250 0.040000
1 0.811875 0.357778 0.006250 0.031111
1 0.823125 0.350000 0.006250 0.033333
1 0.718750 0.620000 0.030000 0.102222
1 0.783125 0.816667 0.043750 0.166667
1 0.641875 0.358889 0.013750 0.037778
1 0.607500 0.370000 0.015000 0.042222
1 0.540000 0.395556 0.020000 0.044444
1 0.535625 0.441111 0.023750 0.064444
1 0.574375 0.472222 0.031250 0.064444
1 0.161250 0.281111 0.002500 0.024444
1 0.138750 0.282222 0.007500 0.026667
1 0.145625 0.297778 0.006250 0.022222
1 0.135000 0.327778 0.007500 0.037778
1 0.131250 0.356667 0.012500 0.046667
1 0.118125 0.391111 0.016250 0.053333
1 0.233125 0.401111 0.016250 0.060000
0 0.078750 0.361111 0.035000 0.055556
0 0.024375 0.405556 0.043750 0.064444
0 0.956875 0.475556 0.043750 0.066667
0 0.911250 0.443333 0.052500 0.060000
0 0.861250 0.383333 0.030000 0.037778
0 0.476250 0.327778 0.052500 0.033333
