1 0.786250 0.742222 0.040000 0.155556
1 0.930625 0.666667 0.041250 0.124444
1 0.983125 0.630000 0.031250 0.108889
1 0.835625 0.380000 0.011250 0.053333
1 0.825625 0.357778 0.006250 0.035556
1 0.761875 0.326667 0.008750 0.026667
1 0.543125 0.432222 0.021250 0.064444
1 0.620625 0.388889 0.013750 0.048889
1 0.324375 0.348889 0.016250 0.040000
1 0.270000 0.317778 0.012500 0.035556
1 0.235625 0.300000 0.008750 0.031111
0 0.205000 0.268889 0.010000 0.022222
0 0.166250 0.320000 0.025000 0.040000
1 0.160000 0.297778 0.007500 0.031111
1 0.168125 0.267778 0.003750 0.020000
1 0.148125 0.287778 0.006250 0.024444
1 0.148125 0.310000 0.006250 0.028889
1 0.135000 0.340000 0.010000 0.040000
1 0.080625 0.425556 0.016250 0.064444
1 0.083125 0.498889 0.023750 0.091111
0 0.077500 0.360000 0.037500 0.062222
1 0.065625 0.727778 0.051250 0.153333
1 0.790625 0.318889 0.006250 0.028889
1 0.781250 0.292222 0.005000 0.020000
1 0.765625 0.286667 0.003750 0.022222
1 0.750625 0.290000 0.006250 0.020000
0 0.023750 0.406667 0.045000 0.071111
0 0.912500 0.444444 0.052500 0.062222
0 0.862500 0.384444 0.030000 0.040000
0 0.476250 0.325556 0.052500 0.037778
