1 0.759375 0.681111 0.058750 0.117778
1 0.660625 0.486667 0.018750 0.071111
1 0.818125 0.400000 0.016250 0.048889
1 0.685000 0.368889 0.010000 0.040000
1 0.598125 0.368889 0.013750 0.040000
1 0.479375 0.387778 0.016250 0.051111
1 0.393125 0.362222 0.013750 0.044444
1 0.350625 0.350000 0.013750 0.042222
1 0.283125 0.330000 0.008750 0.033333
1 0.225000 0.290000 0.005000 0.024444
1 0.146875 0.360000 0.013750 0.048889
1 0.935000 0.487778 0.022500 0.086667
1 0.759375 0.335556 0.006250 0.026667
1 0.777500 0.311111 0.007500 0.022222
1 0.787500 0.320000 0.007500 0.022222
1 0.755000 0.321111 0.012500 0.024444
1 0.750625 0.308889 0.003750 0.022222
0 0.024375 0.403333 0.043750 0.064444
0 0.077500 0.360000 0.037500 0.053333
0 0.476250 0.326667 0.052500 0.040000
0 0.913125 0.441111 0.053750 0.064444
0 0.862500 0.383333 0.032500 0.037778
