0 0.688125 0.590000 0.081250 0.148889
4 0.775000 0.425556 0.030000 0.095556
1 0.587500 0.491111 0.045000 0.106667
1 0.673750 0.248889 0.012500 0.048889
1 0.638750 0.245556 0.010000 0.042222
1 0.604375 0.206667 0.011250 0.035556
1 0.516250 0.228889 0.012500 0.040000
4 0.556250 0.200000 0.045000 0.048889
1 0.501250 0.177778 0.005000 0.026667
1 0.506250 0.161111 0.007500 0.024444
1 0.468125 0.177778 0.013750 0.026667
1 0.420000 0.170000 0.017500 0.028889
1 0.330625 0.226667 0.016250 0.040000
1 0.278125 0.210000 0.016250 0.037778
1 0.248125 0.207778 0.006250 0.037778
1 0.227500 0.212222 0.007500 0.033333
1 0.208750 0.221111 0.010000 0.037778
1 0.186250 0.210000 0.010000 0.037778
1 0.184375 0.191111 0.008750 0.031111
1 0.203750 0.185556 0.007500 0.037778
1 0.236250 0.190000 0.007500 0.028889
1 0.222500 0.188889 0.007500 0.031111
1 0.215625 0.198889 0.006250 0.028889
1 0.924375 0.600000 0.031250 0.128889
0 0.749375 0.238889 0.048750 0.051111
1 0.672500 0.205556 0.012500 0.024444
1 0.260000 0.182222 0.010000 0.031111
1 0.270000 0.178889 0.007500 0.028889
1 0.251875 0.192222 0.006250 0.028889
1 0.243125 0.170000 0.011250 0.028889
0 0.043125 0.470000 0.073750 0.113333
