0 0.794375 0.370000 0.028750 0.042222
1 0.789375 0.341111 0.006250 0.033333
1 0.791875 0.317778 0.006250 0.022222
1 0.825000 0.398889 0.010000 0.051111
1 0.847500 0.388889 0.010000 0.048889
1 0.888750 0.458889 0.015000 0.060000
1 0.855625 0.500000 0.021250 0.084444
1 0.913125 0.528889 0.023750 0.088889
1 0.889375 0.631111 0.036250 0.115556
1 0.560000 0.440000 0.025000 0.071111
1 0.683750 0.322222 0.017500 0.026667
1 0.448125 0.358889 0.018750 0.042222
1 0.322500 0.471111 0.025000 0.080000
1 0.202500 0.301111 0.007500 0.037778
1 0.216250 0.298889 0.007500 0.028889
1 0.184375 0.330000 0.008750 0.042222
1 0.153750 0.342222 0.012500 0.044444
1 0.144375 0.417778 0.016250 0.062222
1 0.201875 0.566667 0.033750 0.111111
1 0.183125 0.632222 0.043750 0.131111
1 0.041250 0.446667 0.017500 0.071111
1 0.076250 0.445556 0.017500 0.077778
1 0.106875 0.367778 0.013750 0.064444
0 0.154375 0.295556 0.023750 0.035556
0 0.108125 0.815556 0.151250 0.311111
0 0.241875 0.402222 0.053750 0.084444
0 0.234375 0.292222 0.018750 0.028889
0 0.073750 0.361111 0.040000 0.055556
0 0.024375 0.402222 0.046250 0.062222
0 0.475625 0.326667 0.051250 0.031111
0 0.912500 0.444444 0.050000 0.062222
0 0.861875 0.381111 0.028750 0.037778
