4 0.291250 0.588889 0.100000 0.195556
0 0.473750 0.651111 0.152500 0.191111
0 0.531875 0.568889 0.103750 0.120000
4 0.336250 0.362222 0.062500 0.088889
0 0.248125 0.295556 0.028750 0.031111
0 0.229375 0.266667 0.023750 0.035556
1 0.150625 0.344444 0.011250 0.044444
1 0.196875 0.486667 0.021250 0.084444
1 0.177500 0.521111 0.020000 0.091111
1 0.588750 0.487778 0.035000 0.077778
1 0.492500 0.441111 0.020000 0.068889
1 0.466875 0.442222 0.018750 0.066667
1 0.278125 0.284444 0.006250 0.031111
1 0.300625 0.292222 0.008750 0.033333
1 0.271875 0.271111 0.006250 0.026667
0 0.160625 0.230000 0.016250 0.024444
