1 0.912109 0.526042 0.058594 0.128472
1 0.776367 0.406250 0.037109 0.097222
1 0.766602 0.592014 0.037109 0.149306
1 0.760742 0.720486 0.037109 0.177083
1 0.503906 0.494792 0.042969 0.121528
1 0.407227 0.510417 0.044922 0.131944
1 0.519531 0.279514 0.023438 0.072917
1 0.457031 0.246528 0.031250 0.048611
1 0.381836 0.234375 0.029297 0.052083
1 0.215820 0.519097 0.068359 0.128472
1 0.107422 0.685764 0.078125 0.184028
1 0.590820 0.218750 0.013672 0.055556
1 0.565430 0.206597 0.013672 0.052083
1 0.651367 0.225694 0.013672 0.048611
1 0.695312 0.236111 0.015625 0.055556
1 0.727539 0.234375 0.013672 0.052083
1 0.631836 0.182292 0.009766 0.045139
1 0.651367 0.173611 0.013672 0.048611
0 0.599609 0.166667 0.031250 0.048611
