3 0.080625 0.615556 0.141250 0.195556
0 0.208125 0.287778 0.016250 0.024444
0 0.171250 0.345556 0.030000 0.046667
4 0.228750 0.298889 0.015000 0.042222
1 0.148125 0.288889 0.008750 0.022222
1 0.156250 0.276667 0.002500 0.024444
1 0.153750 0.321111 0.012500 0.037778
1 0.210625 0.307778 0.006250 0.028889
1 0.226875 0.307778 0.006250 0.037778
1 0.151875 0.390000 0.016250 0.060000
1 0.101250 0.420000 0.015000 0.066667
1 0.118125 0.395556 0.013750 0.062222
1 0.306875 0.335556 0.021250 0.035556
1 0.300000 0.517778 0.030000 0.088889
1 0.393750 0.450000 0.032500 0.073333
1 0.513125 0.400000 0.021250 0.057778
1 0.539375 0.420000 0.021250 0.053333
1 0.563125 0.410000 0.018750 0.051111
1 0.900625 0.780000 0.041250 0.160000
1 0.744375 0.702222 0.038750 0.124444
1 0.668125 0.532222 0.021250 0.086667
1 0.665000 0.357778 0.010000 0.035556
1 0.736250 0.340000 0.007500 0.031111
0 0.792500 0.366667 0.025000 0.044444
1 0.862500 0.427778 0.015000 0.051111
0 0.910625 0.441111 0.051250 0.060000
0 0.956250 0.473333 0.045000 0.057778
0 0.861250 0.383333 0.030000 0.037778
0 0.475625 0.327778 0.056250 0.037778
0 0.077500 0.361111 0.037500 0.055556
0 0.025000 0.405556 0.047500 0.064444
