1 0.545898 0.138889 0.013672 0.034722
1 0.530273 0.121528 0.013672 0.027778
1 0.468750 0.142361 0.015625 0.034722
1 0.450195 0.144097 0.017578 0.038194
1 0.496094 0.204861 0.015625 0.062500
1 0.527344 0.173611 0.011719 0.055556
1 0.538086 0.201389 0.013672 0.048611
1 0.521484 0.234375 0.011719 0.059028
1 0.550781 0.265625 0.023438 0.079861
1 0.616211 0.324653 0.017578 0.093750
1 0.632812 0.282986 0.015625 0.079861
1 0.559570 0.368056 0.025391 0.083333
1 0.537109 0.336806 0.019531 0.083333
1 0.516602 0.293403 0.013672 0.059028
1 0.496094 0.324653 0.019531 0.093750
1 0.484375 0.293403 0.015625 0.065972
1 0.516602 0.371528 0.021484 0.090278
1 0.502930 0.423611 0.025391 0.111111
1 0.532227 0.461806 0.029297 0.131944
1 0.561523 0.430556 0.025391 0.118056
1 0.559570 0.375000 0.017578 0.097222
1 0.472656 0.482639 0.035156 0.138889
1 0.454102 0.435764 0.025391 0.121528
1 0.443359 0.385417 0.023438 0.097222
1 0.477539 0.763889 0.060547 0.187500
1 0.369141 0.793403 0.046875 0.190972
1 0.404297 0.548611 0.035156 0.138889
1 0.342773 0.465278 0.033203 0.118056
1 0.287109 0.310764 0.011719 0.079861
1 0.291992 0.263889 0.017578 0.076389
1 0.335938 0.230903 0.011719 0.059028
1 0.357422 0.258681 0.015625 0.059028
1 0.344727 0.201389 0.013672 0.048611
1 0.366211 0.189236 0.013672 0.059028
1 0.349609 0.171875 0.007812 0.059028
1 0.329102 0.152778 0.009766 0.048611
1 0.287109 0.156250 0.011719 0.048611
1 0.184570 0.300347 0.025391 0.079861
1 0.193359 0.263889 0.019531 0.062500
1 0.184570 0.170139 0.009766 0.048611
1 0.191406 0.164931 0.011719 0.045139
1 0.206055 0.170139 0.013672 0.048611
1 0.219727 0.166667 0.009766 0.041667
1 0.226562 0.159722 0.011719 0.041667
1 0.232422 0.152778 0.011719 0.041667
1 0.250977 0.154514 0.013672 0.045139
1 0.117188 0.559028 0.042969 0.152778
1 0.206055 0.586806 0.048828 0.152778
1 0.023438 0.447917 0.042969 0.125000
1 0.641602 0.934028 0.052734 0.104167
1 0.615234 0.824653 0.042969 0.218750
1 0.555664 0.659722 0.029297 0.166667
1 0.844727 0.543403 0.048828 0.156250
3 0.822266 0.269097 0.066406 0.121528
1 0.745117 0.189236 0.029297 0.059028
1 0.775391 0.185764 0.027344 0.045139
1 0.812500 0.182292 0.031250 0.052083
1 0.951172 0.267361 0.015625 0.062500
1 0.946289 0.199653 0.013672 0.059028
0 0.419922 0.310764 0.066406 0.107639
3 0.558594 0.060764 0.019531 0.045139
0 0.701172 0.406250 0.117188 0.159722
