0 0.501875 0.398889 0.066250 0.144444
0 0.503750 0.240000 0.042500 0.080000
1 0.620000 0.220000 0.015000 0.057778
1 0.675000 0.235556 0.012500 0.053333
1 0.700625 0.286667 0.016250 0.066667
1 0.731875 0.401111 0.021250 0.095556
1 0.798750 0.565556 0.037500 0.126667
1 0.851250 0.427778 0.027500 0.091111
1 0.766250 0.361111 0.020000 0.077778
1 0.768125 0.301111 0.016250 0.060000
1 0.816875 0.220000 0.028750 0.044444
1 0.430625 0.304444 0.016250 0.075556
1 0.430000 0.240000 0.015000 0.062222
1 0.460000 0.168889 0.012500 0.048889
1 0.488125 0.123333 0.006250 0.033333
0 0.184375 0.370000 0.126250 0.095556
1 0.071250 0.653333 0.050000 0.164444
