1 0.621094 0.421875 0.027344 0.114583
1 0.419922 0.343750 0.023438 0.083333
1 0.386719 0.289931 0.019531 0.072917
1 0.431641 0.298611 0.023438 0.069444
1 0.398438 0.244792 0.031250 0.059028
1 0.515625 0.288194 0.015625 0.076389
1 0.543945 0.265625 0.017578 0.059028
1 0.577148 0.260417 0.013672 0.041667
1 0.560547 0.246528 0.011719 0.062500
1 0.480469 0.239583 0.035156 0.055556
1 0.615234 0.243056 0.011719 0.055556
1 0.630859 0.237847 0.011719 0.052083
1 0.646484 0.225694 0.015625 0.055556
1 0.748047 0.342014 0.019531 0.079861
1 0.708984 0.270833 0.015625 0.069444
1 0.679688 0.260417 0.023438 0.062500
1 0.746094 0.281250 0.015625 0.062500
1 0.586914 0.236111 0.013672 0.062500
1 0.603516 0.215278 0.015625 0.055556
0 0.687500 0.553819 0.089844 0.163194
1 0.153320 0.539931 0.056641 0.149306
1 0.063477 0.479167 0.060547 0.118056
1 0.157227 0.355903 0.029297 0.079861
1 0.823242 0.439236 0.025391 0.100694
1 0.892578 0.434028 0.031250 0.090278
1 0.722656 0.256944 0.011719 0.055556
