1 0.335938 0.609375 0.054688 0.170139
1 0.467773 0.467014 0.033203 0.142361
1 0.440430 0.343750 0.025391 0.097222
1 0.473633 0.378472 0.021484 0.097222
1 0.539062 0.310764 0.027344 0.093750
1 0.510742 0.171875 0.009766 0.045139
1 0.588867 0.173611 0.009766 0.041667
1 0.598633 0.154514 0.009766 0.045139
1 0.585938 0.138889 0.011719 0.048611
3 0.512695 0.095486 0.033203 0.059028
3 0.547852 0.071181 0.017578 0.045139
1 0.500977 0.125000 0.009766 0.041667
1 0.596680 0.112847 0.005859 0.031250
1 0.610352 0.104167 0.005859 0.027778
1 0.601562 0.065972 0.003906 0.020833
1 0.617188 0.062500 0.003906 0.027778
1 0.318359 0.309028 0.019531 0.083333
1 0.292969 0.307292 0.023438 0.079861
1 0.129883 0.293403 0.021484 0.086806
1 0.224609 0.293403 0.027344 0.079861
1 0.194336 0.230903 0.013672 0.052083
3 0.200195 0.142361 0.037109 0.083333
1 0.233398 0.156250 0.005859 0.034722
1 0.244141 0.152778 0.007812 0.034722
1 0.259766 0.156250 0.007812 0.048611
1 0.269531 0.154514 0.011719 0.045139
1 0.282227 0.159722 0.009766 0.048611
3 0.439453 0.135417 0.050781 0.097222
3 0.325195 0.223958 0.068359 0.135417
1 0.928711 0.180556 0.017578 0.048611
1 0.958008 0.211806 0.013672 0.055556
1 0.891602 0.293403 0.025391 0.079861
1 0.885742 0.277778 0.037109 0.069444
