3 0.810547 0.515625 0.125000 0.281250
1 0.755859 0.670139 0.070312 0.187500
3 0.726562 0.842014 0.136719 0.295139
1 0.642578 0.671875 0.042969 0.184028
1 0.447266 0.576389 0.035156 0.159722
1 0.386719 0.501736 0.035156 0.128472
4 0.575195 0.326389 0.244141 0.187500
1 0.714844 0.322917 0.039062 0.069444
3 0.864258 0.298611 0.228516 0.173611
3 0.951172 0.361111 0.093750 0.173611
2 0.181641 0.336806 0.050781 0.076389
1 0.265625 0.293403 0.031250 0.065972
1 0.283203 0.262153 0.015625 0.052083
1 0.242188 0.263889 0.011719 0.048611
1 0.165039 0.298611 0.017578 0.069444
1 0.254883 0.220486 0.013672 0.052083
1 0.182617 0.263889 0.013672 0.048611
1 0.198242 0.263889 0.013672 0.048611
