1 0.470625 0.555556 0.058750 0.097778
1 0.262500 0.551111 0.030000 0.102222
1 0.238125 0.307778 0.021250 0.028889
0 0.206250 0.267778 0.015000 0.028889
1 0.066250 0.446667 0.017500 0.080000
1 0.116250 0.348889 0.010000 0.048889
1 0.132500 0.330000 0.007500 0.033333
1 0.154375 0.297778 0.006250 0.026667
1 0.782500 0.818889 0.040000 0.162222
1 0.865625 0.778889 0.038750 0.140000
1 0.970000 0.630000 0.027500 0.100000
1 0.902500 0.536667 0.020000 0.068889
1 0.716875 0.628889 0.036250 0.120000
1 0.769375 0.490000 0.028750 0.082222
1 0.868750 0.472222 0.017500 0.073333
1 0.872500 0.432222 0.015000 0.055556
1 0.826875 0.367778 0.008750 0.037778
0 0.807500 0.398889 0.027500 0.051111
0 0.811875 0.358889 0.023750 0.037778
1 0.786250 0.348889 0.007500 0.031111
1 0.780000 0.327778 0.005000 0.028889
1 0.755625 0.317778 0.006250 0.022222
1 0.782500 0.298889 0.007500 0.020000
1 0.536250 0.377778 0.017500 0.048889
0 0.957500 0.473333 0.042500 0.062222
0 0.912500 0.445556 0.052500 0.064444
0 0.863125 0.384444 0.028750 0.040000
0 0.064375 0.372222 0.041250 0.046667
0 0.023750 0.406667 0.045000 0.062222
0 0.475625 0.327778 0.056250 0.037778
