4 0.407227 0.159722 0.029297 0.076389
1 0.477539 0.218750 0.037109 0.062500
1 0.335938 0.383681 0.046875 0.093750
1 0.345703 0.168403 0.011719 0.045139
1 0.357422 0.137153 0.015625 0.031250
1 0.462891 0.135417 0.011719 0.034722
1 0.500977 0.128472 0.009766 0.027778
1 0.583984 0.128472 0.007812 0.034722
1 0.683594 0.182292 0.031250 0.052083
1 0.596680 0.118056 0.005859 0.034722
1 0.607422 0.105903 0.007812 0.031250
1 0.862305 0.223958 0.029297 0.059028
1 0.272461 0.206597 0.017578 0.052083
1 0.241211 0.196181 0.017578 0.052083
1 0.214844 0.234375 0.019531 0.059028
1 0.194336 0.178819 0.009766 0.045139
1 0.205078 0.168403 0.011719 0.052083
