0 0.556641 0.774306 0.238281 0.395833
1 0.361328 0.843750 0.066406 0.277778
1 0.309570 0.625000 0.037109 0.173611
0 0.271484 0.468750 0.097656 0.166667
1 0.320312 0.373264 0.031250 0.079861
1 0.257812 0.361111 0.019531 0.076389
1 0.191406 0.359375 0.019531 0.079861
1 0.222656 0.359375 0.019531 0.079861
0 0.318359 0.300347 0.066406 0.065972
0 0.242188 0.263889 0.042969 0.062500
1 0.192383 0.314236 0.017578 0.065972
1 0.197266 0.289931 0.019531 0.065972
1 0.229492 0.310764 0.021484 0.079861
1 0.202148 0.250000 0.013672 0.062500
1 0.256836 0.220486 0.013672 0.052083
1 0.221680 0.217014 0.009766 0.045139
1 0.018555 0.329861 0.033203 0.069444
1 0.433594 0.359375 0.035156 0.079861
1 0.421875 0.328125 0.031250 0.079861
1 0.431641 0.267361 0.019531 0.055556
1 0.356445 0.217014 0.009766 0.031250
1 0.335938 0.197917 0.011719 0.034722
0 0.275391 0.171875 0.023438 0.031250
0 0.635742 0.401042 0.162109 0.121528
1 0.742188 0.309028 0.042969 0.069444
3 0.776367 0.310764 0.064453 0.079861
1 0.851562 0.331597 0.031250 0.065972
1 0.840820 0.326389 0.037109 0.062500
1 0.834961 0.315972 0.044922 0.069444
4 0.942383 0.305556 0.115234 0.152778
