0 0.511875 0.102222 0.068750 0.093333
1 0.536875 0.351111 0.043750 0.142222
1 0.608750 0.276667 0.037500 0.135556
1 0.662500 0.167778 0.025000 0.113333
1 0.465000 0.178889 0.030000 0.140000
1 0.420000 0.230000 0.035000 0.140000
1 0.431875 0.106667 0.031250 0.102222
1 0.211875 0.490000 0.098750 0.171111
1 0.263125 0.630000 0.113750 0.157778
1 0.341875 0.758889 0.126250 0.171111
4 0.088125 0.868889 0.173750 0.248889
1 0.491250 0.920000 0.145000 0.151111
1 0.673125 0.770000 0.148750 0.180000
1 0.912500 0.801111 0.147500 0.188889
