4 0.563125 0.265556 0.096250 0.086667
1 0.509375 0.201111 0.013750 0.033333
1 0.520625 0.188889 0.008750 0.031111
1 0.524375 0.148889 0.006250 0.031111
1 0.547500 0.151111 0.002500 0.022222
1 0.562500 0.147778 0.007500 0.020000
1 0.473125 0.286667 0.026250 0.057778
0 0.463750 0.198889 0.037500 0.037778
1 0.430000 0.210000 0.017500 0.037778
1 0.441875 0.178889 0.006250 0.028889
1 0.195625 0.257778 0.013750 0.044444
1 0.195625 0.318889 0.016250 0.060000
1 0.160000 0.307778 0.017500 0.060000
1 0.141875 0.310000 0.011250 0.051111
1 0.120625 0.331111 0.018750 0.062222
1 0.356250 0.772222 0.062500 0.193333
1 0.645000 0.536667 0.027500 0.117778
1 0.711250 0.320000 0.035000 0.062222
1 0.586250 0.300000 0.032500 0.057778
1 0.863125 0.335556 0.038750 0.057778
1 0.288750 0.242222 0.022500 0.044444
1 0.311250 0.210000 0.022500 0.033333
0 0.045625 0.466667 0.076250 0.120000
