4 0.773125 0.570000 0.136250 0.264444
1 0.675000 0.246667 0.017500 0.053333
1 0.715000 0.248889 0.012500 0.057778
1 0.724375 0.225556 0.016250 0.042222
1 0.650000 0.142222 0.010000 0.035556
0 0.536250 0.098889 0.020000 0.028889
1 0.492500 0.132222 0.010000 0.033333
1 0.474375 0.146667 0.011250 0.044444
2 0.436250 0.170000 0.012500 0.042222
1 0.418750 0.230000 0.012500 0.060000
1 0.393750 0.275556 0.015000 0.071111
0 0.544375 0.041111 0.013750 0.024444
1 0.875625 0.307778 0.028750 0.068889
1 0.965000 0.326667 0.045000 0.066667
