0 0.595703 0.487847 0.132812 0.184028
0 0.666992 0.291667 0.060547 0.090278
0 0.148438 0.873264 0.285156 0.225694
2 0.280273 0.635417 0.044922 0.152778
0 0.774414 0.131944 0.025391 0.041667
1 0.801758 0.185764 0.013672 0.052083
1 0.792969 0.210069 0.011719 0.059028
1 0.830078 0.185764 0.011719 0.045139
1 0.850586 0.182292 0.021484 0.045139
1 0.823242 0.222222 0.013672 0.055556
1 0.807617 0.274306 0.017578 0.083333
1 0.750977 0.220486 0.017578 0.059028
1 0.830078 0.307292 0.019531 0.086806
1 0.871094 0.309028 0.019531 0.090278
1 0.791016 0.357639 0.023438 0.097222
1 0.763672 0.300347 0.019531 0.079861
1 0.747070 0.343750 0.017578 0.097222
1 0.730469 0.303819 0.023438 0.079861
1 0.801758 0.479167 0.029297 0.131944
1 0.582031 0.328125 0.023438 0.086806
1 0.181641 0.366319 0.019531 0.072917
1 0.115234 0.468750 0.027344 0.090278
1 0.036133 0.652778 0.056641 0.131944
1 0.097656 0.241319 0.007812 0.038194
1 0.116211 0.251736 0.013672 0.038194
1 0.520508 0.857639 0.068359 0.236111
1 0.632812 0.928819 0.062500 0.135417
1 0.886719 0.130208 0.007812 0.038194
1 0.844727 0.118056 0.009766 0.034722
1 0.833008 0.109375 0.009766 0.031250
1 0.862305 0.107639 0.005859 0.027778
