1 0.568750 0.318889 0.032500 0.068889
1 0.500625 0.298889 0.031250 0.060000
1 0.507500 0.291111 0.027500 0.057778
1 0.628125 0.235556 0.011250 0.044444
1 0.680625 0.236667 0.018750 0.042222
1 0.718125 0.340000 0.016250 0.057778
1 0.609375 0.218889 0.011250 0.037778
1 0.521875 0.221111 0.011250 0.037778
1 0.530625 0.206667 0.011250 0.031111
1 0.541875 0.192222 0.013750 0.028889
1 0.525625 0.180000 0.006250 0.022222
1 0.558125 0.166667 0.008750 0.022222
1 0.593125 0.170000 0.006250 0.020000
1 0.561875 0.156667 0.006250 0.015556
1 0.564375 0.150000 0.003750 0.020000
1 0.450000 0.187778 0.010000 0.042222
1 0.440625 0.171111 0.016250 0.035556
1 0.349375 0.258889 0.023750 0.051111
1 0.333750 0.261111 0.025000 0.051111
1 0.221875 0.320000 0.018750 0.062222
1 0.228750 0.256667 0.020000 0.046667
1 0.223125 0.235556 0.021250 0.040000
1 0.191875 0.237778 0.018750 0.035556
1 0.192500 0.212222 0.020000 0.033333
1 0.201250 0.206667 0.022500 0.035556
1 0.253125 0.221111 0.026250 0.037778
1 0.265625 0.210000 0.021250 0.033333
1 0.267500 0.162222 0.007500 0.022222
3 0.206250 0.150000 0.057500 0.046667
1 0.155625 0.188889 0.026250 0.048889
1 0.121250 0.167778 0.017500 0.028889
1 0.883125 0.520000 0.031250 0.111111
1 0.880000 0.357778 0.042500 0.071111
1 0.751875 0.261111 0.023750 0.042222
1 0.969375 0.310000 0.031250 0.051111
4 0.355000 0.214444 0.147500 0.104444
0 0.044375 0.470000 0.081250 0.126667
1 0.487500 0.130000 0.005000 0.020000
