1 0.853750 0.760000 0.047500 0.173333
1 0.921875 0.547778 0.031250 0.108889
1 0.831250 0.488889 0.037500 0.097778
1 0.781250 0.687778 0.042500 0.153333
1 0.700625 0.371111 0.018750 0.075556
1 0.751250 0.340000 0.012500 0.057778
1 0.681250 0.325556 0.015000 0.060000
1 0.641875 0.312222 0.013750 0.055556
1 0.591875 0.340000 0.016250 0.066667
1 0.561875 0.277778 0.013750 0.048889
1 0.581250 0.250000 0.012500 0.042222
1 0.615625 0.242222 0.011250 0.040000
1 0.661250 0.252222 0.010000 0.042222
1 0.643750 0.227778 0.017500 0.037778
1 0.706250 0.247778 0.012500 0.037778
1 0.686875 0.236667 0.016250 0.042222
1 0.672500 0.228889 0.017500 0.040000
1 0.595000 0.218889 0.010000 0.037778
1 0.581875 0.186667 0.006250 0.026667
1 0.599375 0.192222 0.011250 0.033333
0 0.548750 0.172222 0.020000 0.024444
0 0.491250 0.297778 0.042500 0.071111
1 0.481250 0.201111 0.010000 0.033333
1 0.411250 0.288889 0.020000 0.057778
0 0.305000 0.257778 0.032500 0.048889
0 0.268125 0.228889 0.021250 0.040000
1 0.302500 0.216667 0.010000 0.042222
1 0.278750 0.250000 0.015000 0.037778
1 0.255000 0.260000 0.012500 0.040000
1 0.263125 0.300000 0.011250 0.062222
1 0.249375 0.401111 0.013750 0.082222
0 0.285625 0.496667 0.073750 0.135556
0 0.223750 0.218889 0.027500 0.037778
1 0.217500 0.186667 0.007500 0.026667
1 0.228125 0.191111 0.008750 0.026667
1 0.228750 0.268889 0.010000 0.040000
1 0.236250 0.261111 0.010000 0.042222
1 0.211875 0.260000 0.011250 0.040000
1 0.205000 0.281111 0.010000 0.051111
1 0.212500 0.301111 0.010000 0.055556
1 0.230625 0.321111 0.018750 0.068889
1 0.196250 0.227778 0.012500 0.042222
1 0.218750 0.368889 0.017500 0.071111
1 0.190000 0.381111 0.020000 0.077778
1 0.186875 0.317778 0.013750 0.071111
1 0.174375 0.268889 0.011250 0.048889
1 0.156875 0.310000 0.021250 0.060000
1 0.140625 0.312222 0.018750 0.055556
1 0.151250 0.532222 0.032500 0.117778
1 0.164375 0.458889 0.026250 0.100000
1 0.177500 0.682222 0.045000 0.173333
1 0.082500 0.741111 0.047500 0.202222
0 0.728750 0.545556 0.080000 0.153333
1 0.789375 0.266667 0.026250 0.040000
3 0.566875 0.890000 0.226250 0.220000
1 0.319375 0.158889 0.008750 0.028889
1 0.176250 0.157778 0.015000 0.026667
0 0.044375 0.471111 0.081250 0.124444
