4 0.583125 0.343333 0.053750 0.117778
4 0.583750 0.270000 0.047500 0.082222
1 0.878125 0.493333 0.026250 0.102222
1 0.787500 0.417778 0.022500 0.075556
1 0.704375 0.440000 0.021250 0.084444
1 0.685000 0.288889 0.012500 0.048889
1 0.399375 0.247778 0.018750 0.042222
1 0.460625 0.285556 0.018750 0.055556
1 0.498750 0.206667 0.012500 0.035556
1 0.523125 0.177778 0.006250 0.022222
1 0.578125 0.210000 0.013750 0.033333
1 0.623125 0.197778 0.006250 0.031111
3 0.528125 0.152222 0.013750 0.033333
1 0.202500 0.350000 0.015000 0.073333
1 0.247500 0.224444 0.022500 0.040000
1 0.344375 0.213333 0.023750 0.035556
1 0.215625 0.190000 0.006250 0.028889
