4 0.545625 0.597778 0.126250 0.173333
0 0.246875 0.376667 0.041250 0.073333
0 0.227500 0.340000 0.035000 0.062222
0 0.183750 0.283333 0.022500 0.042222
0 0.229375 0.266667 0.026250 0.035556
1 0.400000 0.360000 0.015000 0.053333
1 0.342500 0.328889 0.012500 0.044444
1 0.353125 0.317778 0.013750 0.040000
1 0.281250 0.285556 0.007500 0.028889
1 0.246875 0.247778 0.006250 0.024444
1 0.147500 0.286667 0.007500 0.031111
1 0.171875 0.336667 0.013750 0.046667
1 0.120625 0.310000 0.011250 0.042222
1 0.140000 0.298889 0.010000 0.037778
1 0.142500 0.335556 0.015000 0.044444
1 0.964375 0.782222 0.071250 0.142222
1 0.959375 0.875556 0.078750 0.168889
1 0.768125 0.771111 0.061250 0.146667
1 0.275625 0.648889 0.026250 0.124444
1 0.206250 0.713333 0.032500 0.142222
