3 0.619141 0.612847 0.359375 0.746528
1 0.062500 0.901042 0.093750 0.184028
1 0.212891 0.793403 0.058594 0.232639
1 0.161133 0.675347 0.056641 0.197917
1 0.085938 0.729167 0.062500 0.236111
1 0.174805 0.576389 0.041016 0.159722
1 0.179688 0.501736 0.031250 0.128472
1 0.075195 0.548611 0.044922 0.159722
1 0.081055 0.439236 0.025391 0.121528
1 0.118164 0.486111 0.029297 0.131944
1 0.112305 0.437500 0.033203 0.111111
1 0.162109 0.440972 0.019531 0.104167
1 0.199219 0.435764 0.035156 0.107639
1 0.127930 0.359375 0.029297 0.079861
1 0.117188 0.399306 0.035156 0.090278
1 0.157227 0.375000 0.025391 0.097222
1 0.186523 0.388889 0.017578 0.090278
1 0.217773 0.390625 0.029297 0.093750
1 0.245117 0.361111 0.021484 0.090278
1 0.279297 0.343750 0.019531 0.090278
1 0.213867 0.310764 0.017578 0.065972
1 0.199219 0.336806 0.015625 0.076389
1 0.184570 0.324653 0.017578 0.079861
1 0.160156 0.321181 0.023438 0.072917
1 0.250977 0.295139 0.025391 0.076389
1 0.240234 0.282986 0.019531 0.072917
1 0.191406 0.281250 0.023438 0.069444
1 0.167969 0.291667 0.019531 0.069444
0 0.321289 0.454861 0.185547 0.159722
0 0.291016 0.265625 0.050781 0.072917
0 0.329102 0.215278 0.044922 0.034722
4 0.222656 0.154514 0.035156 0.065972
0 0.523438 0.418403 0.125000 0.121528
1 0.839844 0.644097 0.046875 0.163194
1 0.888672 0.534722 0.042969 0.131944
1 0.923828 0.534722 0.046875 0.145833
1 0.875977 0.454861 0.048828 0.097222
1 0.857422 0.399306 0.058594 0.090278
1 0.831055 0.500000 0.044922 0.125000
1 0.773438 0.515625 0.039062 0.128472
1 0.784180 0.446181 0.052734 0.093750
1 0.737305 0.420139 0.037109 0.090278
1 0.746094 0.465278 0.031250 0.118056
1 0.880859 0.340278 0.046875 0.076389
1 0.872070 0.326389 0.048828 0.076389
1 0.875977 0.267361 0.037109 0.055556
4 0.737305 0.250000 0.099609 0.083333
