0 0.346875 0.768889 0.166250 0.257778
1 0.070625 0.616667 0.041250 0.153333
1 0.171250 0.546667 0.027500 0.128889
1 0.084375 0.386667 0.023750 0.080000
1 0.141875 0.310000 0.016250 0.060000
1 0.157500 0.308889 0.020000 0.057778
1 0.221875 0.312222 0.018750 0.064444
1 0.277500 0.298889 0.015000 0.060000
1 0.222500 0.257778 0.007500 0.048889
1 0.211250 0.211111 0.010000 0.040000
1 0.266250 0.208889 0.010000 0.040000
0 0.250000 0.198889 0.022500 0.037778
1 0.415000 0.266667 0.020000 0.048889
1 0.500625 0.260000 0.008750 0.048889
1 0.571875 0.168889 0.006250 0.031111
1 0.579375 0.161111 0.008750 0.028889
1 0.473125 0.177778 0.011250 0.026667
1 0.458750 0.180000 0.007500 0.031111
1 0.443125 0.177778 0.008750 0.031111
3 0.434375 0.150000 0.078750 0.060000
1 0.811250 0.536667 0.032500 0.108889
1 0.772500 0.336667 0.040000 0.068889
1 0.631875 0.278889 0.023750 0.051111
1 0.699375 0.240000 0.018750 0.040000
1 0.745000 0.295556 0.015000 0.053333
1 0.618750 0.215556 0.015000 0.035556
0 0.527500 0.148889 0.012500 0.022222
1 0.836875 0.292222 0.028750 0.051111
1 0.849375 0.288889 0.023750 0.048889
0 0.042500 0.471111 0.077500 0.124444
