3 0.526367 0.437500 0.259766 0.368056
1 0.647461 0.581597 0.037109 0.114583
1 0.719727 0.479167 0.025391 0.090278
1 0.766602 0.517361 0.025391 0.090278
1 0.811523 0.489583 0.029297 0.083333
1 0.838867 0.348958 0.013672 0.059028
1 0.831055 0.279514 0.009766 0.038194
1 0.880859 0.265625 0.011719 0.038194
1 0.839844 0.260417 0.007812 0.034722
0 0.840820 0.210069 0.025391 0.024306
0 0.791016 0.244792 0.031250 0.038194
3 0.791016 0.208333 0.039062 0.055556
1 0.869141 0.227431 0.007812 0.031250
1 0.875000 0.223958 0.007812 0.031250
3 0.650391 0.291667 0.082031 0.118056
