1 0.412500 0.235556 0.035000 0.142222
1 0.466250 0.178889 0.030000 0.131111
1 0.500625 0.191111 0.033750 0.120000
1 0.373125 0.390000 0.056250 0.162222
1 0.418125 0.617778 0.121250 0.151111
1 0.308125 0.646667 0.116250 0.155556
1 0.265625 0.777778 0.133750 0.168889
1 0.216875 0.907778 0.158750 0.175556
1 0.100000 0.603333 0.105000 0.148889
1 0.108750 0.516667 0.107500 0.162222
1 0.235000 0.344444 0.087500 0.137778
1 0.894375 0.815556 0.138750 0.168889
1 0.733125 0.903333 0.151250 0.180000
1 0.516250 0.908889 0.155000 0.177778
1 0.485000 0.747778 0.112500 0.188889
0 0.511250 0.103333 0.072500 0.095556
1 0.962500 0.761111 0.075000 0.140000
