0 0.625977 0.265625 0.095703 0.093750
0 0.701172 0.262153 0.082031 0.086806
0 0.436523 0.206597 0.056641 0.065972
3 0.344727 0.227431 0.080078 0.135417
0 0.276367 0.199653 0.044922 0.059028
3 0.223633 0.151042 0.044922 0.079861
0 0.181641 0.104167 0.019531 0.027778
3 0.629883 0.836806 0.193359 0.319444
1 0.085938 0.387153 0.042969 0.093750
1 0.130859 0.309028 0.019531 0.090278
1 0.266602 0.300347 0.017578 0.093750
1 0.250000 0.248264 0.015625 0.065972
1 0.219727 0.232639 0.017578 0.062500
1 0.200195 0.201389 0.029297 0.048611
1 0.524414 0.576389 0.048828 0.173611
1 0.510742 0.482639 0.048828 0.152778
1 0.523438 0.203125 0.019531 0.059028
1 0.472656 0.189236 0.015625 0.052083
1 0.438477 0.123264 0.005859 0.031250
1 0.454102 0.123264 0.009766 0.031250
1 0.306641 0.133681 0.011719 0.045139
1 0.320312 0.137153 0.011719 0.038194
1 0.344727 0.138889 0.005859 0.048611
1 0.278320 0.118056 0.009766 0.034722
1 0.268555 0.125000 0.005859 0.034722
1 0.391602 0.157986 0.009766 0.045139
1 0.916016 0.282986 0.023438 0.079861
1 0.697266 0.185764 0.031250 0.045139
1 0.590820 0.149306 0.009766 0.041667
1 0.604492 0.149306 0.009766 0.041667
1 0.594727 0.112847 0.009766 0.031250
1 0.474609 0.119792 0.003906 0.031250
1 0.478516 0.154514 0.027344 0.045139
1 0.462891 0.159722 0.011719 0.048611
1 0.454102 0.164931 0.017578 0.045139
4 0.917969 0.479167 0.156250 0.250000
