1 0.736250 0.406667 0.022500 0.088889
1 0.790000 0.375556 0.020000 0.084444
1 0.429375 0.458889 0.028750 0.104444
1 0.332500 0.424444 0.025000 0.106667
1 0.329375 0.352222 0.021250 0.086667
1 0.374375 0.312222 0.018750 0.077778
1 0.395000 0.315556 0.017500 0.080000
1 0.439375 0.293333 0.016250 0.071111
1 0.396250 0.254444 0.012500 0.055556
1 0.356250 0.277778 0.020000 0.071111
1 0.478125 0.190000 0.008750 0.051111
1 0.447500 0.163333 0.010000 0.037778
1 0.526875 0.092222 0.006250 0.028889
1 0.541875 0.071111 0.003750 0.017778
0 0.566875 0.046667 0.008750 0.017778
3 0.543750 0.043333 0.012500 0.024444
1 0.554375 0.036667 0.003750 0.015556
1 0.758750 0.788889 0.045000 0.191111
