4 0.561875 0.388889 0.046250 0.057778
1 0.698750 0.348889 0.012500 0.035556
3 0.179375 0.321111 0.038750 0.095556
0 0.043750 0.403333 0.050000 0.064444
4 0.123750 0.284444 0.020000 0.035556
1 0.227500 0.297778 0.007500 0.022222
1 0.293750 0.314444 0.012500 0.028889
1 0.136250 0.331111 0.010000 0.035556
1 0.213125 0.885556 0.121250 0.171111
1 0.851875 0.920000 0.046250 0.160000
1 0.800000 0.730000 0.030000 0.135556
1 0.746250 0.335556 0.005000 0.026667
1 0.818750 0.352222 0.007500 0.028889
0 0.383750 0.312222 0.047500 0.033333
0 0.366250 0.297778 0.042500 0.026667
0 0.340625 0.296667 0.043750 0.028889
0 0.297500 0.298889 0.037500 0.024444
