0 0.246875 0.495556 0.078750 0.111111
4 0.126250 0.768889 0.137500 0.244444
0 0.035000 0.417778 0.050000 0.062222
1 0.895000 0.486667 0.017500 0.071111
1 0.840625 0.422222 0.008750 0.044444
1 0.808125 0.421111 0.011250 0.051111
1 0.802500 0.375556 0.007500 0.035556
1 0.816875 0.374444 0.008750 0.037778
1 0.661250 0.356667 0.010000 0.033333
1 0.393750 0.435556 0.025000 0.062222
1 0.540000 0.424444 0.017500 0.053333
1 0.493125 0.383333 0.016250 0.046667
1 0.400000 0.348889 0.015000 0.040000
1 0.315000 0.350000 0.007500 0.033333
1 0.255625 0.341111 0.021250 0.037778
1 0.146875 0.343333 0.008750 0.037778
1 0.125625 0.311111 0.006250 0.026667
1 0.141250 0.316667 0.007500 0.028889
1 0.161875 0.308889 0.006250 0.026667
1 0.775625 0.798889 0.038750 0.157778
