0 0.713125 0.737778 0.093750 0.177778
1 0.220625 0.797778 0.073750 0.177778
1 0.335000 0.347778 0.012500 0.042222
1 0.293750 0.337778 0.010000 0.040000
1 0.268750 0.312222 0.015000 0.033333
1 0.240000 0.310000 0.010000 0.028889
1 0.144375 0.331111 0.011250 0.040000
1 0.158750 0.287778 0.005000 0.033333
1 0.021250 0.486667 0.022500 0.080000
1 0.486875 0.398889 0.026250 0.060000
1 0.526875 0.451111 0.038750 0.057778
1 0.420625 0.332222 0.013750 0.037778
1 0.958750 0.598889 0.027500 0.100000
1 0.810625 0.368889 0.008750 0.040000
1 0.833750 0.371111 0.007500 0.035556
1 0.791250 0.328889 0.007500 0.031111
3 0.716250 0.348889 0.022500 0.040000
1 0.765000 0.311111 0.005000 0.022222
1 0.768750 0.302222 0.005000 0.017778
0 0.957500 0.472222 0.042500 0.060000
0 0.910625 0.443333 0.053750 0.060000
0 0.861875 0.382222 0.031250 0.040000
0 0.475625 0.325556 0.058750 0.042222
0 0.064375 0.371111 0.041250 0.048889
0 0.024375 0.405556 0.046250 0.064444
