0 0.548828 0.654514 0.175781 0.246528
0 0.416016 0.576389 0.164062 0.194444
1 0.365234 0.440972 0.046875 0.097222
1 0.146484 0.477431 0.031250 0.114583
1 0.132812 0.326389 0.019531 0.069444
1 0.488281 0.890625 0.085938 0.211806
1 0.622070 0.892361 0.064453 0.201389
1 0.604492 0.769097 0.052734 0.218750
1 0.694336 0.767361 0.052734 0.215278
1 0.683594 0.635417 0.046875 0.194444
1 0.768555 0.616319 0.048828 0.177083
1 0.729492 0.524306 0.041016 0.145833
1 0.844727 0.538194 0.041016 0.159722
1 0.881836 0.494792 0.037109 0.142361
1 0.791016 0.463542 0.035156 0.128472
1 0.689453 0.447917 0.035156 0.125000
1 0.833984 0.428819 0.031250 0.121528
1 0.775391 0.380208 0.031250 0.114583
1 0.818359 0.361111 0.027344 0.104167
1 0.844727 0.321181 0.025391 0.086806
1 0.795898 0.312500 0.033203 0.097222
1 0.763672 0.310764 0.023438 0.079861
1 0.727539 0.362847 0.025391 0.107639
1 0.710938 0.314236 0.027344 0.079861
0 0.708008 0.210069 0.044922 0.059028
1 0.765625 0.215278 0.015625 0.062500
1 0.791016 0.173611 0.011719 0.048611
0 0.663086 0.270833 0.064453 0.083333
1 0.796875 0.241319 0.019531 0.059028
1 0.883789 0.260417 0.021484 0.076389
1 0.848633 0.244792 0.021484 0.072917
1 0.878906 0.234375 0.019531 0.065972
1 0.843750 0.215278 0.015625 0.062500
1 0.858398 0.197917 0.013672 0.055556
1 0.824219 0.192708 0.019531 0.059028
1 0.873047 0.145833 0.011719 0.041667
1 0.852539 0.152778 0.009766 0.041667
1 0.837891 0.130208 0.007812 0.045139
0 0.851562 0.111111 0.019531 0.041667
1 0.815430 0.161458 0.017578 0.052083
0 0.814453 0.125000 0.027344 0.041667
1 0.784180 0.138889 0.009766 0.041667
