3 0.132812 0.616319 0.226562 0.246528
3 0.203125 0.751736 0.394531 0.496528
3 0.097656 0.362847 0.179688 0.232639
3 0.624023 0.371528 0.103516 0.152778
3 0.740234 0.243056 0.039062 0.055556
0 0.790039 0.246528 0.029297 0.034722
0 0.834961 0.213542 0.021484 0.031250
1 0.853516 0.331597 0.011719 0.052083
1 0.811523 0.284722 0.009766 0.041667
1 0.831055 0.284722 0.009766 0.048611
1 0.847656 0.276042 0.011719 0.045139
1 0.864258 0.258681 0.009766 0.038194
1 0.875977 0.270833 0.009766 0.041667
1 0.883789 0.232639 0.009766 0.034722
1 0.900391 0.236111 0.007812 0.027778
1 0.342773 0.362847 0.029297 0.059028
