1 0.659375 0.577778 0.056250 0.137778
1 0.668125 0.667778 0.061250 0.148889
1 0.628125 0.790000 0.076250 0.228889
1 0.700625 0.746667 0.086250 0.213333
1 0.770625 0.777778 0.081250 0.213333
1 0.787500 0.685556 0.080000 0.175556
1 0.780000 0.581111 0.072500 0.140000
3 0.797500 0.635556 0.125000 0.191111
1 0.895625 0.807778 0.083750 0.211111
1 0.474375 0.795556 0.061250 0.231111
1 0.283750 0.485556 0.030000 0.117778
1 0.201250 0.586667 0.040000 0.155556
1 0.130000 0.506667 0.037500 0.124444
1 0.174375 0.357778 0.023750 0.080000
1 0.101250 0.317778 0.015000 0.080000
1 0.137500 0.267778 0.015000 0.051111
1 0.186875 0.247778 0.008750 0.037778
1 0.202500 0.261111 0.017500 0.060000
1 0.171875 0.250000 0.016250 0.046667
1 0.285625 0.262222 0.013750 0.053333
1 0.270000 0.246667 0.015000 0.040000
1 0.364375 0.258889 0.031250 0.051111
1 0.393750 0.257778 0.035000 0.057778
1 0.466250 0.298889 0.040000 0.068889
1 0.493125 0.288889 0.031250 0.057778
1 0.555625 0.348889 0.031250 0.071111
1 0.539375 0.261111 0.031250 0.046667
1 0.593750 0.260000 0.030000 0.048889
1 0.615625 0.257778 0.031250 0.048889
1 0.703125 0.660000 0.063750 0.168889
0 0.208125 0.195556 0.018750 0.026667
1 0.241875 0.212222 0.011250 0.037778
1 0.136250 0.240000 0.015000 0.053333
1 0.148125 0.226667 0.011250 0.040000
