0 0.455078 0.675347 0.191406 0.392361
1 0.720703 0.656250 0.062500 0.263889
1 0.669922 0.487847 0.050781 0.197917
1 0.738281 0.479167 0.050781 0.208333
1 0.446289 0.423611 0.052734 0.194444
1 0.534180 0.189236 0.033203 0.121528
1 0.528320 0.138889 0.033203 0.069444
1 0.466797 0.140625 0.035156 0.072917
1 0.464844 0.107639 0.011719 0.062500
1 0.499023 0.107639 0.017578 0.062500
1 0.519531 0.088542 0.011719 0.059028
1 0.587891 0.151042 0.019531 0.079861
1 0.603516 0.140625 0.023438 0.065972
1 0.637695 0.140625 0.017578 0.072917
1 0.651367 0.149306 0.021484 0.083333
1 0.584961 0.114583 0.017578 0.055556
1 0.587891 0.071181 0.015625 0.059028
1 0.583008 0.097222 0.017578 0.062500
1 0.550781 0.043403 0.007812 0.045139
1 0.541016 0.043403 0.007812 0.038194
