1 0.477539 0.295139 0.087891 0.131944
1 0.434570 0.234375 0.072266 0.114583
1 0.342773 0.324653 0.087891 0.142361
1 0.357422 0.548611 0.058594 0.229167
1 0.195312 0.319444 0.085938 0.131944
1 0.172852 0.305556 0.072266 0.118056
1 0.660156 0.538194 0.058594 0.215278
1 0.740234 0.475694 0.050781 0.194444
1 0.771484 0.546875 0.054688 0.232639
1 0.721680 0.611111 0.060547 0.229167
0 0.656250 0.835069 0.250000 0.329861
1 0.763672 0.291667 0.082031 0.131944
1 0.750977 0.237847 0.068359 0.100694
1 0.700195 0.147569 0.056641 0.086806
1 0.802734 0.152778 0.054688 0.083333
1 0.609375 0.156250 0.058594 0.076389
1 0.533203 0.118056 0.023438 0.069444
1 0.506836 0.116319 0.021484 0.079861
1 0.469727 0.098958 0.017578 0.059028
1 0.495117 0.052083 0.009766 0.034722
1 0.505859 0.059028 0.011719 0.055556
1 0.538086 0.026042 0.009766 0.038194
1 0.582031 0.065972 0.015625 0.048611
1 0.427734 0.854167 0.078125 0.284722
