4 0.412109 0.815972 0.277344 0.340278
1 0.867188 0.250000 0.015625 0.062500
1 0.863281 0.314236 0.023438 0.086806
1 0.674805 0.312500 0.025391 0.097222
1 0.808594 0.187500 0.011719 0.048611
1 0.809570 0.151042 0.009766 0.045139
1 0.869141 0.157986 0.011719 0.052083
1 0.838867 0.154514 0.013672 0.045139
1 0.848633 0.123264 0.009766 0.031250
1 0.864258 0.119792 0.005859 0.031250
1 0.835938 0.097222 0.007812 0.034722
1 0.858398 0.092014 0.013672 0.031250
1 0.753906 0.137153 0.011719 0.038194
1 0.140625 0.472222 0.031250 0.097222
1 0.123047 0.421875 0.031250 0.093750
1 0.050781 0.315972 0.019531 0.055556
1 0.107422 0.248264 0.011719 0.045139
1 0.101562 0.230903 0.015625 0.038194
1 0.117188 0.230903 0.011719 0.038194
1 0.090820 0.180556 0.005859 0.034722
1 0.083984 0.173611 0.003906 0.013889
