0 0.389375 0.752222 0.136250 0.353333
0 0.668125 0.692222 0.108750 0.242222
0 0.551250 0.128889 0.022500 0.035556
0 0.557500 0.101111 0.017500 0.028889
0 0.645000 0.072222 0.015000 0.020000
0 0.665000 0.112222 0.020000 0.028889
1 0.618750 0.071111 0.005000 0.022222
1 0.526875 0.094444 0.006250 0.028889
1 0.532500 0.112222 0.010000 0.028889
1 0.521250 0.134444 0.010000 0.033333
1 0.499375 0.107778 0.008750 0.028889
1 0.457500 0.168889 0.010000 0.044444
1 0.833125 0.234444 0.033750 0.055556
1 0.969375 0.277778 0.031250 0.057778
1 0.988125 0.293333 0.023750 0.066667
1 0.405625 0.243333 0.013750 0.060000
1 0.424375 0.287778 0.013750 0.073333
1 0.155625 0.351111 0.038750 0.088889
1 0.177500 0.705556 0.050000 0.175556
