1 0.610352 0.687500 0.052734 0.187500
1 0.819336 0.529514 0.033203 0.156250
1 0.776367 0.230903 0.017578 0.065972
1 0.811523 0.227431 0.017578 0.065972
1 0.842773 0.215278 0.017578 0.062500
1 0.848633 0.182292 0.013672 0.059028
1 0.875977 0.142361 0.013672 0.041667
1 0.862305 0.140625 0.009766 0.045139
1 0.813477 0.125000 0.005859 0.041667
1 0.818359 0.128472 0.011719 0.041667
1 0.829102 0.137153 0.009766 0.045139
4 0.775391 0.185764 0.035156 0.065972
4 0.752930 0.138889 0.056641 0.097222
4 0.829102 0.076389 0.029297 0.062500
0 0.119141 0.314236 0.050781 0.093750
1 0.049805 0.451389 0.033203 0.097222
2 0.073242 0.375000 0.021484 0.083333
1 0.045898 0.340278 0.017578 0.055556
