0 0.683125 0.413333 0.168750 0.160000
3 0.303125 0.644444 0.301250 0.408889
3 0.188125 0.858889 0.351250 0.282222
3 0.832500 0.562222 0.157500 0.395556
3 0.061250 0.256667 0.115000 0.206667
1 0.891875 0.355556 0.046250 0.093333
1 0.765625 0.296667 0.048750 0.082222
1 0.558750 0.451111 0.057500 0.133333
1 0.578750 0.397778 0.050000 0.102222
1 0.364375 0.385556 0.028750 0.104444
1 0.353750 0.415556 0.025000 0.088889
1 0.256250 0.395556 0.027500 0.111111
1 0.166875 0.418889 0.031250 0.108889
1 0.058750 0.373333 0.037500 0.102222
1 0.021250 0.350000 0.027500 0.091111
1 0.012500 0.384444 0.020000 0.097778
