3 0.759766 0.524306 0.437500 0.347222
1 0.825195 0.852431 0.130859 0.211806
1 0.822266 0.720486 0.101562 0.177083
1 0.075195 0.388889 0.056641 0.097222
1 0.237305 0.352431 0.037109 0.079861
1 0.184570 0.300347 0.017578 0.059028
1 0.226562 0.262153 0.015625 0.059028
1 0.203125 0.263889 0.015625 0.062500
1 0.244141 0.263889 0.019531 0.062500
1 0.266602 0.262153 0.017578 0.059028
4 0.253906 0.232639 0.035156 0.062500
1 0.184570 0.236111 0.013672 0.048611
1 0.219727 0.204861 0.013672 0.041667
1 0.333984 0.230903 0.011719 0.045139
1 0.333984 0.217014 0.011719 0.045139
1 0.295898 0.187500 0.005859 0.034722
1 0.324219 0.185764 0.007812 0.031250
1 0.764648 0.321181 0.037109 0.065972
1 0.789062 0.312500 0.031250 0.062500
1 0.801758 0.305556 0.025391 0.062500
1 0.827148 0.324653 0.029297 0.059028
1 0.859375 0.321181 0.031250 0.059028
1 0.878906 0.312500 0.031250 0.048611
1 0.910156 0.322917 0.027344 0.048611
1 0.934570 0.328125 0.037109 0.059028
