1 0.365000 0.533333 0.045000 0.097778
1 0.499375 0.590000 0.061250 0.113333
1 0.955000 0.688889 0.040000 0.128889
1 0.955000 0.607778 0.030000 0.100000
0 0.916875 0.878889 0.151250 0.233333
1 0.883750 0.454444 0.012500 0.064444
1 0.822500 0.410000 0.007500 0.028889
1 0.836875 0.394444 0.008750 0.042222
1 0.814375 0.372222 0.008750 0.037778
1 0.796875 0.345556 0.026250 0.051111
1 0.501250 0.425556 0.025000 0.068889
1 0.430625 0.378889 0.018750 0.046667
1 0.245625 0.306667 0.011250 0.035556
1 0.225000 0.280000 0.007500 0.022222
1 0.152500 0.354444 0.010000 0.046667
4 0.133750 0.334444 0.020000 0.042222
4 0.099375 0.336667 0.008750 0.042222
4 0.154375 0.310000 0.006250 0.028889
4 0.163750 0.301111 0.010000 0.028889
