3 0.076172 0.352431 0.148438 0.184028
3 0.345703 0.583333 0.273438 0.326389
1 0.453125 0.781250 0.058594 0.166667
1 0.495117 0.862847 0.052734 0.184028
1 0.607422 0.833333 0.050781 0.166667
1 0.713867 0.833333 0.041016 0.180556
1 0.781250 0.739583 0.035156 0.152778
1 0.734375 0.682292 0.035156 0.149306
1 0.634766 0.685764 0.039062 0.149306
1 0.594727 0.612847 0.037109 0.121528
1 0.621094 0.559028 0.023438 0.111111
1 0.704102 0.586806 0.029297 0.111111
1 0.844727 0.623264 0.029297 0.121528
1 0.791016 0.519097 0.023438 0.093750
1 0.686523 0.470486 0.021484 0.086806
1 0.738281 0.428819 0.019531 0.072917
1 0.783203 0.454861 0.027344 0.083333
1 0.799805 0.409722 0.017578 0.069444
1 0.741211 0.368056 0.013672 0.062500
1 0.776367 0.345486 0.017578 0.059028
1 0.820312 0.335069 0.015625 0.059028
1 0.913086 0.409722 0.033203 0.069444
