4 0.169375 0.274444 0.023750 0.051111
3 0.270000 0.410000 0.077500 0.157778
3 0.195625 0.290000 0.028750 0.068889
1 0.303750 0.488889 0.020000 0.084444
1 0.200000 0.525556 0.025000 0.091111
1 0.180625 0.504444 0.018750 0.075556
1 0.178125 0.460000 0.021250 0.080000
1 0.210000 0.444444 0.015000 0.066667
1 0.193125 0.402222 0.013750 0.057778
1 0.153750 0.372222 0.015000 0.051111
1 0.142500 0.290000 0.010000 0.033333
1 0.133125 0.281111 0.006250 0.028889
1 0.258125 0.267778 0.006250 0.028889
1 0.239375 0.234444 0.006250 0.020000
