3 0.175781 0.513889 0.347656 0.534722
1 0.735352 0.661458 0.103516 0.170139
1 0.963867 0.652778 0.060547 0.166667
1 0.886719 0.319444 0.039062 0.069444
1 0.842773 0.321181 0.037109 0.072917
1 0.814453 0.309028 0.035156 0.062500
1 0.805664 0.303819 0.037109 0.065972
1 0.723633 0.255208 0.025391 0.045139
1 0.774414 0.244792 0.029297 0.065972
1 0.861328 0.263889 0.027344 0.055556
1 0.901367 0.263889 0.033203 0.062500
1 0.928711 0.267361 0.033203 0.048611
0 0.248047 0.366319 0.117188 0.100694
1 0.150391 0.413194 0.042969 0.104167
1 0.113281 0.373264 0.050781 0.086806
1 0.264648 0.269097 0.017578 0.059028
1 0.241211 0.270833 0.013672 0.048611
1 0.204102 0.274306 0.013672 0.048611
1 0.291992 0.295139 0.017578 0.062500
1 0.321289 0.317708 0.025391 0.072917
1 0.338867 0.279514 0.013672 0.059028
1 0.375977 0.260417 0.013672 0.048611
1 0.393555 0.258681 0.017578 0.052083
1 0.322266 0.234375 0.011719 0.045139
1 0.358398 0.234375 0.013672 0.045139
1 0.345703 0.222222 0.011719 0.041667
1 0.300781 0.211806 0.007812 0.041667
1 0.639648 0.312500 0.041016 0.069444
