0 0.188750 0.630000 0.122500 0.233333
0 0.496875 0.884444 0.216250 0.231111
1 0.393125 0.811111 0.053750 0.186667
1 0.117500 0.597778 0.030000 0.137778
4 0.067500 0.403333 0.062500 0.108889
4 0.256875 0.375556 0.068750 0.155556
4 0.278125 0.260000 0.038750 0.084444
1 0.196250 0.348889 0.020000 0.071111
1 0.186875 0.230000 0.008750 0.042222
1 0.205000 0.228889 0.007500 0.035556
1 0.208750 0.270000 0.012500 0.046667
1 0.426250 0.272222 0.025000 0.046667
4 0.234375 0.152222 0.043750 0.033333
0 0.370625 0.160000 0.028750 0.031111
1 0.266250 0.186667 0.010000 0.040000
0 0.546875 0.170000 0.016250 0.028889
4 0.526875 0.142222 0.013750 0.017778
1 0.710625 0.395556 0.021250 0.080000
1 0.743750 0.368889 0.020000 0.062222
1 0.823750 0.475556 0.025000 0.093333
1 0.804375 0.587778 0.038750 0.135556
