1 0.260000 0.595556 0.060000 0.182222
1 0.639375 0.394444 0.041250 0.117778
1 0.554375 0.362222 0.026250 0.093333
1 0.550000 0.338889 0.022500 0.077778
1 0.483750 0.323333 0.022500 0.073333
1 0.425625 0.297778 0.043750 0.071111
1 0.449375 0.278889 0.026250 0.055556
1 0.401250 0.281111 0.037500 0.064444
1 0.371875 0.305556 0.036250 0.068889
1 0.642500 0.213333 0.012500 0.040000
1 0.616875 0.211111 0.008750 0.035556
1 0.585000 0.196667 0.010000 0.033333
1 0.600625 0.182222 0.011250 0.031111
0 0.925000 0.454444 0.135000 0.122222
