3 0.658750 0.730000 0.190000 0.255556
3 0.454375 0.512222 0.273750 0.313333
1 0.922500 0.354444 0.050000 0.091111
1 0.831250 0.340000 0.045000 0.088889
1 0.774375 0.378889 0.048750 0.100000
1 0.701250 0.444444 0.055000 0.120000
1 0.887500 0.691111 0.042500 0.164444
1 0.803125 0.853333 0.061250 0.226667
1 0.921875 0.896667 0.108750 0.180000
1 0.532500 0.931111 0.112500 0.133333
1 0.311250 0.810000 0.095000 0.166667
1 0.298750 0.754444 0.100000 0.166667
1 0.183750 0.771111 0.107500 0.160000
1 0.114375 0.728889 0.103750 0.151111
1 0.259375 0.507778 0.068750 0.122222
1 0.061250 0.635556 0.095000 0.142222
1 0.040000 0.393333 0.032500 0.102222
1 0.147500 0.351111 0.030000 0.088889
1 0.218125 0.198889 0.026250 0.060000
