3 0.567500 0.412222 0.067500 0.091111
0 0.297500 0.297778 0.037500 0.026667
0 0.340625 0.296667 0.043750 0.033333
0 0.363125 0.297778 0.036250 0.031111
0 0.383750 0.312222 0.045000 0.028889
0 0.524375 0.327778 0.051250 0.033333
0 0.123750 0.284444 0.020000 0.031111
0 0.044375 0.401111 0.048750 0.064444
1 0.335000 0.460000 0.022500 0.071111
1 0.223750 0.297778 0.007500 0.026667
1 0.263750 0.326667 0.010000 0.031111
1 0.272500 0.320000 0.012500 0.031111
1 0.791250 0.707778 0.035000 0.126667
1 0.693750 0.602222 0.025000 0.111111
1 0.654375 0.452222 0.023750 0.064444
1 0.657500 0.355556 0.010000 0.031111
1 0.970000 0.563333 0.022500 0.091111
1 0.900000 0.447778 0.012500 0.055556
1 0.858125 0.393333 0.008750 0.040000
