1 0.531875 0.467778 0.023750 0.095556
1 0.203125 0.408889 0.021250 0.088889
1 0.265625 0.336667 0.016250 0.068889
1 0.203125 0.318889 0.018750 0.068889
1 0.215000 0.240000 0.017500 0.048889
1 0.291875 0.242222 0.021250 0.040000
1 0.351875 0.260000 0.021250 0.048889
1 0.223750 0.210000 0.007500 0.037778
1 0.239375 0.197778 0.008750 0.031111
1 0.225000 0.195556 0.007500 0.031111
1 0.258125 0.185556 0.006250 0.028889
1 0.250000 0.177778 0.007500 0.026667
1 0.166875 0.212222 0.021250 0.033333
1 0.720000 0.425556 0.025000 0.082222
1 0.683750 0.268889 0.012500 0.048889
1 0.696875 0.248889 0.011250 0.040000
1 0.628750 0.237778 0.012500 0.048889
1 0.629375 0.221111 0.011250 0.037778
1 0.613750 0.207778 0.007500 0.033333
0 0.568125 0.257778 0.028750 0.044444
0 0.523750 0.252222 0.022500 0.033333
1 0.478750 0.197778 0.007500 0.031111
0 0.465000 0.188889 0.007500 0.031111
3 0.438125 0.157778 0.056250 0.048889
0 0.520625 0.165556 0.013750 0.020000
1 0.561250 0.148889 0.005000 0.022222
1 0.575625 0.165556 0.006250 0.024444
1 0.594375 0.188889 0.013750 0.031111
1 0.765625 0.890000 0.048750 0.202222
1 0.364375 0.850000 0.078750 0.197778
1 0.436875 0.908889 0.061250 0.168889
3 0.120625 0.816667 0.228750 0.344444
0 0.043750 0.470000 0.077500 0.126667
0 0.749375 0.238889 0.048750 0.042222
