0 0.775625 0.712222 0.151250 0.228889
2 0.717500 0.527778 0.042500 0.122222
0 0.353125 0.458889 0.146250 0.140000
1 0.238750 0.566667 0.077500 0.128889
1 0.545625 0.222222 0.021250 0.057778
1 0.482500 0.211111 0.015000 0.057778
1 0.455625 0.218889 0.013750 0.060000
1 0.462500 0.206667 0.012500 0.057778
1 0.433125 0.223333 0.016250 0.060000
1 0.429375 0.206667 0.011250 0.053333
1 0.398125 0.223333 0.013750 0.060000
1 0.436250 0.160000 0.012500 0.040000
1 0.470625 0.146667 0.008750 0.040000
1 0.506875 0.093333 0.006250 0.026667
0 0.538125 0.191111 0.028750 0.053333
0 0.498125 0.183333 0.033750 0.060000
0 0.548125 0.168889 0.026250 0.048889
0 0.554375 0.125556 0.023750 0.042222
0 0.558750 0.096667 0.020000 0.033333
0 0.547500 0.082222 0.017500 0.031111
1 0.295000 0.291111 0.027500 0.062222
1 0.687500 0.181111 0.012500 0.046667
1 0.660000 0.117778 0.005000 0.026667
