1 0.413125 0.772222 0.063750 0.180000
1 0.416250 0.291111 0.020000 0.062222
1 0.448125 0.243333 0.011250 0.046667
1 0.375000 0.211111 0.020000 0.035556
1 0.335625 0.245556 0.021250 0.042222
1 0.300625 0.266667 0.021250 0.053333
1 0.291250 0.244444 0.020000 0.044444
1 0.230000 0.247778 0.020000 0.042222
1 0.226250 0.234444 0.017500 0.042222
1 0.176875 0.453333 0.031250 0.102222
1 0.813125 0.505556 0.026250 0.108889
1 0.771875 0.482222 0.023750 0.102222
1 0.888125 0.612222 0.031250 0.131111
1 0.668750 0.324444 0.032500 0.066667
1 0.683750 0.312222 0.032500 0.064444
1 0.631250 0.311111 0.030000 0.057778
1 0.621875 0.332222 0.018750 0.060000
1 0.588750 0.364444 0.017500 0.071111
1 0.555000 0.301111 0.015000 0.051111
1 0.564375 0.287778 0.028750 0.055556
1 0.520000 0.290000 0.015000 0.055556
1 0.506875 0.204444 0.013750 0.035556
1 0.531875 0.205556 0.011250 0.028889
1 0.471875 0.192222 0.008750 0.028889
1 0.448750 0.183333 0.010000 0.024444
1 0.609375 0.253333 0.011250 0.044444
1 0.605000 0.210000 0.010000 0.033333
1 0.576250 0.187778 0.010000 0.024444
1 0.565625 0.194444 0.008750 0.033333
1 0.551875 0.181111 0.008750 0.028889
1 0.545000 0.162222 0.007500 0.026667
1 0.736250 0.293333 0.015000 0.048889
1 0.696875 0.281111 0.013750 0.055556
1 0.665000 0.261111 0.010000 0.046667
1 0.650000 0.244444 0.012500 0.040000
1 0.635000 0.216667 0.010000 0.037778
1 0.698750 0.237778 0.020000 0.044444
1 0.586250 0.678889 0.052500 0.157778
