1 0.903125 0.547778 0.033750 0.113333
1 0.811875 0.367778 0.023750 0.082222
0 0.721875 0.395556 0.073750 0.124444
0 0.614375 0.315556 0.046250 0.080000
4 0.668750 0.221111 0.065000 0.131111
4 0.538125 0.166667 0.036250 0.075556
0 0.671250 0.870000 0.142500 0.251111
1 0.076875 0.815556 0.056250 0.186667
1 0.755000 0.330000 0.017500 0.073333
1 0.747500 0.275556 0.020000 0.062222
1 0.723125 0.226667 0.011250 0.048889
1 0.498750 0.154444 0.007500 0.037778
1 0.502500 0.133333 0.007500 0.035556
0 0.465000 0.230000 0.042500 0.073333
0 0.416875 0.338889 0.061250 0.108889
1 0.328125 0.291111 0.013750 0.066667
