0 0.432500 0.411111 0.075000 0.053333
0 0.386875 0.370000 0.056250 0.051111
1 0.328750 0.328889 0.015000 0.040000
1 0.265625 0.316667 0.011250 0.033333
1 0.228125 0.276667 0.006250 0.024444
1 0.161250 0.326667 0.007500 0.040000
1 0.155000 0.310000 0.010000 0.037778
1 0.164375 0.271111 0.006250 0.022222
1 0.104375 0.351111 0.013750 0.044444
1 0.110000 0.411111 0.020000 0.062222
1 0.069375 0.750000 0.051250 0.171111
1 0.841250 0.918889 0.057500 0.162222
1 0.776250 0.680000 0.037500 0.142222
1 0.688125 0.551111 0.026250 0.102222
1 0.749375 0.485556 0.021250 0.073333
1 0.793125 0.506667 0.023750 0.080000
1 0.790625 0.430000 0.018750 0.060000
1 0.845625 0.417778 0.013750 0.048889
1 0.827500 0.425556 0.015000 0.051111
1 0.837500 0.397778 0.012500 0.044444
1 0.810625 0.360000 0.008750 0.031111
1 0.760000 0.332222 0.005000 0.028889
1 0.782500 0.327778 0.007500 0.028889
1 0.803125 0.331111 0.016250 0.022222
1 0.790000 0.317778 0.007500 0.022222
1 0.580000 0.431111 0.022500 0.062222
1 0.646250 0.358889 0.015000 0.037778
0 0.078750 0.360000 0.032500 0.053333
0 0.025625 0.405556 0.046250 0.073333
0 0.475000 0.324444 0.055000 0.035556
0 0.951875 0.478889 0.053750 0.064444
0 0.911250 0.442222 0.052500 0.062222
0 0.861250 0.380000 0.030000 0.040000
