1 0.770625 0.570000 0.033750 0.100000
1 0.572500 0.550000 0.057500 0.091111
0 0.683125 0.516667 0.071250 0.091111
1 0.606875 0.480000 0.028750 0.066667
1 0.568750 0.443333 0.022500 0.060000
0 0.315625 0.364444 0.051250 0.044444
1 0.360625 0.441111 0.023750 0.064444
1 0.403125 0.452222 0.028750 0.068889
1 0.381250 0.362222 0.015000 0.040000
1 0.417500 0.332222 0.012500 0.033333
0 0.158125 0.320000 0.023750 0.044444
1 0.115000 0.360000 0.012500 0.048889
1 0.236250 0.287778 0.007500 0.028889
1 0.209375 0.284444 0.006250 0.026667
1 0.853125 0.416667 0.013750 0.060000
1 0.806250 0.408889 0.010000 0.048889
1 0.831250 0.385556 0.010000 0.042222
1 0.812500 0.370000 0.007500 0.033333
1 0.724375 0.346667 0.011250 0.035556
1 0.708750 0.352222 0.012500 0.037778
1 0.665625 0.357778 0.011250 0.040000
1 0.646875 0.371111 0.013750 0.040000
1 0.643125 0.357778 0.016250 0.035556
