1 0.395508 0.602431 0.099609 0.163194
1 0.287109 0.697917 0.121094 0.166667
1 0.254883 0.781250 0.134766 0.187500
1 0.147461 0.868056 0.154297 0.215278
1 0.066406 0.748264 0.117188 0.156250
1 0.172852 0.623264 0.107422 0.156250
4 0.140625 0.531250 0.277344 0.222222
1 0.305664 0.338542 0.048828 0.079861
1 0.228516 0.369792 0.054688 0.079861
1 0.242188 0.357639 0.050781 0.076389
1 0.221680 0.326389 0.037109 0.076389
1 0.339844 0.274306 0.015625 0.048611
1 0.368164 0.250000 0.017578 0.048611
1 0.320312 0.284722 0.019531 0.055556
1 0.289062 0.322917 0.031250 0.069444
1 0.278320 0.248264 0.013672 0.045139
1 0.250000 0.262153 0.015625 0.059028
1 0.189453 0.263889 0.019531 0.048611
1 0.215820 0.263889 0.017578 0.048611
1 0.206055 0.232639 0.013672 0.048611
1 0.168945 0.246528 0.013672 0.048611
1 0.221680 0.217014 0.017578 0.045139
1 0.374023 0.901042 0.158203 0.190972
2 0.582031 0.822917 0.132812 0.208333
1 0.550781 0.699653 0.113281 0.177083
1 0.660156 0.578125 0.082031 0.135417
1 0.651367 0.545139 0.083984 0.125000
1 0.829102 0.640625 0.087891 0.156250
1 0.773438 0.842014 0.121094 0.204861
1 0.839844 0.513889 0.074219 0.125000
1 0.867188 0.592014 0.066406 0.128472
0 0.535156 0.243056 0.078125 0.062500
1 0.793945 0.262153 0.037109 0.052083
1 0.915039 0.265625 0.033203 0.052083
1 0.981445 0.274306 0.029297 0.055556
