1 0.771875 0.498889 0.021250 0.077778
1 0.730000 0.465556 0.022500 0.064444
1 0.876250 0.482222 0.022500 0.075556
1 0.855000 0.442222 0.015000 0.057778
1 0.830000 0.398889 0.012500 0.042222
0 0.796875 0.355556 0.021250 0.035556
1 0.731875 0.340000 0.008750 0.022222
1 0.687500 0.355556 0.010000 0.035556
1 0.673125 0.361111 0.013750 0.037778
1 0.622500 0.356667 0.012500 0.033333
1 0.576875 0.438889 0.023750 0.068889
1 0.505625 0.387778 0.013750 0.051111
1 0.400000 0.361111 0.015000 0.042222
1 0.448750 0.385556 0.020000 0.051111
0 0.579375 0.326667 0.051250 0.035556
0 0.473750 0.325556 0.055000 0.033333
3 0.321875 0.328889 0.058750 0.080000
0 0.075625 0.361111 0.043750 0.055556
1 0.070000 0.431111 0.017500 0.066667
1 0.115000 0.418889 0.015000 0.060000
1 0.170625 0.417778 0.016250 0.066667
1 0.234375 0.426667 0.018750 0.066667
1 0.132500 0.372222 0.012500 0.055556
1 0.140000 0.316667 0.007500 0.033333
1 0.105000 0.391111 0.015000 0.057778
1 0.153125 0.291111 0.006250 0.026667
1 0.146875 0.298889 0.006250 0.028889
1 0.245625 0.315556 0.008750 0.031111
1 0.238125 0.302222 0.008750 0.031111
1 0.221250 0.282222 0.005000 0.022222
1 0.209375 0.286667 0.006250 0.026667
1 0.141875 0.658889 0.038750 0.131111
1 0.058750 0.671111 0.040000 0.142222
1 0.011875 0.538889 0.021250 0.100000
1 0.935000 0.491111 0.025000 0.071111
1 0.892500 0.460000 0.012500 0.057778
0 0.913750 0.440000 0.050000 0.062222
0 0.863125 0.386667 0.031250 0.040000
1 0.777500 0.347778 0.012500 0.028889
4 0.767500 0.837778 0.165000 0.311111
0 0.026250 0.405556 0.042500 0.068889
