0 0.494375 0.191111 0.036250 0.062222
0 0.471250 0.403333 0.075000 0.153333
0 0.648125 0.358889 0.051250 0.086667
0 0.645625 0.073333 0.016250 0.022222
0 0.596875 0.074444 0.016250 0.028889
0 0.598125 0.118889 0.018750 0.037778
1 0.286875 0.647778 0.043750 0.166667
1 0.365625 0.396667 0.021250 0.108889
1 0.344375 0.336667 0.023750 0.086667
1 0.406875 0.374444 0.021250 0.100000
1 0.432500 0.270000 0.017500 0.068889
1 0.449375 0.238889 0.013750 0.060000
1 0.471250 0.140000 0.010000 0.035556
1 0.503125 0.153333 0.013750 0.040000
1 0.511250 0.113333 0.010000 0.031111
1 0.511875 0.092222 0.006250 0.024444
1 0.761250 0.345556 0.020000 0.077778
1 0.717500 0.230000 0.012500 0.055556
1 0.675625 0.223333 0.011250 0.060000
1 0.686875 0.178889 0.008750 0.051111
1 0.675000 0.151111 0.010000 0.040000
1 0.629375 0.116667 0.008750 0.033333
1 0.645625 0.096667 0.008750 0.028889
1 0.938125 0.306667 0.023750 0.071111
1 0.950000 0.284444 0.027500 0.066667
