0 0.500625 0.320000 0.046250 0.071111
1 0.577500 0.337778 0.017500 0.062222
1 0.655625 0.578889 0.028750 0.122222
1 0.766250 0.580000 0.035000 0.128889
1 0.151250 0.516667 0.032500 0.122222
1 0.191250 0.310000 0.017500 0.060000
1 0.249375 0.310000 0.016250 0.060000
1 0.341875 0.292222 0.021250 0.055556
1 0.190000 0.232222 0.017500 0.037778
1 0.243125 0.188889 0.008750 0.031111
1 0.686875 0.242222 0.026250 0.044444
1 0.578750 0.217778 0.010000 0.035556
1 0.588750 0.207778 0.012500 0.037778
1 0.497500 0.181111 0.007500 0.033333
1 0.471875 0.176667 0.006250 0.028889
1 0.525625 0.167778 0.003750 0.020000
0 0.520625 0.155556 0.013750 0.026667
0 0.562500 0.151111 0.007500 0.022222
1 0.860625 0.460000 0.031250 0.088889
0 0.043750 0.470000 0.077500 0.126667
1 0.968750 0.312222 0.030000 0.046667
1 0.210625 0.155556 0.011250 0.022222
