3 0.537500 0.450000 0.207500 0.211111
0 0.553750 0.640000 0.220000 0.177778
0 0.286875 0.730000 0.271250 0.228889
0 0.082500 0.546667 0.155000 0.164444
3 0.168750 0.422222 0.187500 0.168889
3 0.405000 0.251111 0.087500 0.111111
0 0.614375 0.151111 0.056250 0.066667
1 0.576875 0.055556 0.006250 0.022222
1 0.583750 0.082222 0.010000 0.035556
1 0.628750 0.206667 0.015000 0.062222
1 0.463750 0.128889 0.012500 0.057778
1 0.425000 0.330000 0.052500 0.073333
1 0.421875 0.366667 0.058750 0.088889
1 0.488750 0.360000 0.067500 0.088889
1 0.484375 0.320000 0.053750 0.080000
1 0.319375 0.371111 0.056250 0.097778
1 0.343125 0.328889 0.046250 0.088889
1 0.305000 0.340000 0.052500 0.088889
1 0.296875 0.272222 0.036250 0.077778
1 0.092500 0.327778 0.047500 0.095556
1 0.829375 0.800000 0.068750 0.160000
1 0.770000 0.388889 0.062500 0.088889
1 0.666875 0.340000 0.053750 0.080000
1 0.794375 0.280000 0.018750 0.071111
1 0.813125 0.240000 0.016250 0.062222
0 0.951250 0.572222 0.097500 0.140000
