3 0.304688 0.605903 0.218750 0.350694
0 0.299805 0.472222 0.130859 0.159722
0 0.500977 0.147569 0.029297 0.052083
3 0.471680 0.118056 0.037109 0.055556
3 0.505859 0.109375 0.027344 0.059028
3 0.532227 0.090278 0.021484 0.055556
1 0.599609 0.107639 0.007812 0.027778
1 0.598633 0.130208 0.009766 0.031250
1 0.553711 0.144097 0.009766 0.038194
1 0.572266 0.138889 0.007812 0.034722
1 0.574219 0.170139 0.007812 0.041667
1 0.583008 0.190972 0.013672 0.048611
1 0.597656 0.208333 0.015625 0.048611
1 0.640625 0.180556 0.011719 0.048611
1 0.597656 0.241319 0.015625 0.065972
1 0.557617 0.253472 0.013672 0.069444
1 0.578125 0.274306 0.019531 0.076389
1 0.526367 0.277778 0.017578 0.069444
1 0.512695 0.340278 0.021484 0.090278
1 0.460938 0.354167 0.019531 0.097222
1 0.560547 0.355903 0.023438 0.100694
1 0.510742 0.505208 0.033203 0.135417
1 0.443359 0.680556 0.050781 0.194444
1 0.541016 0.880208 0.058594 0.232639
1 0.235352 0.923611 0.087891 0.138889
1 0.723633 0.817708 0.052734 0.225694
1 0.705078 0.680556 0.054688 0.194444
1 0.759766 0.586806 0.042969 0.173611
1 0.673828 0.465278 0.027344 0.125000
1 0.612305 0.567708 0.033203 0.156250
1 0.621094 0.397569 0.027344 0.114583
1 0.952148 0.609375 0.056641 0.177083
1 0.841797 0.279514 0.031250 0.072917
1 0.737305 0.319444 0.021484 0.090278
1 0.713867 0.178819 0.025391 0.059028
1 0.037109 0.673611 0.070312 0.180556
1 0.163086 0.670139 0.068359 0.180556
1 0.120117 0.538194 0.052734 0.138889
1 0.164062 0.538194 0.046875 0.125000
1 0.091797 0.364583 0.035156 0.097222
1 0.156250 0.317708 0.023438 0.079861
1 0.198242 0.307292 0.025391 0.079861
1 0.228516 0.305556 0.027344 0.083333
1 0.263672 0.328125 0.027344 0.093750
1 0.278320 0.343750 0.029297 0.090278
1 0.308594 0.269097 0.023438 0.079861
1 0.330078 0.203125 0.011719 0.052083
1 0.367188 0.203125 0.015625 0.052083
1 0.388672 0.204861 0.015625 0.062500
1 0.360352 0.177083 0.013672 0.048611
1 0.291016 0.178819 0.011719 0.052083
1 0.223633 0.230903 0.021484 0.059028
1 0.192383 0.184028 0.009766 0.041667
1 0.204102 0.164931 0.013672 0.045139
1 0.213867 0.156250 0.009766 0.041667
1 0.225586 0.159722 0.013672 0.034722
1 0.242188 0.156250 0.011719 0.041667
1 0.192383 0.154514 0.009766 0.045139
1 0.392578 0.151042 0.015625 0.052083
1 0.410156 0.152778 0.011719 0.041667
1 0.430664 0.151042 0.005859 0.031250
1 0.428711 0.126736 0.009766 0.024306
1 0.455078 0.149306 0.007812 0.034722
