3 0.355625 0.144444 0.038750 0.080000
3 0.400000 0.143333 0.030000 0.073333
3 0.387500 0.117778 0.025000 0.053333
3 0.415000 0.114444 0.022500 0.060000
3 0.445625 0.146667 0.028750 0.075556
3 0.456875 0.364444 0.101250 0.124444
1 0.350625 0.338889 0.038750 0.068889
3 0.108750 0.336667 0.195000 0.157778
3 0.198750 0.166667 0.035000 0.075556
1 0.196250 0.204444 0.012500 0.044444
1 0.175625 0.212222 0.008750 0.042222
1 0.129375 0.226667 0.013750 0.040000
1 0.131250 0.194444 0.010000 0.037778
1 0.051250 0.436667 0.045000 0.086667
1 0.665625 0.673333 0.081250 0.151111
1 0.936250 0.826667 0.122500 0.217778
1 0.865000 0.335556 0.037500 0.066667
1 0.853125 0.321111 0.041250 0.064444
1 0.935000 0.341111 0.032500 0.068889
1 0.969375 0.328889 0.021250 0.066667
0 0.910625 0.296667 0.071250 0.082222
1 0.871875 0.212222 0.013750 0.042222
1 0.150000 0.193333 0.010000 0.035556
1 0.173750 0.192222 0.007500 0.037778
1 0.213750 0.196667 0.007500 0.037778
1 0.223125 0.188889 0.008750 0.035556
1 0.288750 0.135556 0.007500 0.022222
1 0.278750 0.140000 0.007500 0.022222
1 0.266875 0.152222 0.006250 0.028889
1 0.254375 0.165556 0.006250 0.033333
1 0.353750 0.081111 0.005000 0.015556
1 0.006250 0.355556 0.007500 0.048889
1 0.630625 0.071111 0.003750 0.017778
1 0.642500 0.072222 0.005000 0.020000
1 0.713750 0.096667 0.007500 0.033333
1 0.178125 0.164444 0.006250 0.026667
