1 0.753125 0.400000 0.053750 0.106667
1 0.425625 0.392222 0.023750 0.104444
1 0.398125 0.310000 0.036250 0.068889
2 0.417500 0.276667 0.035000 0.055556
1 0.471250 0.318889 0.027500 0.077778
1 0.571250 0.332222 0.030000 0.082222
1 0.511250 0.253333 0.015000 0.044444
1 0.525000 0.256667 0.015000 0.055556
1 0.544375 0.250000 0.013750 0.055556
1 0.555000 0.238889 0.010000 0.051111
1 0.566250 0.247778 0.012500 0.051111
1 0.533750 0.220000 0.012500 0.048889
1 0.591250 0.222222 0.012500 0.040000
1 0.624375 0.181111 0.008750 0.028889
1 0.636250 0.178889 0.007500 0.028889
1 0.648750 0.181111 0.007500 0.028889
3 0.586250 0.187778 0.015000 0.037778
