1 0.541875 0.755556 0.058750 0.177778
1 0.702500 0.572222 0.040000 0.126667
1 0.600000 0.390000 0.020000 0.077778
1 0.654375 0.318889 0.033750 0.060000
1 0.688750 0.307778 0.017500 0.060000
1 0.732500 0.318889 0.017500 0.060000
1 0.654375 0.292222 0.016250 0.051111
1 0.636875 0.222222 0.011250 0.035556
1 0.751875 0.527778 0.028750 0.113333
1 0.775625 0.457778 0.023750 0.093333
1 0.834375 0.401111 0.046250 0.068889
1 0.828750 0.328889 0.035000 0.062222
1 0.868125 0.296667 0.016250 0.051111
1 0.898750 0.612222 0.042500 0.148889
1 0.938750 0.352222 0.040000 0.064444
1 0.113750 0.698889 0.042500 0.171111
1 0.255000 0.260000 0.012500 0.048889
1 0.260000 0.238889 0.022500 0.042222
1 0.241875 0.242222 0.023750 0.044444
1 0.245000 0.192222 0.010000 0.033333
1 0.215000 0.225556 0.017500 0.037778
1 0.203750 0.206667 0.007500 0.035556
4 0.145625 0.150000 0.068750 0.046667
1 0.081875 0.502222 0.036250 0.111111
1 0.481875 0.180000 0.011250 0.026667
0 0.435000 0.175556 0.035000 0.031111
1 0.551875 0.188889 0.008750 0.031111
1 0.568125 0.177778 0.008750 0.022222
1 0.584375 0.181111 0.008750 0.028889
1 0.540000 0.155556 0.005000 0.022222
1 0.553750 0.166667 0.010000 0.026667
0 0.044375 0.466667 0.071250 0.111111
