3 0.810000 0.565556 0.362500 0.384444
3 0.131250 0.363333 0.150000 0.224444
1 0.535000 0.435556 0.070000 0.115556
1 0.578125 0.417778 0.063750 0.102222
1 0.561250 0.365556 0.050000 0.086667
1 0.639375 0.288889 0.048750 0.075556
1 0.641250 0.406667 0.060000 0.097778
1 0.645000 0.445556 0.052500 0.095556
1 0.457500 0.611111 0.070000 0.146667
1 0.439375 0.332222 0.041250 0.091111
1 0.371250 0.284444 0.032500 0.080000
1 0.340625 0.294444 0.033750 0.082222
1 0.361875 0.494444 0.061250 0.126667
1 0.483125 0.728889 0.083750 0.173333
1 0.435625 0.871111 0.091250 0.213333
1 0.309375 0.714444 0.076250 0.171111
1 0.285000 0.606667 0.052500 0.137778
1 0.281250 0.463333 0.040000 0.126667
1 0.230000 0.384444 0.040000 0.106667
1 0.113125 0.182222 0.021250 0.057778
1 0.250000 0.253333 0.027500 0.066667
1 0.040625 0.873333 0.073750 0.146667
1 0.542500 0.886667 0.090000 0.195556
1 0.672500 0.912222 0.102500 0.166667
1 0.788750 0.883333 0.097500 0.188889
1 0.620000 0.766667 0.077500 0.177778
1 0.966250 0.917778 0.067500 0.120000
1 0.927500 0.357778 0.037500 0.093333
1 0.910000 0.200000 0.035000 0.071111
1 0.839375 0.360000 0.036250 0.075556
