0 0.665000 0.490000 0.075000 0.126667
0 0.538125 0.167778 0.018750 0.024444
0 0.550000 0.157778 0.015000 0.022222
3 0.440000 0.150000 0.072500 0.060000
1 0.884375 0.377778 0.046250 0.062222
1 0.876250 0.280000 0.027500 0.048889
1 0.916875 0.916667 0.056250 0.166667
1 0.755625 0.337778 0.038750 0.066667
1 0.695625 0.317778 0.033750 0.053333
1 0.688125 0.271111 0.013750 0.048889
1 0.680000 0.215556 0.012500 0.031111
1 0.656250 0.232222 0.010000 0.037778
1 0.622500 0.227778 0.010000 0.037778
1 0.614375 0.200000 0.008750 0.031111
1 0.606875 0.188889 0.008750 0.031111
1 0.571875 0.172222 0.006250 0.024444
1 0.586250 0.180000 0.007500 0.022222
1 0.552500 0.390000 0.040000 0.077778
1 0.557500 0.150000 0.007500 0.020000
1 0.433750 0.280000 0.027500 0.057778
1 0.229375 0.281111 0.013750 0.055556
1 0.178750 0.290000 0.020000 0.051111
1 0.157500 0.308889 0.020000 0.057778
1 0.140625 0.312222 0.011250 0.051111
1 0.084375 0.387778 0.021250 0.082222
1 0.285625 0.161111 0.018750 0.028889
1 0.268750 0.167778 0.005000 0.024444
1 0.298750 0.150000 0.005000 0.020000
1 0.286250 0.152222 0.005000 0.020000
0 0.043750 0.474444 0.077500 0.131111
