3 0.324219 0.244792 0.085938 0.177083
3 0.278320 0.185764 0.056641 0.121528
3 0.403320 0.355903 0.115234 0.225694
3 0.355469 0.152778 0.054688 0.076389
3 0.605469 0.243056 0.125000 0.138889
3 0.669922 0.312500 0.144531 0.166667
0 0.406250 0.189236 0.046875 0.059028
0 0.471680 0.232639 0.068359 0.076389
4 0.471680 0.185764 0.044922 0.065972
0 0.518555 0.112847 0.025391 0.038194
0 0.641602 0.578125 0.162109 0.218750
3 0.598633 0.843750 0.181641 0.298611
3 0.913086 0.454861 0.173828 0.284722
1 0.598633 0.126736 0.005859 0.031250
1 0.592773 0.092014 0.001953 0.017361
1 0.490234 0.125000 0.011719 0.034722
1 0.460938 0.123264 0.007812 0.031250
1 0.520508 0.185764 0.017578 0.059028
1 0.440430 0.164931 0.013672 0.052083
1 0.407227 0.154514 0.009766 0.031250
1 0.191406 0.164931 0.011719 0.045139
1 0.518555 0.572917 0.048828 0.173611
1 0.594727 0.666667 0.060547 0.194444
1 0.949219 0.262153 0.015625 0.065972
1 0.969727 0.185764 0.017578 0.059028
1 0.929688 0.180556 0.011719 0.048611
1 0.880859 0.182292 0.019531 0.045139
