1 0.570625 0.471111 0.031250 0.146667
1 0.673125 0.858889 0.078750 0.282222
1 0.697500 0.523333 0.085000 0.153333
1 0.488750 0.683333 0.047500 0.224444
1 0.417500 0.632222 0.055000 0.193333
1 0.409375 0.312222 0.026250 0.068889
1 0.398750 0.296667 0.040000 0.064444
1 0.821250 0.413333 0.062500 0.115556
1 0.514375 0.262222 0.016250 0.057778
1 0.543125 0.256667 0.013750 0.051111
1 0.567500 0.250000 0.015000 0.051111
1 0.589375 0.251111 0.011250 0.044444
1 0.535625 0.235556 0.013750 0.044444
1 0.556875 0.225556 0.008750 0.042222
3 0.576250 0.232222 0.027500 0.051111
1 0.588750 0.188889 0.020000 0.031111
1 0.578125 0.196667 0.006250 0.024444
1 0.636875 0.214444 0.008750 0.042222
1 0.629375 0.208889 0.011250 0.035556
1 0.652500 0.201111 0.007500 0.037778
1 0.628125 0.178889 0.006250 0.028889
