1 0.823125 0.686667 0.036250 0.151111
1 0.333125 0.360000 0.021250 0.080000
1 0.433750 0.166667 0.010000 0.040000
1 0.496875 0.108889 0.006250 0.031111
1 0.513125 0.111111 0.006250 0.026667
1 0.926875 0.338889 0.036250 0.068889
1 0.960625 0.340000 0.018750 0.080000
1 0.948125 0.296667 0.033750 0.073333
1 0.966250 0.278889 0.025000 0.060000
1 0.752500 0.317778 0.020000 0.071111
4 0.695625 0.327778 0.073750 0.144444
1 0.776250 0.227778 0.032500 0.051111
1 0.653750 0.116667 0.007500 0.028889
1 0.634375 0.096667 0.006250 0.024444
0 0.645625 0.071111 0.018750 0.022222
0 0.597500 0.098889 0.017500 0.028889
