1 0.571875 0.331111 0.031250 0.084444
1 0.472500 0.321111 0.027500 0.077778
1 0.426250 0.393333 0.025000 0.106667
1 0.398750 0.307778 0.035000 0.064444
2 0.418125 0.276667 0.036250 0.055556
1 0.511875 0.253333 0.013750 0.053333
1 0.525625 0.257778 0.013750 0.057778
1 0.544375 0.250000 0.011250 0.051111
1 0.553750 0.241111 0.007500 0.051111
1 0.565625 0.248889 0.011250 0.048889
1 0.533750 0.220000 0.012500 0.048889
1 0.592500 0.222222 0.012500 0.040000
1 0.625625 0.183333 0.008750 0.028889
1 0.636875 0.178889 0.006250 0.028889
1 0.647500 0.181111 0.007500 0.028889
1 0.627500 0.174444 0.010000 0.028889
3 0.585000 0.188889 0.017500 0.035556
1 0.753125 0.400000 0.053750 0.106667
