1 0.845000 0.466667 0.017500 0.062222
1 0.886250 0.477778 0.020000 0.071111
1 0.816875 0.371111 0.011250 0.040000
1 0.809375 0.335556 0.008750 0.026667
1 0.776875 0.335556 0.016250 0.031111
0 0.739375 0.337778 0.026250 0.035556
1 0.795000 0.711111 0.040000 0.128889
1 0.403750 0.362222 0.012500 0.044444
1 0.416250 0.552222 0.052500 0.104444
1 0.519375 0.381111 0.018750 0.046667
1 0.720000 0.331111 0.007500 0.022222
1 0.772500 0.277778 0.002500 0.017778
1 0.766875 0.275556 0.003750 0.017778
1 0.311250 0.338889 0.015000 0.037778
1 0.261875 0.321111 0.008750 0.037778
1 0.226875 0.280000 0.006250 0.022222
1 0.228125 0.298889 0.006250 0.028889
1 0.212500 0.248889 0.005000 0.017778
1 0.213125 0.266667 0.008750 0.022222
1 0.170625 0.272222 0.003750 0.024444
1 0.171250 0.248889 0.002500 0.017778
1 0.068125 0.418889 0.023750 0.068889
1 0.048125 0.556667 0.026250 0.104444
0 0.958750 0.474444 0.042500 0.064444
0 0.913125 0.442222 0.048750 0.062222
0 0.862500 0.382222 0.027500 0.040000
0 0.024375 0.404444 0.043750 0.062222
0 0.064375 0.372222 0.038750 0.046667
