0 0.350625 0.636667 0.188750 0.157778
1 0.035000 0.698889 0.062500 0.148889
1 0.069375 0.600000 0.046250 0.120000
1 0.040000 0.538889 0.027500 0.100000
1 0.069375 0.460000 0.018750 0.080000
1 0.091250 0.488889 0.027500 0.111111
1 0.220625 0.398889 0.018750 0.068889
1 0.146875 0.390000 0.016250 0.060000
1 0.158750 0.340000 0.012500 0.040000
1 0.127500 0.348889 0.012500 0.048889
1 0.133750 0.335556 0.010000 0.044444
1 0.141875 0.300000 0.008750 0.022222
1 0.150625 0.288889 0.003750 0.022222
1 0.176875 0.305556 0.008750 0.028889
1 0.170625 0.288889 0.006250 0.022222
1 0.373750 0.365556 0.017500 0.046667
1 0.356250 0.330000 0.017500 0.037778
1 0.264375 0.317778 0.008750 0.031111
1 0.232500 0.300000 0.007500 0.031111
1 0.228125 0.295556 0.006250 0.026667
1 0.213125 0.288889 0.003750 0.022222
1 0.703125 0.497778 0.023750 0.080000
1 0.636250 0.360000 0.015000 0.040000
1 0.602500 0.377778 0.020000 0.044444
1 0.568125 0.387778 0.018750 0.051111
1 0.765625 0.348889 0.008750 0.031111
1 0.753125 0.338889 0.013750 0.028889
1 0.741250 0.347778 0.007500 0.028889
0 0.769375 0.285556 0.011250 0.020000
1 0.877500 0.497778 0.022500 0.071111
1 0.817500 0.357778 0.010000 0.035556
0 0.078125 0.357778 0.036250 0.057778
0 0.023750 0.398889 0.045000 0.068889
0 0.473750 0.322222 0.055000 0.035556
0 0.958125 0.472222 0.041250 0.064444
0 0.912500 0.438889 0.052500 0.060000
0 0.862500 0.381111 0.030000 0.037778
