1 0.665625 0.580000 0.041250 0.137778
1 0.685000 0.318889 0.035000 0.068889
1 0.630000 0.305556 0.032500 0.060000
1 0.791875 0.308889 0.036250 0.057778
1 0.588750 0.191111 0.007500 0.031111
1 0.510625 0.190000 0.011250 0.037778
1 0.500625 0.178889 0.011250 0.028889
1 0.525000 0.315556 0.032500 0.062222
1 0.542500 0.151111 0.002500 0.017778
0 0.541250 0.145556 0.017500 0.020000
0 0.561875 0.151111 0.016250 0.017778
1 0.605000 0.170000 0.007500 0.028889
1 0.395625 0.228889 0.018750 0.040000
1 0.354375 0.367778 0.038750 0.077778
1 0.475000 0.196667 0.010000 0.033333
1 0.455625 0.177778 0.008750 0.031111
1 0.283750 0.761111 0.052500 0.211111
1 0.236875 0.650000 0.036250 0.157778
1 0.038750 0.606667 0.072500 0.133333
1 0.185000 0.515556 0.030000 0.115556
1 0.225000 0.448889 0.022500 0.102222
1 0.259375 0.417778 0.021250 0.097778
1 0.250000 0.360000 0.017500 0.088889
1 0.190000 0.361111 0.022500 0.077778
1 0.190000 0.227778 0.012500 0.042222
1 0.235000 0.271111 0.010000 0.053333
1 0.226875 0.241111 0.011250 0.042222
1 0.238125 0.228889 0.008750 0.040000
1 0.225000 0.185556 0.007500 0.033333
1 0.122500 0.351111 0.027500 0.071111
1 0.141875 0.310000 0.013750 0.060000
1 0.159375 0.308889 0.021250 0.062222
0 0.044375 0.470000 0.078750 0.108889
