1 0.575625 0.538889 0.046250 0.122222
1 0.629375 0.496667 0.048750 0.117778
1 0.571250 0.451111 0.045000 0.111111
1 0.500000 0.458889 0.040000 0.108889
1 0.480000 0.408889 0.030000 0.088889
1 0.396250 0.377778 0.030000 0.084444
1 0.426250 0.370000 0.025000 0.077778
4 0.436250 0.335556 0.032500 0.075556
1 0.380625 0.326667 0.018750 0.071111
1 0.343750 0.318889 0.015000 0.068889
1 0.325000 0.298889 0.017500 0.060000
1 0.307500 0.311111 0.020000 0.062222
1 0.353125 0.277778 0.028750 0.057778
1 0.354375 0.272222 0.026250 0.060000
1 0.311250 0.272222 0.027500 0.051111
1 0.248750 0.258889 0.025000 0.051111
1 0.163125 0.308889 0.018750 0.062222
1 0.215625 0.295556 0.011250 0.062222
1 0.180625 0.275556 0.011250 0.053333
1 0.120000 0.285556 0.010000 0.051111
1 0.137500 0.277778 0.007500 0.048889
1 0.377500 0.747778 0.060000 0.202222
0 0.186875 0.242222 0.026250 0.040000
0 0.190000 0.224444 0.027500 0.040000
0 0.173125 0.210000 0.028750 0.033333
