3 0.552734 0.402778 0.250000 0.298611
0 0.372070 0.493056 0.119141 0.125000
3 0.123047 0.348958 0.230469 0.246528
1 0.790039 0.376736 0.013672 0.065972
1 0.867188 0.300347 0.019531 0.045139
1 0.886719 0.260417 0.007812 0.041667
1 0.891602 0.241319 0.005859 0.031250
1 0.878906 0.229167 0.007812 0.034722
1 0.906250 0.230903 0.011719 0.031250
3 0.840820 0.175347 0.041016 0.065972
3 0.899414 0.170139 0.017578 0.027778
3 0.878906 0.168403 0.023438 0.031250
0 0.871094 0.182292 0.015625 0.017361
3 0.920898 0.157986 0.013672 0.024306
