4 0.660625 0.314444 0.163750 0.135556
3 0.853750 0.242222 0.100000 0.133333
1 0.013125 0.297778 0.018750 0.071111
1 0.030625 0.321111 0.018750 0.082222
1 0.053750 0.290000 0.020000 0.073333
1 0.065625 0.265556 0.016250 0.060000
1 0.141250 0.262222 0.022500 0.066667
1 0.196875 0.292222 0.028750 0.073333
1 0.253750 0.307778 0.040000 0.077778
1 0.268750 0.275556 0.035000 0.066667
1 0.118750 0.407778 0.027500 0.104444
1 0.025000 0.406667 0.022500 0.106667
1 0.037500 0.453333 0.032500 0.124444
1 0.063125 0.534444 0.041250 0.148889
1 0.043750 0.821111 0.085000 0.251111
1 0.420000 0.267778 0.040000 0.064444
1 0.440625 0.284444 0.043750 0.066667
1 0.540625 0.242222 0.036250 0.057778
1 0.530000 0.327778 0.040000 0.086667
1 0.540000 0.308889 0.042500 0.075556
1 0.725000 0.242222 0.027500 0.057778
1 0.692500 0.347778 0.055000 0.091111
1 0.826250 0.323333 0.025000 0.091111
1 0.908125 0.306667 0.018750 0.075556
1 0.889375 0.502222 0.036250 0.142222
1 0.923125 0.244444 0.011250 0.057778
1 0.943750 0.241111 0.012500 0.055556
