0 0.743164 0.182292 0.044922 0.065972
0 0.715820 0.388889 0.087891 0.131944
1 0.862305 0.293403 0.021484 0.079861
1 0.832031 0.220486 0.015625 0.065972
1 0.851562 0.208333 0.011719 0.055556
1 0.816406 0.168403 0.011719 0.045139
1 0.809570 0.151042 0.009766 0.052083
1 0.842773 0.154514 0.013672 0.045139
1 0.832031 0.119792 0.011719 0.052083
1 0.811523 0.125000 0.009766 0.041667
1 0.880859 0.109375 0.007812 0.031250
1 0.855469 0.121528 0.007812 0.034722
1 0.841797 0.152778 0.011719 0.048611
1 0.690430 0.315972 0.021484 0.076389
1 0.611328 0.347222 0.023438 0.090278
1 0.588867 0.461806 0.037109 0.118056
1 0.590820 0.546875 0.048828 0.156250
1 0.761719 0.463542 0.031250 0.128472
1 0.649414 0.715278 0.048828 0.187500
1 0.118164 0.532986 0.033203 0.121528
1 0.362305 0.437500 0.064453 0.097222
1 0.121094 0.279514 0.011719 0.052083
1 0.125000 0.251736 0.011719 0.038194
