4 0.756875 0.612222 0.093750 0.166667
1 0.818750 0.368889 0.010000 0.031111
1 0.963125 0.488889 0.021250 0.062222
1 0.677500 0.485556 0.020000 0.073333
1 0.840625 0.914444 0.053750 0.166667
1 0.852500 0.862222 0.052500 0.177778
1 0.926250 0.908889 0.062500 0.182222
1 0.963125 0.890000 0.056250 0.184444
1 0.553750 0.385556 0.015000 0.046667
1 0.465000 0.388889 0.015000 0.048889
1 0.072500 0.430000 0.015000 0.068889
0 0.041250 0.404444 0.047500 0.066667
4 0.215625 0.264444 0.013750 0.026667
3 0.186250 0.242222 0.010000 0.026667
1 0.327500 0.346667 0.012500 0.035556
0 0.385000 0.311111 0.047500 0.035556
0 0.342500 0.294444 0.037500 0.028889
0 0.315625 0.305556 0.046250 0.028889
0 0.298125 0.290000 0.043750 0.028889
1 0.128750 0.860000 0.105000 0.168889
