1 0.563750 0.287778 0.030000 0.051111
1 0.635000 0.288889 0.027500 0.048889
1 0.654375 0.280000 0.026250 0.053333
1 0.550625 0.188889 0.011250 0.040000
1 0.563750 0.156667 0.002500 0.020000
0 0.435625 0.176667 0.036250 0.024444
0 0.235625 0.190000 0.023750 0.037778
1 0.226250 0.235556 0.015000 0.035556
1 0.193125 0.278889 0.016250 0.051111
1 0.221250 0.286667 0.015000 0.057778
1 0.221250 0.328889 0.015000 0.071111
1 0.248750 0.275556 0.012500 0.048889
1 0.255625 0.315556 0.016250 0.062222
1 0.256875 0.380000 0.023750 0.080000
1 0.165000 0.450000 0.022500 0.100000
1 0.190000 0.208889 0.010000 0.040000
1 0.205625 0.177778 0.008750 0.022222
1 0.443125 0.256667 0.021250 0.046667
1 0.432500 0.240000 0.020000 0.040000
1 0.781875 0.267778 0.023750 0.042222
1 0.026250 0.790000 0.037500 0.202222
1 0.161250 0.201111 0.007500 0.033333
0 0.043125 0.470000 0.078750 0.122222
