3 0.223125 0.441111 0.096250 0.237778
0 0.247500 0.186667 0.025000 0.035556
0 0.267500 0.238889 0.040000 0.060000
0 0.571875 0.226667 0.026250 0.035556
1 0.124375 0.505556 0.031250 0.100000
1 0.140625 0.311111 0.018750 0.053333
1 0.158750 0.308889 0.022500 0.062222
1 0.178750 0.371111 0.020000 0.084444
1 0.233125 0.308889 0.016250 0.062222
1 0.206250 0.262222 0.015000 0.044444
1 0.208750 0.238889 0.007500 0.037778
1 0.205000 0.218889 0.012500 0.037778
1 0.692500 0.588889 0.040000 0.120000
1 0.722500 0.516667 0.030000 0.117778
1 0.608750 0.352222 0.020000 0.077778
1 0.665625 0.316667 0.036250 0.055556
1 0.768750 0.260000 0.025000 0.048889
1 0.878125 0.441111 0.033750 0.086667
1 0.887500 0.348889 0.042500 0.071111
1 0.917500 0.388889 0.030000 0.071111
1 0.975625 0.375556 0.038750 0.066667
1 0.932500 0.298889 0.032500 0.068889
1 0.450000 0.176667 0.012500 0.024444
1 0.473125 0.182222 0.011250 0.031111
1 0.493750 0.190000 0.010000 0.028889
1 0.508125 0.180000 0.011250 0.022222
1 0.531875 0.190000 0.011250 0.028889
1 0.560625 0.196667 0.008750 0.033333
1 0.571250 0.196667 0.007500 0.028889
1 0.605000 0.215556 0.010000 0.035556
1 0.587500 0.182222 0.007500 0.031111
1 0.612500 0.198889 0.010000 0.028889
1 0.542500 0.160000 0.007500 0.022222
0 0.044375 0.467778 0.076250 0.122222
