1 0.849375 0.506667 0.023750 0.111111
1 0.798125 0.527778 0.028750 0.108889
1 0.830000 0.282222 0.030000 0.053333
1 0.743750 0.266667 0.025000 0.048889
0 0.715000 0.322222 0.090000 0.062222
1 0.685000 0.377778 0.017500 0.075556
1 0.698750 0.248889 0.015000 0.048889
1 0.725625 0.247778 0.021250 0.042222
1 0.675625 0.240000 0.011250 0.040000
1 0.658125 0.245556 0.011250 0.042222
1 0.637500 0.228889 0.012500 0.040000
1 0.615625 0.245556 0.011250 0.042222
1 0.603125 0.228889 0.008750 0.040000
1 0.587500 0.207778 0.007500 0.037778
1 0.595000 0.190000 0.007500 0.028889
1 0.567500 0.238889 0.012500 0.042222
1 0.557500 0.198889 0.007500 0.028889
1 0.567500 0.191111 0.010000 0.026667
3 0.513750 0.167778 0.020000 0.051111
1 0.493750 0.196667 0.007500 0.033333
1 0.455000 0.187778 0.010000 0.033333
1 0.441875 0.208889 0.018750 0.040000
1 0.418125 0.207778 0.016250 0.033333
1 0.180625 0.227778 0.018750 0.037778
1 0.105625 0.425556 0.023750 0.091111
0 0.042500 0.470000 0.077500 0.117778
