1 0.615000 0.762222 0.067500 0.235556
1 0.500000 0.357778 0.022500 0.097778
1 0.503125 0.266667 0.038750 0.053333
2 0.465000 0.326667 0.022500 0.080000
1 0.536875 0.255556 0.023750 0.053333
1 0.567500 0.312222 0.027500 0.073333
1 0.613750 0.348889 0.032500 0.088889
1 0.589375 0.238889 0.018750 0.051111
1 0.639375 0.216667 0.006250 0.037778
1 0.605000 0.188889 0.020000 0.031111
1 0.620625 0.182222 0.008750 0.035556
1 0.630625 0.190000 0.008750 0.033333
1 0.685625 0.400000 0.048750 0.102222
1 0.800625 0.477778 0.066250 0.146667
3 0.891875 0.462222 0.111250 0.160000
1 0.641875 0.195556 0.008750 0.035556
1 0.641250 0.168889 0.005000 0.031111
1 0.626875 0.171111 0.001250 0.022222
1 0.597500 0.167778 0.005000 0.028889
