3 0.076875 0.870000 0.143750 0.211111
0 0.953750 0.417778 0.075000 0.102222
0 0.954375 0.360000 0.076250 0.088889
1 0.477500 0.142222 0.010000 0.040000
1 0.480625 0.171111 0.011250 0.040000
1 0.577500 0.236667 0.017500 0.055556
1 0.446875 0.157778 0.011250 0.048889
1 0.453750 0.220000 0.020000 0.057778
1 0.490000 0.358889 0.045000 0.091111
1 0.431875 0.397778 0.048750 0.097778
1 0.411250 0.462222 0.062500 0.111111
1 0.411875 0.490000 0.066250 0.122222
1 0.278125 0.437778 0.058750 0.097778
1 0.260625 0.490000 0.068750 0.117778
1 0.145625 0.552222 0.081250 0.126667
1 0.938125 0.605556 0.053750 0.126667
1 0.852500 0.527778 0.055000 0.108889
1 0.936250 0.301111 0.032500 0.064444
1 0.861250 0.320000 0.032500 0.071111
1 0.735000 0.340000 0.040000 0.071111
1 0.778750 0.352222 0.040000 0.077778
1 0.695625 0.176667 0.013750 0.042222
1 0.648750 0.186667 0.010000 0.044444
1 0.645625 0.158889 0.011250 0.042222
1 0.610625 0.168889 0.011250 0.040000
1 0.607500 0.127778 0.007500 0.037778
1 0.641250 0.092222 0.007500 0.024444
0 0.646250 0.072222 0.015000 0.024444
