0 0.290625 0.287778 0.046250 0.073333
0 0.733750 0.237778 0.047500 0.040000
0 0.542500 0.281111 0.035000 0.055556
0 0.521250 0.158889 0.017500 0.020000
1 0.208750 0.258889 0.012500 0.051111
1 0.205625 0.211111 0.021250 0.035556
1 0.271250 0.208889 0.010000 0.040000
1 0.161875 0.207778 0.021250 0.037778
1 0.140625 0.312222 0.018750 0.060000
1 0.159375 0.308889 0.018750 0.062222
1 0.277500 0.337778 0.015000 0.066667
1 0.689375 0.416667 0.018750 0.082222
1 0.735000 0.465556 0.025000 0.100000
1 0.736250 0.372222 0.020000 0.077778
1 0.654375 0.336667 0.016250 0.068889
1 0.675000 0.305556 0.012500 0.055556
1 0.714375 0.267778 0.013750 0.042222
1 0.668750 0.247778 0.012500 0.042222
1 0.641875 0.220000 0.011250 0.040000
1 0.672500 0.581111 0.035000 0.131111
1 0.633750 0.202222 0.007500 0.035556
1 0.595000 0.196667 0.010000 0.033333
1 0.567500 0.176667 0.007500 0.024444
1 0.572500 0.167778 0.007500 0.024444
1 0.525000 0.188889 0.010000 0.031111
1 0.566250 0.141111 0.005000 0.020000
1 0.776875 0.516667 0.031250 0.108889
1 0.825000 0.491111 0.030000 0.097778
1 0.939375 0.418889 0.051250 0.082222
1 0.373750 0.210000 0.020000 0.033333
1 0.465000 0.200000 0.010000 0.031111
1 0.462500 0.182222 0.007500 0.026667
1 0.441250 0.167778 0.005000 0.020000
0 0.044375 0.467778 0.078750 0.117778
