3 0.425000 0.542222 0.110000 0.186667
3 0.579375 0.221111 0.021250 0.055556
1 0.620625 0.257778 0.011250 0.048889
1 0.626250 0.237778 0.012500 0.048889
1 0.646875 0.240000 0.013750 0.048889
1 0.639375 0.198889 0.008750 0.037778
1 0.626875 0.206667 0.008750 0.040000
1 0.591875 0.178889 0.008750 0.028889
1 0.552500 0.222222 0.010000 0.040000
1 0.563750 0.216667 0.010000 0.042222
1 0.534375 0.217778 0.013750 0.048889
1 0.835000 0.608889 0.060000 0.182222
1 0.567500 0.508889 0.035000 0.160000
1 0.449375 0.328889 0.021250 0.080000
1 0.459375 0.291111 0.031250 0.057778
1 0.378125 0.271111 0.023750 0.057778
1 0.226250 0.641111 0.052500 0.202222
1 0.584375 0.178889 0.003750 0.028889
1 0.608750 0.186667 0.020000 0.031111
1 0.601875 0.167778 0.006250 0.028889
1 0.598125 0.160000 0.006250 0.022222
