0 0.800000 0.925556 0.152500 0.148889
0 0.715625 0.583333 0.081250 0.126667
0 0.888750 0.537778 0.072500 0.111111
3 0.302500 0.470000 0.117500 0.166667
0 0.205000 0.308889 0.017500 0.035556
3 0.221250 0.291111 0.020000 0.048889
3 0.206875 0.274444 0.013750 0.037778
3 0.208750 0.237778 0.010000 0.026667
0 0.187500 0.247778 0.010000 0.015556
1 0.851875 0.434444 0.016250 0.060000
1 0.850625 0.401111 0.013750 0.046667
1 0.826250 0.366667 0.012500 0.035556
1 0.772500 0.342222 0.010000 0.031111
1 0.790000 0.324444 0.005000 0.031111
1 0.804375 0.343333 0.008750 0.033333
1 0.726875 0.343333 0.011250 0.033333
1 0.658125 0.333333 0.018750 0.040000
1 0.720000 0.341111 0.010000 0.033333
1 0.188125 0.480000 0.028750 0.080000
1 0.181250 0.422222 0.015000 0.062222
1 0.189375 0.355556 0.011250 0.044444
1 0.151250 0.305556 0.007500 0.028889
1 0.155625 0.273333 0.003750 0.022222
1 0.165000 0.267778 0.005000 0.020000
1 0.073125 0.411111 0.013750 0.062222
1 0.891250 0.405556 0.017500 0.042222
