0 0.273750 0.366667 0.057500 0.111111
1 0.322500 0.258889 0.022500 0.046667
1 0.293125 0.221111 0.013750 0.042222
1 0.485625 0.278889 0.023750 0.051111
1 0.516250 0.274444 0.027500 0.055556
1 0.572500 0.253333 0.022500 0.044444
1 0.600625 0.226667 0.008750 0.040000
1 0.621875 0.230000 0.011250 0.037778
1 0.680625 0.263333 0.011250 0.046667
1 0.694375 0.243333 0.021250 0.042222
1 0.202500 0.267778 0.012500 0.055556
1 0.204375 0.330000 0.018750 0.064444
1 0.239375 0.248889 0.013750 0.048889
1 0.225000 0.200000 0.010000 0.031111
1 0.210625 0.197778 0.008750 0.031111
3 0.259375 0.175556 0.036250 0.044444
1 0.235625 0.180000 0.008750 0.026667
1 0.157500 0.476667 0.027500 0.100000
1 0.113750 0.600000 0.045000 0.151111
0 0.786250 0.466667 0.135000 0.137778
2 0.898750 0.467778 0.020000 0.104444
1 0.938750 0.338889 0.037500 0.068889
1 0.888125 0.295556 0.031250 0.053333
1 0.563750 0.162222 0.005000 0.022222
1 0.476875 0.180000 0.011250 0.031111
1 0.466875 0.175556 0.011250 0.031111
1 0.350000 0.931111 0.072500 0.137778
