1 0.473750 0.375556 0.030000 0.093333
1 0.461875 0.282222 0.038750 0.066667
1 0.531250 0.317778 0.030000 0.071111
1 0.633125 0.293333 0.018750 0.057778
1 0.629375 0.264444 0.016250 0.053333
1 0.653750 0.254444 0.017500 0.055556
1 0.553750 0.241111 0.012500 0.042222
1 0.563750 0.214444 0.010000 0.042222
1 0.592500 0.180000 0.005000 0.026667
1 0.618750 0.183333 0.007500 0.024444
1 0.623750 0.192222 0.005000 0.024444
1 0.631250 0.210000 0.005000 0.024444
1 0.642500 0.230000 0.012500 0.046667
1 0.372500 0.478889 0.035000 0.131111
