1 0.640000 0.616667 0.050000 0.144444
1 0.425625 0.452222 0.031250 0.104444
1 0.462500 0.433333 0.020000 0.088889
1 0.443750 0.392222 0.020000 0.091111
1 0.480000 0.333333 0.050000 0.062222
1 0.573125 0.324444 0.041250 0.066667
1 0.555625 0.276667 0.023750 0.046667
1 0.171875 0.533333 0.086250 0.137778
1 0.123125 0.458889 0.033750 0.108889
1 0.062500 0.477778 0.055000 0.120000
1 0.092500 0.327778 0.020000 0.073333
1 0.352500 0.352222 0.017500 0.077778
1 0.320625 0.341111 0.018750 0.073333
1 0.353750 0.273333 0.015000 0.057778
1 0.325625 0.264444 0.011250 0.044444
1 0.296875 0.266667 0.016250 0.053333
1 0.161250 0.284444 0.017500 0.062222
1 0.207500 0.261111 0.017500 0.046667
0 0.243750 0.251111 0.037500 0.044444
0 0.245625 0.218889 0.031250 0.037778
