3 0.823125 0.444444 0.216250 0.320000
0 0.813750 0.740000 0.275000 0.280000
3 0.194375 0.560000 0.348750 0.386667
1 0.263125 0.748889 0.078750 0.182222
1 0.360000 0.671111 0.050000 0.164444
1 0.482500 0.614444 0.050000 0.162222
1 0.195625 0.195556 0.023750 0.062222
1 0.071250 0.361111 0.027500 0.100000
1 0.080000 0.308889 0.032500 0.088889
1 0.176250 0.353333 0.032500 0.097778
1 0.142500 0.340000 0.032500 0.097778
1 0.125000 0.368889 0.035000 0.093333
1 0.086875 0.340000 0.031250 0.093333
1 0.033750 0.375556 0.030000 0.102222
1 0.018125 0.335556 0.028750 0.088889
1 0.041250 0.136667 0.022500 0.055556
1 0.793750 0.944444 0.090000 0.106667
2 0.775000 0.292222 0.050000 0.077778
3 0.963750 0.348889 0.072500 0.177778
