1 0.496875 0.377778 0.018750 0.097778
1 0.515625 0.530000 0.028750 0.140000
1 0.624375 0.536667 0.021250 0.117778
1 0.551875 0.368889 0.018750 0.097778
1 0.604375 0.317778 0.023750 0.084444
1 0.644375 0.380000 0.021250 0.088889
1 0.670625 0.341111 0.016250 0.091111
1 0.555000 0.110000 0.010000 0.042222
1 0.589375 0.141111 0.008750 0.051111
1 0.594375 0.135556 0.003750 0.035556
1 0.586250 0.102222 0.007500 0.044444
1 0.594375 0.107778 0.008750 0.033333
1 0.610000 0.097778 0.010000 0.048889
1 0.628750 0.140000 0.010000 0.053333
1 0.563125 0.065556 0.008750 0.037778
3 0.506250 0.078889 0.030000 0.068889
3 0.546250 0.075556 0.022500 0.053333
3 0.478750 0.150000 0.045000 0.100000
0 0.556875 0.171111 0.038750 0.075556
4 0.528750 0.228889 0.045000 0.111111
3 0.405625 0.306667 0.081250 0.146667
0 0.214375 0.907778 0.181250 0.162222
1 0.460625 0.941111 0.051250 0.108889
3 0.506875 0.083333 0.028750 0.068889
