1 0.845703 0.256944 0.023438 0.076389
1 0.806641 0.177083 0.015625 0.055556
1 0.826172 0.208333 0.019531 0.069444
1 0.855469 0.192708 0.011719 0.045139
1 0.847656 0.185764 0.011719 0.052083
1 0.878906 0.161458 0.011719 0.045139
1 0.837891 0.156250 0.011719 0.055556
1 0.867188 0.119792 0.007812 0.045139
1 0.884766 0.119792 0.011719 0.038194
1 0.844727 0.138889 0.009766 0.041667
1 0.852539 0.109375 0.009766 0.031250
0 0.819336 0.109375 0.025391 0.031250
0 0.779297 0.123264 0.027344 0.031250
0 0.667969 0.272569 0.058594 0.072917
1 0.810547 0.668403 0.050781 0.177083
1 0.694336 0.696181 0.044922 0.190972
1 0.730469 0.784722 0.062500 0.215278
1 0.553711 0.881944 0.060547 0.236111
1 0.402344 0.439236 0.058594 0.114583
1 0.392578 0.432292 0.054688 0.107639
1 0.238281 0.564236 0.039062 0.135417
1 0.191406 0.508681 0.039062 0.114583
1 0.150391 0.428819 0.031250 0.093750
1 0.132812 0.352431 0.019531 0.072917
1 0.172852 0.312500 0.017578 0.062500
1 0.049805 0.451389 0.033203 0.104167
1 0.057617 0.720486 0.052734 0.163194
