0 0.484375 0.498264 0.132812 0.128472
0 0.646484 0.348958 0.082031 0.093750
0 0.799805 0.256944 0.041016 0.048611
1 0.034180 0.345486 0.044922 0.072917
1 0.189453 0.336806 0.039062 0.083333
1 0.170898 0.315972 0.041016 0.083333
1 0.286133 0.293403 0.033203 0.065972
1 0.365234 0.272569 0.023438 0.059028
1 0.518555 0.277778 0.021484 0.076389
1 0.513672 0.236111 0.027344 0.055556
0 0.950195 0.298611 0.037109 0.055556
0 0.901367 0.213542 0.029297 0.031250
0 0.843750 0.208333 0.035156 0.041667
0 0.972656 0.187500 0.023438 0.027778
1 0.557617 0.241319 0.017578 0.052083
1 0.580078 0.215278 0.011719 0.048611
