3 0.688125 0.475556 0.121250 0.155556
3 0.546875 0.410000 0.101250 0.113333
0 0.213125 0.304444 0.021250 0.026667
0 0.241875 0.316667 0.031250 0.037778
1 0.450000 0.377778 0.017500 0.044444
1 0.410000 0.361111 0.015000 0.037778
1 0.368125 0.314444 0.011250 0.028889
1 0.343750 0.428889 0.017500 0.057778
1 0.321875 0.346667 0.011250 0.035556
1 0.281875 0.326667 0.011250 0.031111
1 0.146875 0.321111 0.006250 0.033333
1 0.131875 0.322222 0.008750 0.031111
1 0.808750 0.733333 0.032500 0.142222
1 0.829375 0.367778 0.008750 0.028889
1 0.816875 0.352222 0.006250 0.028889
1 0.766875 0.335556 0.006250 0.026667
1 0.689375 0.331111 0.011250 0.026667
