0 0.436250 0.343333 0.060000 0.113333
0 0.676250 0.883333 0.157500 0.233333
1 0.921250 0.608889 0.037500 0.128889
1 0.787500 0.355556 0.022500 0.080000
1 0.685000 0.226667 0.012500 0.053333
1 0.706875 0.213333 0.011250 0.048889
1 0.614375 0.183333 0.011250 0.042222
0 0.643125 0.172222 0.028750 0.042222
1 0.682500 0.174444 0.010000 0.042222
1 0.658125 0.130000 0.006250 0.033333
1 0.664375 0.114444 0.006250 0.024444
1 0.621250 0.108889 0.007500 0.031111
1 0.630625 0.095556 0.003750 0.022222
1 0.645000 0.088889 0.005000 0.017778
1 0.621875 0.088889 0.006250 0.022222
0 0.556250 0.124444 0.020000 0.031111
1 0.545625 0.086667 0.003750 0.022222
1 0.537500 0.090000 0.005000 0.028889
1 0.523125 0.090000 0.006250 0.033333
1 0.499375 0.105556 0.003750 0.024444
1 0.551875 0.054444 0.011250 0.020000
3 0.544375 0.043333 0.011250 0.024444
