3 0.679375 0.633333 0.093750 0.222222
3 0.488125 0.393333 0.068750 0.160000
0 0.621250 0.398889 0.060000 0.091111
0 0.451875 0.178889 0.028750 0.028889
1 0.246875 0.191111 0.008750 0.031111
1 0.273125 0.164444 0.013750 0.022222
1 0.748125 0.443333 0.021250 0.086667
1 0.871250 0.356667 0.040000 0.064444
1 0.681875 0.310000 0.036250 0.055556
1 0.586875 0.322222 0.016250 0.057778
1 0.597500 0.305556 0.030000 0.060000
1 0.490625 0.273333 0.026250 0.048889
1 0.601250 0.224444 0.007500 0.035556
1 0.635625 0.230000 0.008750 0.033333
1 0.671875 0.250000 0.011250 0.042222
1 0.733750 0.250000 0.017500 0.037778
4 0.531250 0.134444 0.017500 0.024444
