3 0.675625 0.658889 0.086250 0.215556
3 0.713750 0.406667 0.082500 0.168889
1 0.101250 0.792222 0.050000 0.193333
1 0.239375 0.322222 0.018750 0.071111
1 0.370625 0.292222 0.023750 0.051111
1 0.425625 0.224444 0.023750 0.035556
2 0.447500 0.343333 0.012500 0.068889
1 0.153125 0.211111 0.023750 0.035556
1 0.198750 0.238889 0.012500 0.037778
1 0.258750 0.243333 0.017500 0.042222
1 0.241875 0.194444 0.006250 0.033333
1 0.900000 0.388889 0.022500 0.071111
1 0.884375 0.303333 0.021250 0.051111
1 0.619375 0.226667 0.016250 0.040000
1 0.580625 0.181111 0.008750 0.028889
0 0.584375 0.206667 0.026250 0.040000
0 0.539375 0.187778 0.021250 0.033333
