1 0.575195 0.621528 0.052734 0.243056
1 0.613281 0.468750 0.050781 0.201389
1 0.665039 0.491319 0.044922 0.197917
1 0.723633 0.586806 0.056641 0.229167
1 0.748047 0.477431 0.042969 0.190972
1 0.666016 0.156250 0.050781 0.083333
1 0.472656 0.126736 0.023438 0.072917
1 0.494141 0.119792 0.015625 0.065972
1 0.513672 0.112847 0.015625 0.065972
1 0.536133 0.112847 0.013672 0.065972
1 0.552734 0.111111 0.019531 0.069444
1 0.580078 0.130208 0.027344 0.059028
1 0.570312 0.092014 0.015625 0.059028
0 0.558594 0.203125 0.085938 0.114583
0 0.877930 0.204861 0.083984 0.104167
1 0.804688 0.173611 0.027344 0.097222
1 0.708984 0.128472 0.031250 0.069444
1 0.539062 0.034722 0.015625 0.048611
1 0.490234 0.020833 0.007812 0.034722
1 0.517578 0.017361 0.007812 0.027778
