4 0.397500 0.304444 0.165000 0.133333
0 0.587500 0.316667 0.132500 0.082222
1 0.064375 0.600000 0.071250 0.164444
1 0.155625 0.670000 0.048750 0.197778
1 0.160000 0.578889 0.045000 0.157778
1 0.120625 0.388889 0.031250 0.106667
1 0.095000 0.307778 0.020000 0.077778
1 0.155625 0.261111 0.021250 0.060000
1 0.770625 0.304444 0.033750 0.080000
1 0.781875 0.277778 0.023750 0.062222
1 0.859375 0.246667 0.021250 0.062222
1 0.917500 0.372222 0.025000 0.100000
1 0.931250 0.271111 0.017500 0.062222
1 0.976875 0.252222 0.016250 0.060000
