1 0.450000 0.453333 0.030000 0.106667
1 0.443125 0.378889 0.026250 0.086667
1 0.417500 0.311111 0.017500 0.062222
1 0.532500 0.267778 0.035000 0.055556
1 0.555625 0.271111 0.028750 0.057778
1 0.632500 0.313333 0.042500 0.066667
2 0.643750 0.483333 0.037500 0.113333
1 0.626875 0.640000 0.056250 0.164444
1 0.703125 0.640000 0.066250 0.164444
1 0.508750 0.652222 0.090000 0.171111
1 0.360000 0.798889 0.060000 0.228889
2 0.157500 0.760000 0.050000 0.217778
1 0.185625 0.526667 0.028750 0.133333
1 0.194375 0.467778 0.031250 0.126667
1 0.175000 0.398889 0.025000 0.091111
1 0.126875 0.351111 0.023750 0.084444
1 0.107500 0.272222 0.007500 0.051111
1 0.156250 0.234444 0.010000 0.042222
1 0.191250 0.251111 0.012500 0.053333
1 0.280625 0.323333 0.018750 0.068889
1 0.302500 0.305556 0.017500 0.060000
1 0.331875 0.303333 0.021250 0.064444
1 0.276875 0.265556 0.013750 0.051111
1 0.230625 0.264444 0.013750 0.048889
1 0.258750 0.254444 0.012500 0.046667
1 0.265000 0.245556 0.005000 0.033333
1 0.318750 0.261111 0.015000 0.046667
0 0.226875 0.245556 0.033750 0.046667
0 0.210625 0.203333 0.021250 0.037778
1 0.901250 0.891111 0.107500 0.195556
