1 0.952500 0.342222 0.045000 0.080000
1 0.958750 0.391111 0.047500 0.084444
1 0.969375 0.448889 0.038750 0.120000
1 0.961250 0.546667 0.052500 0.120000
1 0.936250 0.750000 0.067500 0.171111
1 0.824375 0.914444 0.086250 0.166667
1 0.810000 0.820000 0.090000 0.168889
1 0.766250 0.681111 0.080000 0.148889
1 0.643750 0.873333 0.097500 0.177778
1 0.676875 0.541111 0.081250 0.135556
1 0.678125 0.478889 0.063750 0.131111
1 0.663125 0.397778 0.056250 0.106667
1 0.761875 0.547778 0.056250 0.140000
1 0.801875 0.452222 0.053750 0.113333
1 0.794375 0.415556 0.056250 0.111111
1 0.820000 0.333333 0.042500 0.093333
1 0.895000 0.420000 0.047500 0.115556
1 0.857500 0.414444 0.050000 0.104444
1 0.871875 0.347778 0.048750 0.091111
1 0.889375 0.370000 0.041250 0.086667
1 0.886250 0.314444 0.040000 0.077778
1 0.977500 0.308889 0.032500 0.075556
1 0.475625 0.517778 0.078750 0.124444
1 0.545000 0.584444 0.075000 0.133333
1 0.573125 0.454444 0.068750 0.108889
1 0.527500 0.392222 0.060000 0.100000
1 0.431875 0.424444 0.056250 0.097778
1 0.388750 0.465556 0.072500 0.117778
1 0.421250 0.504444 0.070000 0.120000
1 0.321875 0.627778 0.068750 0.153333
1 0.248750 0.603333 0.087500 0.135556
1 0.238750 0.727778 0.080000 0.171111
1 0.162500 0.705556 0.085000 0.171111
1 0.191250 0.578889 0.080000 0.135556
1 0.035000 0.572222 0.067500 0.131111
1 0.960000 0.921111 0.075000 0.140000
1 0.055625 0.144444 0.021250 0.053333
