1 0.521484 0.628472 0.027344 0.138889
1 0.570312 0.559028 0.019531 0.118056
1 0.565430 0.498264 0.021484 0.107639
1 0.534180 0.387153 0.021484 0.079861
1 0.596680 0.437500 0.021484 0.083333
1 0.634766 0.432292 0.019531 0.093750
1 0.614258 0.508681 0.021484 0.107639
1 0.622070 0.571181 0.021484 0.121528
1 0.650391 0.546875 0.019531 0.121528
1 0.637695 0.670139 0.033203 0.152778
1 0.558594 0.894097 0.046875 0.197917
1 0.699219 0.774306 0.042969 0.173611
1 0.791016 0.753472 0.050781 0.187500
1 0.728516 0.642361 0.042969 0.152778
1 0.757812 0.640625 0.035156 0.135417
1 0.806641 0.626736 0.039062 0.128472
1 0.863281 0.612847 0.042969 0.114583
1 0.930664 0.638889 0.044922 0.125000
1 0.888672 0.727431 0.046875 0.149306
1 0.841797 0.923611 0.082031 0.131944
1 0.714844 0.548611 0.031250 0.111111
1 0.706055 0.496528 0.025391 0.104167
1 0.724609 0.482639 0.019531 0.097222
1 0.742188 0.477431 0.027344 0.093750
3 0.591797 0.314236 0.035156 0.093750
1 0.634766 0.300347 0.015625 0.052083
1 0.663086 0.305556 0.013672 0.062500
1 0.503906 0.269097 0.011719 0.059028
1 0.556641 0.284722 0.011719 0.055556
1 0.534180 0.236111 0.009766 0.034722
1 0.497070 0.236111 0.009766 0.041667
1 0.599609 0.262153 0.015625 0.045139
1 0.393555 0.508681 0.044922 0.100694
1 0.359375 0.496528 0.046875 0.111111
1 0.282227 0.670139 0.080078 0.138889
1 0.083008 0.611111 0.080078 0.131944
