1 0.837500 0.326667 0.035000 0.057778
1 0.925625 0.487778 0.028750 0.100000
1 0.762500 0.261111 0.022500 0.037778
1 0.758125 0.303333 0.016250 0.055556
1 0.636250 0.313333 0.015000 0.062222
1 0.681250 0.245556 0.010000 0.042222
1 0.653750 0.223333 0.010000 0.033333
1 0.623750 0.215556 0.010000 0.035556
1 0.608750 0.197778 0.010000 0.031111
1 0.595000 0.180000 0.007500 0.022222
1 0.524375 0.291111 0.026250 0.048889
1 0.538750 0.193333 0.007500 0.026667
1 0.516250 0.194444 0.010000 0.028889
1 0.489375 0.226667 0.013750 0.040000
1 0.447500 0.280000 0.027500 0.053333
1 0.460625 0.187778 0.006250 0.024444
1 0.455000 0.181111 0.010000 0.028889
1 0.465000 0.175556 0.012500 0.022222
1 0.481250 0.180000 0.015000 0.026667
0 0.507500 0.215556 0.025000 0.035556
0 0.537500 0.182222 0.020000 0.026667
0 0.515625 0.151111 0.013750 0.022222
0 0.588125 0.251111 0.031250 0.044444
0 0.218750 0.225556 0.055000 0.055556
0 0.266250 0.170000 0.037500 0.028889
1 0.223125 0.162222 0.013750 0.022222
1 0.133750 0.483333 0.027500 0.113333
1 0.581250 0.554444 0.030000 0.122222
1 0.757500 0.704444 0.047500 0.155556
