3 0.439375 0.528889 0.078750 0.200000
1 0.546875 0.080000 0.008750 0.040000
1 0.548125 0.066667 0.011250 0.035556
1 0.568125 0.075556 0.011250 0.035556
1 0.556875 0.100000 0.011250 0.040000
1 0.537500 0.107778 0.010000 0.046667
1 0.510000 0.097778 0.010000 0.040000
1 0.501250 0.145556 0.010000 0.055556
1 0.521875 0.137778 0.011250 0.048889
1 0.478125 0.121111 0.008750 0.046667
1 0.578750 0.125556 0.012500 0.046667
1 0.598750 0.107778 0.010000 0.042222
1 0.613750 0.132222 0.012500 0.046667
1 0.660625 0.150000 0.021250 0.051111
1 0.608750 0.161111 0.012500 0.055556
1 0.588125 0.178889 0.018750 0.060000
1 0.647500 0.206667 0.012500 0.066667
1 0.626875 0.216667 0.011250 0.064444
1 0.598750 0.260000 0.017500 0.080000
1 0.592500 0.218889 0.015000 0.068889
1 0.571875 0.237778 0.013750 0.062222
1 0.529375 0.201111 0.016250 0.064444
1 0.557500 0.215556 0.012500 0.062222
1 0.535000 0.270000 0.017500 0.073333
1 0.536250 0.395556 0.027500 0.093333
1 0.560625 0.326667 0.018750 0.088889
1 0.645000 0.265556 0.020000 0.073333
1 0.610000 0.338889 0.020000 0.091111
1 0.665625 0.308889 0.018750 0.080000
1 0.698750 0.445556 0.020000 0.104444
1 0.641875 0.690000 0.043750 0.140000
1 0.534375 0.840000 0.063750 0.200000
1 0.910625 0.438889 0.046250 0.091111
1 0.652500 0.938889 0.052500 0.117778
