3 0.601875 0.807778 0.228750 0.384444
4 0.626875 0.448889 0.068750 0.133333
0 0.489375 0.328889 0.041250 0.075556
0 0.516250 0.202222 0.035000 0.035556
3 0.521875 0.160000 0.016250 0.044444
0 0.238750 0.195556 0.022500 0.035556
1 0.260000 0.180000 0.007500 0.026667
1 0.266250 0.172222 0.007500 0.024444
1 0.225000 0.187778 0.007500 0.028889
1 0.205000 0.185556 0.010000 0.033333
1 0.200000 0.202222 0.007500 0.031111
1 0.172500 0.202222 0.007500 0.035556
1 0.234375 0.405556 0.021250 0.082222
1 0.654375 0.321111 0.033750 0.055556
1 0.663750 0.267778 0.010000 0.042222
1 0.629375 0.185556 0.003750 0.020000
1 0.585625 0.167778 0.006250 0.020000
1 0.444375 0.197778 0.006250 0.031111
1 0.462500 0.187778 0.005000 0.028889
1 0.492500 0.176667 0.005000 0.024444
