4 0.438750 0.643333 0.147500 0.277778
3 0.170000 0.250000 0.022500 0.051111
3 0.163125 0.227778 0.018750 0.037778
3 0.706875 0.872222 0.271250 0.255556
1 0.770000 0.640000 0.047500 0.111111
1 0.166875 0.455556 0.016250 0.075556
1 0.164375 0.342222 0.011250 0.044444
1 0.415000 0.382222 0.015000 0.053333
1 0.363125 0.348889 0.013750 0.044444
1 0.333750 0.320000 0.012500 0.040000
1 0.318125 0.320000 0.011250 0.044444
1 0.306250 0.324444 0.010000 0.044444
1 0.290625 0.298889 0.008750 0.033333
1 0.271250 0.314444 0.010000 0.042222
1 0.275625 0.285556 0.008750 0.033333
1 0.244375 0.280000 0.006250 0.031111
