1 0.613281 0.779514 0.132812 0.211806
1 0.684570 0.829861 0.126953 0.194444
1 0.867188 0.883681 0.117188 0.211806
1 0.809570 0.753472 0.103516 0.187500
1 0.728516 0.644097 0.082031 0.156250
1 0.647461 0.628472 0.087891 0.152778
1 0.517578 0.656250 0.097656 0.159722
1 0.468750 0.609375 0.101562 0.149306
1 0.229492 0.906250 0.154297 0.187500
1 0.208008 0.802083 0.142578 0.194444
1 0.186523 0.725694 0.119141 0.187500
1 0.075195 0.692708 0.119141 0.170139
1 0.941406 0.644097 0.089844 0.149306
1 0.948242 0.585069 0.064453 0.128472
1 0.884766 0.493056 0.054688 0.111111
1 0.828125 0.362847 0.042969 0.079861
1 0.842773 0.342014 0.033203 0.072917
1 0.790039 0.310764 0.033203 0.072917
1 0.864258 0.272569 0.033203 0.052083
1 0.956055 0.269097 0.033203 0.052083
1 0.710938 0.256944 0.031250 0.048611
1 0.315430 0.284722 0.013672 0.062500
1 0.341797 0.281250 0.011719 0.055556
1 0.430664 0.277778 0.013672 0.055556
1 0.420898 0.260417 0.009766 0.041667
1 0.392578 0.251736 0.011719 0.045139
1 0.371094 0.244792 0.011719 0.045139
1 0.198242 0.293403 0.013672 0.059028
3 0.245117 0.199653 0.048828 0.121528
0 0.079102 0.407986 0.154297 0.121528
1 0.127930 0.442708 0.056641 0.100694
1 0.187500 0.256944 0.011719 0.055556
