1 0.228750 0.506667 0.030000 0.097778
1 0.275625 0.568889 0.026250 0.111111
1 0.260625 0.420000 0.016250 0.062222
1 0.270000 0.398889 0.015000 0.051111
1 0.217500 0.346667 0.022500 0.040000
1 0.125000 0.342222 0.010000 0.040000
1 0.095625 0.355556 0.011250 0.040000
1 0.098750 0.398889 0.017500 0.051111
1 0.101250 0.431111 0.015000 0.048889
1 0.059375 0.492222 0.023750 0.082222
1 0.165625 0.580000 0.031250 0.111111
1 0.179375 0.700000 0.038750 0.142222
0 0.042500 0.655556 0.072500 0.160000
1 0.587500 0.411111 0.022500 0.053333
1 0.521875 0.425556 0.013750 0.055556
1 0.517500 0.396667 0.017500 0.046667
1 0.461250 0.387778 0.017500 0.051111
1 0.490625 0.367778 0.016250 0.042222
1 0.458750 0.347778 0.017500 0.037778
1 0.400000 0.360000 0.022500 0.040000
1 0.416250 0.330000 0.012500 0.037778
1 0.863750 0.441111 0.012500 0.055556
1 0.814375 0.386667 0.011250 0.035556
0 0.911875 0.443333 0.051250 0.060000
0 0.861875 0.382222 0.028750 0.035556
0 0.475000 0.326667 0.052500 0.035556
0 0.024375 0.406667 0.046250 0.066667
