0 0.522500 0.195556 0.042500 0.062222
3 0.568125 0.478889 0.063750 0.180000
1 0.571875 0.068889 0.008750 0.031111
1 0.593750 0.076667 0.007500 0.037778
1 0.608750 0.098889 0.010000 0.037778
1 0.587500 0.136667 0.012500 0.046667
1 0.610000 0.168889 0.010000 0.057778
1 0.580000 0.197778 0.012500 0.062222
1 0.466250 0.190000 0.015000 0.060000
1 0.541250 0.276667 0.020000 0.082222
1 0.485000 0.326667 0.025000 0.093333
1 0.439375 0.541111 0.031250 0.144444
1 0.354375 0.697778 0.048750 0.173333
1 0.476875 0.725556 0.046250 0.153333
1 0.643750 0.550000 0.030000 0.131111
1 0.746875 0.600000 0.041250 0.142222
1 0.740000 0.205556 0.032500 0.051111
1 0.761250 0.226667 0.030000 0.062222
1 0.797500 0.290000 0.022500 0.077778
1 0.860000 0.306667 0.045000 0.071111
1 0.208750 0.240000 0.045000 0.071111
1 0.073750 0.382222 0.067500 0.102222
1 0.017500 0.322222 0.030000 0.102222
