0 0.811250 0.631111 0.240000 0.240000
1 0.871875 0.355556 0.041250 0.097778
1 0.834375 0.321111 0.048750 0.086667
1 0.925000 0.370000 0.037500 0.100000
1 0.906875 0.336667 0.041250 0.082222
1 0.957500 0.345556 0.040000 0.082222
1 0.975625 0.371111 0.038750 0.088889
1 0.985625 0.428889 0.023750 0.120000
1 0.974375 0.587778 0.041250 0.117778
1 0.865625 0.511111 0.058750 0.097778
1 0.734375 0.456667 0.061250 0.113333
1 0.613750 0.422222 0.060000 0.102222
1 0.541250 0.350000 0.050000 0.082222
1 0.758750 0.682222 0.090000 0.164444
1 0.615000 0.562222 0.072500 0.168889
1 0.511250 0.522222 0.072500 0.133333
1 0.519375 0.488889 0.053750 0.120000
1 0.443125 0.528889 0.078750 0.128889
1 0.447500 0.448889 0.075000 0.120000
1 0.365625 0.412222 0.063750 0.113333
1 0.405625 0.302222 0.036250 0.075556
1 0.421875 0.350000 0.043750 0.100000
1 0.473750 0.338889 0.042500 0.091111
1 0.310625 0.280000 0.031250 0.084444
1 0.189375 0.238889 0.028750 0.077778
1 0.139375 0.190000 0.021250 0.060000
1 0.083125 0.145556 0.021250 0.051111
1 0.057500 0.162222 0.020000 0.057778
1 0.023750 0.167778 0.022500 0.060000
1 0.095000 0.306667 0.027500 0.088889
1 0.010625 0.417778 0.018750 0.097778
1 0.090625 0.828889 0.138750 0.168889
1 0.116875 0.700000 0.041250 0.168889
1 0.200000 0.738889 0.085000 0.188889
1 0.218750 0.897778 0.125000 0.191111
1 0.368750 0.831111 0.117500 0.151111
1 0.444375 0.931111 0.121250 0.124444
1 0.322500 0.732222 0.090000 0.166667
1 0.364375 0.640000 0.076250 0.168889
1 0.320000 0.560000 0.062500 0.128889
1 0.461250 0.776667 0.102500 0.162222
1 0.460625 0.712222 0.098750 0.157778
1 0.620625 0.757778 0.086250 0.160000
1 0.660625 0.895556 0.086250 0.200000
1 0.223125 0.567778 0.053750 0.131111
1 0.207500 0.508889 0.070000 0.133333
