1 0.656875 0.478889 0.061250 0.117778
1 0.641250 0.442222 0.050000 0.115556
2 0.922500 0.444444 0.057500 0.120000
1 0.903125 0.361111 0.048750 0.091111
1 0.965625 0.324444 0.041250 0.080000
1 0.241250 0.532222 0.082500 0.135556
1 0.220625 0.364444 0.051250 0.102222
1 0.068750 0.455556 0.035000 0.124444
1 0.106250 0.358889 0.035000 0.104444
1 0.165000 0.342222 0.035000 0.097778
1 0.136250 0.354444 0.030000 0.095556
1 0.113750 0.298889 0.025000 0.091111
1 0.075625 0.340000 0.023750 0.093333
1 0.061250 0.371111 0.035000 0.097778
1 0.041250 0.341111 0.032500 0.095556
1 0.030625 0.244444 0.026250 0.075556
1 0.011875 0.315556 0.021250 0.084444
3 0.135000 0.854444 0.250000 0.264444
1 0.339375 0.564444 0.046250 0.142222
