1 0.811875 0.720000 0.076250 0.128889
4 0.245625 0.380000 0.038750 0.071111
3 0.208125 0.312222 0.036250 0.086667
3 0.191250 0.286667 0.025000 0.066667
1 0.445000 0.398889 0.017500 0.060000
1 0.145625 0.591111 0.023750 0.102222
1 0.164375 0.557778 0.028750 0.097778
1 0.189375 0.530000 0.023750 0.091111
1 0.159375 0.480000 0.016250 0.080000
1 0.183125 0.482222 0.016250 0.066667
1 0.217500 0.498889 0.022500 0.082222
1 0.267500 0.535556 0.020000 0.093333
1 0.281250 0.507778 0.020000 0.082222
1 0.320000 0.520000 0.022500 0.097778
1 0.265000 0.270000 0.007500 0.028889
1 0.170000 0.320000 0.010000 0.040000
1 0.148125 0.320000 0.011250 0.040000
1 0.127500 0.305556 0.007500 0.037778
1 0.144375 0.291111 0.008750 0.031111
1 0.126875 0.271111 0.006250 0.031111
1 0.136250 0.278889 0.005000 0.028889
1 0.155000 0.268889 0.007500 0.031111
1 0.132500 0.235556 0.005000 0.022222
