1 0.216250 0.666667 0.110000 0.155556
1 0.133125 0.562222 0.096250 0.146667
1 0.236875 0.593333 0.108750 0.151111
1 0.322500 0.467778 0.070000 0.166667
2 0.328125 0.377778 0.068750 0.177778
0 0.540625 0.112222 0.061250 0.100000
0 0.851875 0.943333 0.276250 0.113333
1 0.440000 0.197778 0.032500 0.115556
1 0.474375 0.137778 0.023750 0.111111
1 0.520000 0.170000 0.022500 0.117778
1 0.432500 0.127778 0.000000 0.002222
1 0.488125 0.100000 0.028750 0.088889
1 0.453125 0.306667 0.038750 0.142222
1 0.411875 0.682222 0.121250 0.168889
1 0.670000 0.707778 0.137500 0.157778
1 0.710625 0.802222 0.151250 0.173333
1 0.921250 0.684444 0.115000 0.146667
