4 0.352539 0.503472 0.076172 0.159722
0 0.255859 0.250000 0.031250 0.048611
0 0.241211 0.194444 0.021484 0.034722
1 0.293945 0.628472 0.041016 0.194444
1 0.219727 0.604167 0.041016 0.173611
1 0.183594 0.498264 0.027344 0.128472
1 0.249023 0.522569 0.029297 0.135417
1 0.230469 0.355903 0.019531 0.086806
1 0.213867 0.267361 0.013672 0.055556
1 0.296875 0.282986 0.015625 0.052083
1 0.333984 0.293403 0.023438 0.072917
1 0.360352 0.328125 0.025391 0.100694
1 0.419922 0.348958 0.023438 0.079861
1 0.477539 0.388889 0.029297 0.090278
1 0.574219 0.487847 0.046875 0.114583
1 0.527344 0.404514 0.031250 0.100694
1 0.583008 0.404514 0.021484 0.093750
1 0.674805 0.493056 0.033203 0.125000
1 0.660156 0.425347 0.046875 0.114583
1 0.593750 0.357639 0.027344 0.076389
1 0.505859 0.342014 0.023438 0.059028
1 0.823242 0.605903 0.056641 0.156250
1 0.778320 0.532986 0.044922 0.128472
2 0.754883 0.465278 0.037109 0.097222
2 0.745117 0.425347 0.037109 0.100694
1 0.701172 0.310764 0.035156 0.065972
1 0.724609 0.335069 0.042969 0.079861
1 0.790039 0.322917 0.037109 0.076389
1 0.841797 0.331597 0.039062 0.065972
1 0.889648 0.321181 0.033203 0.065972
1 0.913086 0.329861 0.033203 0.076389
1 0.950195 0.336806 0.037109 0.069444
1 0.973633 0.661458 0.044922 0.142361
1 0.990234 0.331597 0.019531 0.065972
1 0.351562 0.227431 0.015625 0.045139
1 0.296875 0.197917 0.011719 0.034722
1 0.206055 0.251736 0.013672 0.052083
1 0.214844 0.217014 0.011719 0.045139
1 0.228516 0.218750 0.011719 0.041667
1 0.190430 0.229167 0.009766 0.034722
