0 0.297852 0.732639 0.345703 0.277778
3 0.646484 0.687500 0.230469 0.270833
3 0.911133 0.659722 0.150391 0.243056
1 0.099609 0.388889 0.031250 0.111111
1 0.142578 0.376736 0.031250 0.100694
1 0.016602 0.387153 0.025391 0.121528
3 0.082031 0.345486 0.066406 0.128472
1 0.175781 0.326389 0.023438 0.090278
1 0.125977 0.315972 0.025391 0.083333
1 0.148438 0.314236 0.031250 0.079861
1 0.164062 0.232639 0.019531 0.062500
1 0.216797 0.227431 0.019531 0.052083
1 0.903320 0.359375 0.025391 0.065972
1 0.975586 0.414931 0.041016 0.072917
1 0.669922 0.256944 0.015625 0.041667
1 0.694336 0.260417 0.021484 0.041667
