0 0.255000 0.220000 0.032500 0.040000
0 0.273750 0.312222 0.042500 0.082222
1 0.264375 0.198889 0.008750 0.028889
1 0.238125 0.196667 0.011250 0.042222
1 0.216875 0.195556 0.008750 0.035556
1 0.198750 0.200000 0.012500 0.040000
1 0.197500 0.242222 0.017500 0.040000
1 0.222500 0.262222 0.012500 0.053333
1 0.213125 0.281111 0.011250 0.060000
1 0.205625 0.350000 0.018750 0.077778
1 0.140625 0.312222 0.011250 0.060000
1 0.157500 0.310000 0.020000 0.060000
1 0.100000 0.872222 0.065000 0.233333
1 0.350625 0.267778 0.013750 0.051111
1 0.504375 0.287778 0.026250 0.051111
1 0.460000 0.188889 0.007500 0.031111
3 0.396250 0.147778 0.067500 0.060000
1 0.515000 0.558889 0.045000 0.131111
1 0.543125 0.687778 0.043750 0.162222
1 0.836875 0.711111 0.036250 0.155556
1 0.796250 0.415556 0.025000 0.084444
1 0.930625 0.306667 0.031250 0.048889
1 0.866250 0.280000 0.027500 0.048889
1 0.798750 0.270000 0.022500 0.051111
1 0.795625 0.255556 0.018750 0.044444
1 0.661875 0.318889 0.036250 0.077778
1 0.666250 0.316667 0.042500 0.055556
1 0.660625 0.276667 0.013750 0.055556
1 0.644375 0.248889 0.011250 0.048889
1 0.636875 0.227778 0.013750 0.042222
1 0.624375 0.217778 0.013750 0.040000
0 0.043125 0.472222 0.076250 0.126667
