3 0.326875 0.668889 0.273750 0.662222
3 0.640000 0.286667 0.065000 0.151111
0 0.419375 0.336667 0.058750 0.082222
0 0.464375 0.233333 0.041250 0.066667
0 0.497500 0.176667 0.027500 0.046667
0 0.525000 0.106667 0.020000 0.031111
0 0.607500 0.151111 0.022500 0.035556
0 0.598125 0.094444 0.016250 0.024444
0 0.596250 0.076667 0.015000 0.024444
1 0.496875 0.102222 0.006250 0.026667
1 0.361875 0.296667 0.013750 0.073333
1 0.176875 0.675556 0.043750 0.155556
1 0.183750 0.594444 0.045000 0.140000
1 0.533125 0.611111 0.041250 0.133333
1 0.820625 0.582222 0.036250 0.133333
1 0.655000 0.152222 0.007500 0.037778
1 0.666875 0.128889 0.008750 0.031111
