1 0.803711 0.927083 0.076172 0.145833
1 0.641602 0.784722 0.052734 0.229167
1 0.158203 0.375000 0.058594 0.083333
1 0.202148 0.321181 0.017578 0.072917
1 0.237305 0.321181 0.017578 0.079861
1 0.266602 0.303819 0.017578 0.065972
1 0.310547 0.282986 0.023438 0.072917
1 0.352539 0.288194 0.017578 0.055556
1 0.285156 0.272569 0.015625 0.052083
1 0.267578 0.281250 0.015625 0.055556
1 0.180664 0.276042 0.017578 0.059028
1 0.343750 0.244792 0.015625 0.052083
1 0.316406 0.223958 0.007812 0.045139
1 0.291016 0.199653 0.015625 0.038194
1 0.263672 0.173611 0.007812 0.034722
3 0.353516 0.206597 0.058594 0.065972
1 0.420898 0.220486 0.017578 0.045139
1 0.389648 0.215278 0.013672 0.041667
1 0.452148 0.225694 0.021484 0.034722
1 0.861328 0.331597 0.035156 0.072917
1 0.792969 0.324653 0.039062 0.072917
1 0.765625 0.307292 0.027344 0.052083
1 0.723633 0.335069 0.037109 0.072917
1 0.717773 0.314236 0.037109 0.059028
1 0.739258 0.319444 0.029297 0.062500
1 0.863281 0.263889 0.027344 0.048611
1 0.950195 0.342014 0.044922 0.079861
