4 0.208750 0.466667 0.090000 0.200000
1 0.446250 0.510000 0.065000 0.113333
1 0.281875 0.394444 0.021250 0.077778
1 0.093750 0.354444 0.040000 0.068889
1 0.193125 0.344444 0.016250 0.071111
1 0.242500 0.271111 0.012500 0.053333
1 0.291875 0.298889 0.013750 0.055556
1 0.231875 0.222222 0.008750 0.035556
1 0.788750 0.922222 0.057500 0.155556
1 0.782500 0.753333 0.040000 0.164444
0 0.895000 0.691111 0.125000 0.208889
1 0.692500 0.430000 0.022500 0.086667
1 0.704375 0.351111 0.041250 0.066667
1 0.706250 0.300000 0.015000 0.048889
1 0.738750 0.281111 0.012500 0.046667
1 0.748125 0.250000 0.026250 0.042222
1 0.679375 0.242222 0.011250 0.040000
1 0.665000 0.276667 0.012500 0.051111
1 0.617500 0.302222 0.032500 0.053333
1 0.491875 0.264444 0.023750 0.048889
1 0.539375 0.244444 0.011250 0.040000
1 0.571250 0.255556 0.010000 0.044444
1 0.626875 0.226667 0.011250 0.040000
1 0.636875 0.206667 0.008750 0.031111
1 0.615000 0.217778 0.010000 0.035556
4 0.520000 0.164444 0.027500 0.053333
0 0.531875 0.215556 0.026250 0.040000
0 0.589375 0.223333 0.026250 0.037778
1 0.554375 0.193333 0.011250 0.026667
1 0.576875 0.181111 0.006250 0.024444
