1 0.673750 0.560000 0.047500 0.124444
1 0.777500 0.521111 0.045000 0.122222
1 0.669375 0.406667 0.048750 0.097778
1 0.717500 0.371111 0.042500 0.084444
1 0.748750 0.353333 0.035000 0.080000
1 0.810000 0.358889 0.037500 0.077778
1 0.835625 0.324444 0.028750 0.075556
1 0.888125 0.358889 0.038750 0.086667
1 0.881250 0.571111 0.035000 0.133333
1 0.923125 0.651111 0.041250 0.142222
1 0.945625 0.465556 0.031250 0.108889
1 0.954375 0.350000 0.033750 0.086667
4 0.923125 0.322222 0.058750 0.071111
1 0.783125 0.860000 0.053750 0.195556
1 0.488125 0.748889 0.093750 0.160000
1 0.366875 0.782222 0.108750 0.164444
1 0.438750 0.517778 0.075000 0.115556
1 0.453750 0.472222 0.052500 0.104444
1 0.551875 0.385556 0.043750 0.086667
1 0.513125 0.282222 0.021250 0.066667
1 0.423125 0.324444 0.036250 0.071111
1 0.660625 0.186667 0.011250 0.044444
1 0.601875 0.255556 0.021250 0.062222
1 0.594375 0.220000 0.011250 0.044444
1 0.650000 0.110000 0.005000 0.028889
1 0.663750 0.111111 0.007500 0.026667
1 0.634375 0.070000 0.006250 0.015556
1 0.619375 0.066667 0.003750 0.017778
0 0.543750 0.044444 0.012500 0.022222
1 0.905000 0.913333 0.057500 0.173333
1 0.246875 0.522222 0.091250 0.115556
