3 0.690625 0.376667 0.091250 0.162222
3 0.593125 0.114444 0.031250 0.060000
3 0.564375 0.082222 0.011250 0.031111
3 0.445000 0.146667 0.032500 0.075556
3 0.388750 0.158889 0.035000 0.082222
3 0.345625 0.165556 0.038750 0.068889
3 0.336875 0.278889 0.053750 0.131111
3 0.295000 0.228889 0.057500 0.128889
3 0.260000 0.196667 0.050000 0.113333
0 0.714375 0.130000 0.026250 0.033333
1 0.933125 0.245556 0.023750 0.060000
1 0.895625 0.212222 0.013750 0.037778
1 0.861250 0.236667 0.017500 0.060000
1 0.669375 0.096667 0.006250 0.024444
1 0.179375 0.216667 0.008750 0.042222
1 0.149375 0.253333 0.013750 0.048889
1 0.143750 0.293333 0.012500 0.048889
1 0.115000 0.297778 0.025000 0.053333
1 0.131250 0.270000 0.010000 0.037778
1 0.069375 0.287778 0.013750 0.051111
4 0.093750 0.282222 0.020000 0.053333
1 0.053750 0.302222 0.015000 0.048889
1 0.024375 0.307778 0.023750 0.051111
3 0.126250 0.211111 0.050000 0.084444
