1 0.470625 0.293333 0.031250 0.128889
1 0.518750 0.173333 0.027500 0.106667
1 0.410000 0.318889 0.030000 0.135556
1 0.416250 0.251111 0.025000 0.115556
1 0.382500 0.395556 0.047500 0.146667
2 0.325625 0.375556 0.056250 0.173333
1 0.065000 0.724444 0.100000 0.160000
1 0.208125 0.774444 0.133750 0.162222
1 0.180000 0.536667 0.092500 0.157778
1 0.310000 0.617778 0.110000 0.151111
1 0.411250 0.712222 0.117500 0.166667
1 0.484375 0.832222 0.138750 0.166667
1 0.567500 0.673333 0.112500 0.155556
1 0.611250 0.573333 0.100000 0.133333
1 0.655000 0.631111 0.115000 0.128889
1 0.671875 0.791111 0.138750 0.177778
1 0.653750 0.927778 0.152500 0.126667
1 0.838125 0.707778 0.116250 0.157778
1 0.948750 0.792222 0.100000 0.166667
1 0.959375 0.638889 0.076250 0.148889
