3 0.091797 0.362847 0.171875 0.225694
3 0.634766 0.295139 0.085938 0.097222
0 0.787109 0.241319 0.027344 0.045139
3 0.836914 0.199653 0.044922 0.065972
3 0.873047 0.184028 0.023438 0.034722
3 0.897461 0.170139 0.017578 0.034722
1 0.792969 0.315972 0.011719 0.048611
1 0.799805 0.333333 0.013672 0.055556
1 0.819336 0.291667 0.009766 0.041667
1 0.829102 0.321181 0.017578 0.052083
1 0.845703 0.293403 0.011719 0.038194
1 0.856445 0.298611 0.013672 0.048611
1 0.856445 0.241319 0.005859 0.031250
1 0.824219 0.425347 0.019531 0.072917
1 0.778320 0.678819 0.033203 0.128472
