4 0.421875 0.453333 0.093750 0.128889
0 0.187500 0.221111 0.012500 0.020000
0 0.178125 0.213333 0.008750 0.017778
0 0.205625 0.243333 0.016250 0.024444
0 0.741875 0.760000 0.183750 0.191111
1 0.855625 0.752222 0.056250 0.140000
1 0.787500 0.666667 0.050000 0.124444
1 0.451875 0.926667 0.056250 0.146667
1 0.419375 0.553333 0.041250 0.097778
1 0.505625 0.466667 0.026250 0.080000
1 0.432500 0.380000 0.020000 0.053333
1 0.306875 0.300000 0.008750 0.040000
1 0.299375 0.277778 0.008750 0.026667
1 0.268750 0.272222 0.007500 0.033333
1 0.249375 0.272222 0.008750 0.028889
1 0.256875 0.261111 0.006250 0.028889
1 0.230625 0.240000 0.006250 0.022222
