3 0.716797 0.640625 0.175781 0.246528
1 0.534180 0.204861 0.033203 0.055556
1 0.392578 0.243056 0.019531 0.069444
1 0.334961 0.166667 0.017578 0.041667
1 0.208984 0.234375 0.023438 0.059028
0 0.281250 0.130208 0.027344 0.031250
3 0.246094 0.105903 0.027344 0.038194
0 0.520508 0.116319 0.025391 0.038194
1 0.491211 0.125000 0.009766 0.034722
1 0.459961 0.125000 0.009766 0.034722
1 0.444336 0.126736 0.009766 0.031250
1 0.431641 0.125000 0.007812 0.027778
1 0.470703 0.118056 0.007812 0.034722
1 0.481445 0.123264 0.013672 0.045139
1 0.496094 0.092014 0.007812 0.031250
1 0.525391 0.074653 0.003906 0.017361
1 0.616211 0.085069 0.005859 0.024306
1 0.948242 0.262153 0.013672 0.059028
1 0.915039 0.232639 0.021484 0.062500
1 0.826172 0.197917 0.019531 0.048611
1 0.926758 0.182292 0.009766 0.052083
1 0.954102 0.182292 0.017578 0.045139
1 0.966797 0.187500 0.011719 0.048611
1 0.976562 0.175347 0.007812 0.038194
