3 0.643125 0.577778 0.326250 0.351111
3 0.500000 0.458889 0.237500 0.206667
0 0.895000 0.500000 0.207500 0.146667
0 0.734375 0.233333 0.091250 0.062222
1 0.610000 0.113333 0.010000 0.048889
1 0.342500 0.363333 0.065000 0.095556
1 0.300625 0.312222 0.051250 0.086667
1 0.237500 0.325556 0.055000 0.086667
1 0.171875 0.363333 0.061250 0.095556
1 0.052500 0.261111 0.042500 0.077778
1 0.104375 0.674444 0.086250 0.148889
1 0.143750 0.637778 0.085000 0.142222
1 0.260625 0.770000 0.103750 0.162222
1 0.573750 0.831111 0.117500 0.195556
