4 0.421250 0.641111 0.115000 0.206667
3 0.178125 0.264444 0.028750 0.066667
1 0.760000 0.881111 0.077500 0.184444
1 0.714375 0.917778 0.078750 0.151111
1 0.384375 0.910000 0.048750 0.175556
1 0.250000 0.772222 0.050000 0.162222
1 0.239375 0.657778 0.028750 0.124444
1 0.274375 0.616667 0.026250 0.117778
1 0.219375 0.507778 0.023750 0.086667
1 0.380625 0.348889 0.016250 0.053333
1 0.166875 0.345556 0.011250 0.051111
1 0.138125 0.318889 0.011250 0.042222
1 0.151250 0.292222 0.007500 0.033333
1 0.143125 0.251111 0.006250 0.026667
1 0.577500 0.468889 0.032500 0.075556
