0 0.650000 0.635556 0.100000 0.208889
0 0.620000 0.290000 0.050000 0.086667
0 0.605625 0.210000 0.033750 0.051111
3 0.719375 0.293333 0.068750 0.128889
4 0.643750 0.173333 0.037500 0.071111
0 0.520000 0.114444 0.022500 0.037778
1 0.559375 0.223333 0.013750 0.051111
1 0.449375 0.205556 0.011250 0.051111
1 0.500625 0.142222 0.011250 0.031111
1 0.473125 0.138889 0.006250 0.033333
1 0.687500 0.204444 0.012500 0.048889
1 0.711875 0.211111 0.011250 0.048889
1 0.687500 0.168889 0.010000 0.048889
1 0.666875 0.165556 0.011250 0.051111
