1 0.310000 0.881111 0.062500 0.202222
1 0.195000 0.887778 0.085000 0.197778
1 0.248750 0.745556 0.040000 0.188889
1 0.373750 0.658889 0.045000 0.171111
1 0.257500 0.610000 0.035000 0.113333
1 0.195000 0.585556 0.035000 0.148889
1 0.756250 0.887778 0.100000 0.202222
1 0.766250 0.765556 0.082500 0.180000
1 0.665000 0.525556 0.047500 0.117778
1 0.526250 0.460000 0.035000 0.106667
1 0.533125 0.400000 0.023750 0.088889
1 0.403125 0.407778 0.026250 0.100000
1 0.364375 0.435556 0.028750 0.102222
1 0.350000 0.340000 0.020000 0.071111
1 0.346875 0.305556 0.041250 0.068889
1 0.258125 0.446667 0.031250 0.111111
1 0.192500 0.471111 0.027500 0.111111
1 0.121875 0.456667 0.031250 0.113333
2 0.066250 0.445556 0.047500 0.104444
1 0.283125 0.286667 0.021250 0.062222
1 0.326875 0.290000 0.033750 0.060000
1 0.171875 0.348889 0.016250 0.080000
1 0.200000 0.318889 0.017500 0.068889
1 0.164375 0.305556 0.013750 0.064444
1 0.110000 0.261111 0.015000 0.046667
1 0.137500 0.230000 0.010000 0.037778
1 0.157500 0.228889 0.012500 0.040000
1 0.245000 0.225556 0.007500 0.037778
1 0.199375 0.217778 0.013750 0.031111
1 0.481250 0.278889 0.020000 0.060000
1 0.450625 0.270000 0.023750 0.060000
1 0.551875 0.277778 0.023750 0.048889
1 0.574375 0.271111 0.013750 0.048889
0 0.171875 0.190000 0.018750 0.028889
1 0.399375 0.260000 0.031250 0.048889
1 0.281250 0.253333 0.015000 0.053333
1 0.319375 0.270000 0.023750 0.051111
1 0.596250 0.273333 0.020000 0.057778
1 0.531250 0.261111 0.027500 0.046667
1 0.542500 0.273333 0.025000 0.048889
