4 0.203125 0.436667 0.093750 0.188889
1 0.090625 0.485556 0.048750 0.126667
1 0.141875 0.566667 0.033750 0.146667
1 0.210000 0.640000 0.042500 0.168889
1 0.116875 0.728889 0.051250 0.208889
1 0.195625 0.908889 0.068750 0.182222
1 0.260625 0.775556 0.051250 0.235556
1 0.135000 0.436667 0.027500 0.095556
1 0.143125 0.468889 0.028750 0.111111
1 0.144375 0.362222 0.023750 0.084444
1 0.162500 0.318889 0.015000 0.068889
1 0.186875 0.310000 0.013750 0.060000
1 0.249375 0.305556 0.016250 0.064444
1 0.460625 0.477778 0.033750 0.111111
1 0.433125 0.430000 0.026250 0.100000
1 0.418750 0.386667 0.027500 0.088889
1 0.458750 0.360000 0.020000 0.088889
1 0.428750 0.327778 0.020000 0.077778
1 0.370000 0.326667 0.022500 0.066667
1 0.286250 0.282222 0.015000 0.057778
1 0.342500 0.271111 0.020000 0.053333
0 0.322500 0.327778 0.067500 0.091111
1 0.244375 0.250000 0.011250 0.046667
1 0.225625 0.230000 0.008750 0.033333
1 0.141875 0.265556 0.011250 0.051111
1 0.107500 0.276667 0.015000 0.051111
1 0.086875 0.272222 0.013750 0.055556
1 0.190625 0.261111 0.018750 0.046667
1 0.583125 0.698889 0.091250 0.157778
1 0.425000 0.877778 0.067500 0.235556
0 0.859375 0.862222 0.268750 0.253333
1 0.555000 0.346667 0.025000 0.071111
1 0.514375 0.258889 0.028750 0.051111
1 0.541250 0.278889 0.030000 0.051111
1 0.558750 0.278889 0.030000 0.051111
1 0.577500 0.276667 0.027500 0.046667
