1 0.458125 0.755556 0.063750 0.195556
1 0.762500 0.865556 0.045000 0.193333
1 0.841875 0.764444 0.046250 0.164444
3 0.615000 0.288889 0.050000 0.093333
1 0.541250 0.264444 0.012500 0.044444
1 0.543125 0.235556 0.011250 0.044444
1 0.509375 0.195556 0.013750 0.031111
1 0.486875 0.182222 0.011250 0.031111
1 0.460625 0.185556 0.008750 0.028889
1 0.446250 0.201111 0.012500 0.033333
1 0.415000 0.264444 0.025000 0.048889
1 0.383750 0.256667 0.022500 0.042222
1 0.370625 0.271111 0.018750 0.048889
1 0.288750 0.250000 0.020000 0.046667
1 0.883125 0.290000 0.031250 0.051111
1 0.805000 0.284444 0.025000 0.048889
1 0.817500 0.282222 0.017500 0.048889
1 0.671250 0.246667 0.012500 0.040000
1 0.609375 0.200000 0.008750 0.035556
1 0.582500 0.167778 0.010000 0.024444
1 0.562500 0.180000 0.007500 0.022222
