1 0.086914 0.664931 0.107422 0.156250
1 0.277344 0.711806 0.117188 0.159722
1 0.206055 0.920139 0.154297 0.152778
1 0.350586 0.826389 0.146484 0.194444
1 0.552734 0.784722 0.125000 0.187500
1 0.652344 0.842014 0.117188 0.211806
1 0.512695 0.675347 0.099609 0.163194
1 0.566406 0.701389 0.109375 0.159722
1 0.428711 0.559028 0.083984 0.125000
1 0.618164 0.565972 0.076172 0.145833
1 0.791992 0.640625 0.076172 0.149306
1 0.845703 0.692708 0.093750 0.156250
1 0.875000 0.526042 0.066406 0.114583
1 0.053711 0.435764 0.064453 0.093750
1 0.157227 0.397569 0.052734 0.086806
1 0.142578 0.381944 0.035156 0.083333
1 0.298828 0.317708 0.023438 0.065972
3 0.940430 0.288194 0.119141 0.166667
1 0.980469 0.496528 0.035156 0.118056
1 0.833008 0.260417 0.029297 0.048611
1 0.333008 0.192708 0.009766 0.031250
1 0.230469 0.262153 0.015625 0.059028
1 0.245117 0.260417 0.013672 0.055556
1 0.263672 0.263889 0.015625 0.055556
1 0.284180 0.263889 0.017578 0.055556
1 0.219727 0.244792 0.009766 0.052083
1 0.271484 0.237847 0.015625 0.059028
