0 0.566875 0.320000 0.046250 0.062222
0 0.574375 0.410000 0.053750 0.091111
0 0.532500 0.220000 0.027500 0.040000
0 0.536250 0.170000 0.020000 0.028889
3 0.441250 0.151111 0.072500 0.062222
4 0.226250 0.370000 0.047500 0.117778
0 0.311250 0.285556 0.037500 0.060000
1 0.389375 0.362222 0.023750 0.080000
1 0.290625 0.406667 0.021250 0.088889
1 0.255625 0.258889 0.011250 0.051111
1 0.240625 0.285556 0.013750 0.060000
1 0.257500 0.202222 0.010000 0.040000
1 0.263125 0.171111 0.006250 0.026667
1 0.220000 0.197778 0.010000 0.035556
1 0.197500 0.281111 0.015000 0.055556
1 0.207500 0.240000 0.010000 0.048889
1 0.200000 0.188889 0.007500 0.031111
1 0.200625 0.330000 0.016250 0.060000
1 0.141875 0.312222 0.013750 0.060000
1 0.159375 0.310000 0.018750 0.060000
1 0.165000 0.387778 0.025000 0.086667
1 0.034375 0.881111 0.063750 0.215556
1 0.576250 0.272222 0.030000 0.055556
1 0.600000 0.285556 0.027500 0.055556
1 0.659375 0.312222 0.036250 0.055556
1 0.661875 0.291111 0.016250 0.048889
1 0.685625 0.278889 0.013750 0.051111
1 0.728750 0.300000 0.025000 0.057778
1 0.626250 0.208889 0.010000 0.031111
1 0.594375 0.192222 0.013750 0.037778
0 0.046250 0.471111 0.077500 0.124444
