4 0.335625 0.534444 0.141250 0.153333
0 0.261875 0.491111 0.093750 0.111111
0 0.315625 0.304444 0.046250 0.035556
0 0.384375 0.312222 0.048750 0.037778
0 0.340000 0.295556 0.040000 0.026667
0 0.300000 0.292222 0.045000 0.028889
0 0.668750 0.525556 0.062500 0.104444
1 0.772500 0.602222 0.030000 0.106667
1 0.450000 0.414444 0.020000 0.060000
1 0.480000 0.381111 0.017500 0.046667
1 0.336250 0.333333 0.010000 0.031111
1 0.125000 0.513333 0.035000 0.088889
1 0.093750 0.408889 0.015000 0.057778
0 0.042500 0.404444 0.052500 0.066667
