4 0.457500 0.433333 0.182500 0.253333
0 0.268750 0.316667 0.035000 0.046667
0 0.166875 0.240000 0.018750 0.026667
1 0.326875 0.340000 0.008750 0.044444
1 0.317500 0.316667 0.010000 0.037778
1 0.275000 0.274444 0.010000 0.037778
1 0.262500 0.273333 0.007500 0.031111
1 0.252500 0.274444 0.010000 0.033333
1 0.241250 0.273333 0.007500 0.031111
1 0.231875 0.265556 0.006250 0.028889
1 0.205625 0.356667 0.013750 0.051111
1 0.161250 0.336667 0.010000 0.046667
1 0.161250 0.310000 0.010000 0.042222
1 0.133750 0.290000 0.010000 0.033333
1 0.137500 0.244444 0.005000 0.022222
1 0.146250 0.248889 0.007500 0.022222
1 0.258125 0.604444 0.021250 0.111111
1 0.717500 0.636667 0.050000 0.113333
