1 0.848633 0.137153 0.009766 0.045139
1 0.869141 0.189236 0.015625 0.059028
1 0.874023 0.154514 0.013672 0.045139
1 0.862305 0.125000 0.009766 0.041667
1 0.814453 0.121528 0.011719 0.034722
1 0.810547 0.196181 0.015625 0.065972
1 0.828125 0.213542 0.015625 0.059028
1 0.796875 0.230903 0.015625 0.065972
1 0.776367 0.342014 0.029297 0.156250
1 0.763672 0.465278 0.031250 0.138889
1 0.710938 0.456597 0.027344 0.135417
0 0.839844 0.088542 0.015625 0.031250
0 0.811523 0.079861 0.025391 0.041667
0 0.822266 0.071181 0.011719 0.024306
0 0.795898 0.097222 0.025391 0.034722
0 0.729492 0.189236 0.041016 0.059028
0 0.742188 0.267361 0.058594 0.083333
0 0.664062 0.404514 0.089844 0.121528
4 0.521484 0.387153 0.109375 0.149306
1 0.558594 0.529514 0.035156 0.142361
1 0.620117 0.696181 0.048828 0.197917
1 0.380859 0.588542 0.066406 0.135417
1 0.098633 0.765625 0.076172 0.190972
1 0.049805 0.451389 0.037109 0.097222
1 0.156250 0.324653 0.015625 0.065972
1 0.109375 0.305556 0.015625 0.055556
1 0.133789 0.265625 0.013672 0.045139
1 0.113281 0.248264 0.011719 0.045139
1 0.085938 0.187500 0.007812 0.027778
2 0.831055 0.822917 0.052734 0.229167
