0 0.668750 0.641111 0.167500 0.251111
1 0.504375 0.598889 0.056250 0.135556
1 0.366250 0.473333 0.062500 0.102222
1 0.380000 0.417778 0.045000 0.088889
1 0.476875 0.396667 0.033750 0.095556
1 0.530000 0.348889 0.022500 0.080000
1 0.453750 0.216667 0.015000 0.055556
1 0.485000 0.134444 0.007500 0.037778
1 0.511250 0.111111 0.005000 0.031111
1 0.666250 0.386667 0.047500 0.088889
1 0.660625 0.294444 0.016250 0.068889
1 0.588125 0.230000 0.033750 0.055556
1 0.860625 0.347778 0.036250 0.077778
1 0.639375 0.093333 0.006250 0.026667
