1 0.761875 0.666667 0.033750 0.120000
1 0.847500 0.570000 0.025000 0.100000
1 0.925625 0.507778 0.023750 0.077778
1 0.890000 0.538889 0.027500 0.100000
1 0.875000 0.467778 0.017500 0.068889
1 0.865000 0.400000 0.012500 0.040000
1 0.795000 0.338889 0.007500 0.028889
1 0.816875 0.328889 0.006250 0.031111
1 0.745625 0.328889 0.006250 0.031111
1 0.760625 0.328889 0.008750 0.031111
1 0.753750 0.325556 0.007500 0.024444
1 0.786875 0.308889 0.003750 0.022222
0 0.751875 0.308889 0.028750 0.022222
1 0.665000 0.355556 0.010000 0.040000
1 0.642500 0.376667 0.012500 0.042222
1 0.610000 0.380000 0.012500 0.040000
1 0.614375 0.358889 0.013750 0.037778
1 0.550000 0.418889 0.025000 0.060000
1 0.500000 0.420000 0.035000 0.057778
1 0.485000 0.398889 0.030000 0.051111
1 0.480625 0.360000 0.021250 0.040000
1 0.338125 0.340000 0.013750 0.040000
1 0.213750 0.287778 0.007500 0.028889
1 0.153125 0.288889 0.008750 0.040000
1 0.135000 0.321111 0.010000 0.037778
0 0.156875 0.340000 0.028750 0.040000
0 0.233125 0.290000 0.018750 0.028889
1 0.078750 0.445556 0.020000 0.073333
0 0.382500 0.376667 0.060000 0.055556
0 0.615000 0.555556 0.150000 0.133333
0 0.075625 0.358889 0.043750 0.051111
0 0.025000 0.405556 0.042500 0.073333
0 0.475625 0.328889 0.056250 0.040000
0 0.912500 0.442222 0.052500 0.062222
0 0.863125 0.383333 0.031250 0.037778
