0 0.743750 0.910000 0.145000 0.180000
1 0.630000 0.508889 0.025000 0.088889
1 0.716875 0.527778 0.028750 0.095556
1 0.544375 0.398889 0.021250 0.060000
1 0.515000 0.378889 0.017500 0.051111
1 0.446250 0.410000 0.027500 0.060000
1 0.229375 0.477778 0.023750 0.084444
1 0.126250 0.370000 0.015000 0.060000
1 0.137500 0.296667 0.005000 0.028889
1 0.164375 0.271111 0.006250 0.022222
1 0.053125 0.476667 0.028750 0.086667
0 0.273750 0.328889 0.042500 0.040000
1 0.243125 0.308889 0.006250 0.031111
1 0.236250 0.307778 0.007500 0.033333
1 0.216875 0.278889 0.006250 0.028889
1 0.218125 0.237778 0.003750 0.017778
0 0.208750 0.248889 0.010000 0.017778
1 0.905000 0.556667 0.025000 0.082222
1 0.901875 0.515556 0.023750 0.080000
1 0.858125 0.428889 0.013750 0.057778
1 0.827500 0.388889 0.012500 0.040000
1 0.808125 0.358889 0.011250 0.028889
1 0.798750 0.368889 0.007500 0.040000
1 0.800625 0.328889 0.006250 0.022222
1 0.789375 0.328889 0.006250 0.031111
0 0.074375 0.360000 0.043750 0.057778
0 0.023750 0.402222 0.045000 0.062222
0 0.476250 0.328889 0.052500 0.040000
0 0.911875 0.442222 0.048750 0.062222
0 0.863750 0.384444 0.032500 0.040000
