1 0.871875 0.726667 0.038750 0.164444
2 0.778125 0.692222 0.038750 0.157778
2 0.798125 0.598889 0.041250 0.135556
0 0.865000 0.484444 0.162500 0.142222
0 0.604375 0.564444 0.093750 0.173333
1 0.674375 0.447778 0.023750 0.091111
1 0.643750 0.362222 0.017500 0.080000
1 0.613750 0.347778 0.015000 0.068889
1 0.587500 0.316667 0.017500 0.064444
1 0.535625 0.355556 0.021250 0.071111
1 0.488750 0.331111 0.017500 0.066667
4 0.529375 0.286667 0.031250 0.053333
1 0.247500 0.181111 0.010000 0.033333
1 0.269375 0.181111 0.008750 0.033333
1 0.216250 0.185556 0.007500 0.028889
1 0.207500 0.175556 0.010000 0.026667
1 0.821875 0.318889 0.038750 0.055556
1 0.775000 0.317778 0.017500 0.062222
1 0.721250 0.251111 0.022500 0.044444
1 0.623750 0.215556 0.015000 0.035556
1 0.573750 0.211111 0.012500 0.031111
1 0.556875 0.211111 0.016250 0.035556
1 0.575000 0.183333 0.010000 0.028889
1 0.595000 0.186667 0.007500 0.026667
1 0.558750 0.201111 0.015000 0.028889
1 0.555625 0.164444 0.006250 0.026667
0 0.546875 0.145556 0.016250 0.020000
1 0.479375 0.190000 0.011250 0.028889
1 0.469375 0.184444 0.008750 0.026667
