0 0.600000 0.338889 0.045000 0.077778
1 0.613750 0.238889 0.025000 0.042222
1 0.576875 0.178889 0.003750 0.028889
1 0.526875 0.188889 0.011250 0.031111
1 0.445000 0.286667 0.025000 0.057778
1 0.396250 0.265556 0.020000 0.046667
1 0.301875 0.241111 0.021250 0.042222
1 0.265000 0.207778 0.010000 0.033333
1 0.283125 0.165556 0.011250 0.024444
1 0.240000 0.361111 0.020000 0.077778
1 0.234375 0.256667 0.008750 0.046667
1 0.225000 0.227778 0.010000 0.042222
1 0.176250 0.160000 0.012500 0.026667
1 0.198125 0.265556 0.013750 0.051111
1 0.192500 0.448889 0.027500 0.102222
1 0.468750 0.740000 0.060000 0.177778
1 0.952500 0.546667 0.030000 0.115556
1 0.803750 0.331111 0.020000 0.062222
0 0.044375 0.470000 0.073750 0.117778
