1 0.166250 0.477778 0.040000 0.115556
1 0.285625 0.412222 0.028750 0.100000
1 0.359375 0.400000 0.026250 0.102222
1 0.428125 0.322222 0.023750 0.075556
1 0.449375 0.286667 0.018750 0.066667
0 0.501250 0.250000 0.042500 0.073333
1 0.547500 0.226667 0.022500 0.053333
0 0.530625 0.185556 0.031250 0.055556
1 0.459375 0.197778 0.011250 0.053333
1 0.508750 0.123333 0.007500 0.033333
1 0.533750 0.100000 0.005000 0.026667
0 0.566250 0.062222 0.012500 0.017778
0 0.631875 0.288889 0.051250 0.093333
1 0.654375 0.198889 0.011250 0.051111
