1 0.731875 0.612222 0.026250 0.108889
1 0.676250 0.488889 0.015000 0.075556
1 0.609375 0.478889 0.023750 0.068889
1 0.543750 0.438889 0.025000 0.055556
1 0.661250 0.360000 0.012500 0.035556
1 0.320625 0.480000 0.038750 0.075556
1 0.363750 0.355556 0.015000 0.040000
0 0.315625 0.366667 0.046250 0.040000
0 0.383125 0.311111 0.046250 0.035556
0 0.312500 0.303333 0.045000 0.033333
0 0.343125 0.295556 0.036250 0.031111
0 0.299375 0.293333 0.043750 0.031111
0 0.210000 0.261111 0.012500 0.024444
3 0.160000 0.293333 0.017500 0.053333
0 0.173750 0.280000 0.015000 0.026667
3 0.114375 0.440000 0.061250 0.146667
0 0.043125 0.407778 0.051250 0.064444
1 0.165000 0.860000 0.070000 0.200000
