4 0.582500 0.343333 0.052500 0.122222
4 0.583125 0.271111 0.046250 0.088889
0 0.677500 0.216667 0.032500 0.033333
3 0.528125 0.152222 0.013750 0.033333
1 0.877500 0.493333 0.027500 0.102222
1 0.786875 0.418889 0.023750 0.077778
1 0.704375 0.437778 0.021250 0.084444
1 0.684375 0.288889 0.011250 0.048889
1 0.460000 0.285556 0.020000 0.055556
1 0.398750 0.247778 0.015000 0.042222
1 0.498750 0.206667 0.012500 0.031111
1 0.523125 0.177778 0.006250 0.026667
1 0.579375 0.211111 0.013750 0.035556
1 0.621875 0.198889 0.006250 0.028889
1 0.560000 0.163333 0.005000 0.020000
1 0.580000 0.173333 0.005000 0.017778
1 0.203125 0.350000 0.016250 0.077778
1 0.247500 0.225556 0.022500 0.042222
1 0.343750 0.213333 0.025000 0.035556
1 0.215000 0.190000 0.007500 0.028889
