3 0.145625 0.460000 0.273750 0.275556
1 0.043750 0.635556 0.070000 0.142222
1 0.053750 0.731111 0.095000 0.155556
1 0.196875 0.826667 0.108750 0.173333
1 0.241250 0.727778 0.105000 0.153333
1 0.110000 0.281111 0.042500 0.073333
1 0.192500 0.305556 0.050000 0.073333
1 0.201875 0.261111 0.041250 0.060000
1 0.245625 0.247778 0.038750 0.060000
1 0.304375 0.317778 0.051250 0.071111
1 0.282500 0.375556 0.052500 0.088889
1 0.401875 0.700000 0.096250 0.151111
1 0.327500 0.638889 0.097500 0.135556
1 0.364375 0.367778 0.061250 0.095556
1 0.353125 0.256667 0.046250 0.064444
1 0.408750 0.320000 0.050000 0.062222
1 0.411250 0.355556 0.065000 0.075556
1 0.442500 0.371111 0.055000 0.093333
1 0.509375 0.431111 0.071250 0.106667
1 0.589375 0.387778 0.058750 0.086667
1 0.517500 0.827778 0.115000 0.148889
1 0.584375 0.752222 0.098750 0.131111
1 0.510625 0.931111 0.071250 0.137778
1 0.687500 0.393333 0.060000 0.088889
1 0.728125 0.438889 0.063750 0.086667
1 0.757500 0.482222 0.062500 0.093333
1 0.721875 0.687778 0.088750 0.140000
1 0.824375 0.750000 0.088750 0.131111
1 0.840625 0.434444 0.058750 0.086667
1 0.914375 0.426667 0.056250 0.088889
1 0.505625 0.181111 0.011250 0.060000
1 0.552500 0.131111 0.007500 0.044444
1 0.538125 0.093333 0.006250 0.040000
1 0.570000 0.073333 0.007500 0.031111
1 0.968125 0.725556 0.063750 0.131111
1 0.932500 0.910000 0.107500 0.166667
1 0.702500 0.185556 0.017500 0.055556
