1 0.637500 0.401111 0.047500 0.108889
1 0.588125 0.375556 0.041250 0.088889
1 0.590625 0.343333 0.021250 0.073333
1 0.479375 0.331111 0.026250 0.075556
1 0.501250 0.318889 0.022500 0.077778
1 0.515000 0.270000 0.042500 0.055556
1 0.435625 0.311111 0.033750 0.071111
1 0.449375 0.305556 0.036250 0.064444
1 0.394375 0.301111 0.031250 0.064444
1 0.409375 0.290000 0.033750 0.060000
1 0.807500 0.417778 0.062500 0.111111
1 0.768125 0.396667 0.056250 0.104444
1 0.649375 0.360000 0.031250 0.080000
1 0.661250 0.312222 0.015000 0.064444
1 0.632500 0.230000 0.012500 0.046667
1 0.587500 0.175556 0.005000 0.026667
1 0.600000 0.168889 0.005000 0.026667
