1 0.235625 0.447778 0.028750 0.104444
0 0.277500 0.305556 0.042500 0.073333
1 0.178125 0.291111 0.016250 0.053333
1 0.124375 0.508889 0.028750 0.111111
1 0.368125 0.255556 0.016250 0.048889
1 0.281250 0.218889 0.015000 0.037778
1 0.220000 0.196667 0.007500 0.033333
1 0.266250 0.178889 0.010000 0.037778
0 0.535000 0.281111 0.037500 0.060000
1 0.591875 0.287778 0.013750 0.051111
1 0.575625 0.220000 0.011250 0.040000
1 0.603750 0.208889 0.012500 0.040000
1 0.643750 0.218889 0.010000 0.037778
1 0.656875 0.201111 0.008750 0.028889
0 0.521250 0.150000 0.012500 0.020000
1 0.486875 0.180000 0.008750 0.022222
1 0.786875 0.375556 0.023750 0.071111
1 0.740000 0.516667 0.027500 0.108889
1 0.759375 0.708889 0.036250 0.151111
1 0.875625 0.750000 0.048750 0.171111
0 0.043750 0.470000 0.075000 0.122222
