3 0.247500 0.410000 0.075000 0.180000
4 0.253125 0.277778 0.041250 0.093333
0 0.549375 0.217778 0.028750 0.044444
3 0.521250 0.187778 0.022500 0.051111
1 0.631250 0.226667 0.015000 0.035556
1 0.663750 0.228889 0.017500 0.035556
1 0.629375 0.201111 0.006250 0.028889
1 0.580000 0.202222 0.010000 0.031111
1 0.540625 0.167778 0.003750 0.020000
1 0.555000 0.166667 0.005000 0.022222
1 0.433750 0.242222 0.020000 0.044444
1 0.443750 0.172222 0.005000 0.024444
1 0.421250 0.174444 0.010000 0.024444
1 0.783750 0.505556 0.045000 0.104444
1 0.793125 0.463333 0.033750 0.100000
1 0.932500 0.390000 0.047500 0.073333
1 0.225000 0.203333 0.007500 0.033333
1 0.265000 0.177778 0.007500 0.022222
