3 0.817383 0.618056 0.330078 0.763889
3 0.609375 0.416667 0.328125 0.381944
1 0.295898 0.463542 0.052734 0.121528
1 0.228516 0.270833 0.015625 0.062500
1 0.212891 0.265625 0.019531 0.059028
1 0.187500 0.270833 0.015625 0.055556
1 0.250977 0.250000 0.009766 0.048611
1 0.275391 0.237847 0.011719 0.045139
1 0.227539 0.211806 0.013672 0.041667
1 0.203125 0.199653 0.007812 0.038194
1 0.217773 0.199653 0.013672 0.045139
1 0.339844 0.211806 0.007812 0.041667
1 0.327148 0.203125 0.009766 0.038194
1 0.348633 0.206597 0.009766 0.038194
1 0.333008 0.196181 0.013672 0.038194
