1 0.180625 0.202222 0.008750 0.035556
1 0.202500 0.211111 0.007500 0.035556
1 0.221875 0.206667 0.008750 0.035556
1 0.213750 0.186667 0.007500 0.031111
1 0.213750 0.228889 0.010000 0.040000
1 0.200625 0.268889 0.013750 0.053333
1 0.263750 0.262222 0.012500 0.044444
0 0.240625 0.187778 0.021250 0.033333
0 0.270625 0.175556 0.033750 0.031111
3 0.568750 0.515556 0.092500 0.226667
1 0.859375 0.520000 0.038750 0.106667
1 0.744375 0.508889 0.036250 0.111111
1 0.607500 0.298889 0.032500 0.055556
1 0.579375 0.218889 0.008750 0.037778
1 0.610625 0.194444 0.008750 0.028889
1 0.460625 0.252222 0.021250 0.042222
1 0.494375 0.200000 0.008750 0.031111
0 0.531250 0.160000 0.015000 0.022222
1 0.955625 0.310000 0.031250 0.046667
1 0.911250 0.385556 0.020000 0.068889
