1 0.832031 0.659722 0.035156 0.131944
1 0.625000 0.578125 0.031250 0.114583
1 0.689453 0.458333 0.019531 0.076389
1 0.760742 0.543403 0.029297 0.114583
1 0.739258 0.434028 0.017578 0.090278
1 0.766602 0.456597 0.017578 0.079861
1 0.736328 0.394097 0.019531 0.072917
1 0.792969 0.378472 0.015625 0.062500
1 0.830078 0.375000 0.015625 0.062500
1 0.849609 0.347222 0.015625 0.055556
1 0.788086 0.322917 0.013672 0.055556
1 0.860352 0.260417 0.009766 0.034722
1 0.871094 0.232639 0.007812 0.027778
3 0.891602 0.164931 0.029297 0.052083
