1 0.792500 0.571111 0.035000 0.128889
1 0.644375 0.557778 0.028750 0.128889
1 0.617500 0.446667 0.025000 0.093333
1 0.709375 0.356667 0.018750 0.068889
1 0.618750 0.352222 0.017500 0.068889
1 0.688125 0.318889 0.013750 0.060000
1 0.700625 0.295556 0.016250 0.053333
1 0.593125 0.217778 0.011250 0.035556
1 0.635000 0.221111 0.010000 0.037778
1 0.628750 0.207778 0.010000 0.033333
1 0.536250 0.201111 0.010000 0.037778
1 0.578750 0.185556 0.010000 0.028889
1 0.562500 0.168889 0.007500 0.022222
0 0.508125 0.361111 0.056250 0.095556
1 0.399375 0.288889 0.016250 0.057778
1 0.483125 0.207778 0.011250 0.037778
1 0.456250 0.178889 0.015000 0.028889
1 0.196250 0.628889 0.032500 0.151111
1 0.140000 0.526667 0.032500 0.115556
1 0.224375 0.390000 0.021250 0.082222
1 0.243750 0.356667 0.017500 0.077778
1 0.230000 0.311111 0.015000 0.062222
1 0.256875 0.267778 0.013750 0.051111
1 0.310000 0.250000 0.015000 0.046667
1 0.344375 0.256667 0.026250 0.046667
1 0.328750 0.282222 0.015000 0.053333
1 0.198750 0.268889 0.015000 0.048889
1 0.221250 0.265556 0.010000 0.051111
1 0.234375 0.246667 0.011250 0.044444
1 0.251875 0.240000 0.013750 0.040000
0 0.277500 0.220000 0.037500 0.048889
1 0.222500 0.221111 0.012500 0.042222
1 0.208125 0.228889 0.008750 0.040000
3 0.179375 0.325556 0.031250 0.073333
1 0.149375 0.306667 0.013750 0.053333
1 0.175625 0.242222 0.011250 0.048889
1 0.196875 0.198889 0.008750 0.028889
1 0.186875 0.180000 0.011250 0.031111
1 0.215000 0.175556 0.010000 0.026667
1 0.233125 0.180000 0.008750 0.035556
1 0.246875 0.188889 0.011250 0.031111
1 0.268750 0.177778 0.010000 0.022222
1 0.257500 0.186667 0.010000 0.031111
0 0.045625 0.466667 0.076250 0.120000
3 0.193750 0.150000 0.042500 0.037778
