0 0.500625 0.546667 0.186250 0.168889
0 0.875625 0.642222 0.206250 0.222222
2 0.237500 0.684444 0.085000 0.160000
1 0.030000 0.166667 0.022500 0.057778
1 0.038125 0.135556 0.018750 0.053333
1 0.101875 0.198889 0.026250 0.064444
1 0.119375 0.357778 0.036250 0.106667
1 0.059375 0.338889 0.026250 0.095556
1 0.036250 0.356667 0.030000 0.095556
1 0.015000 0.391111 0.027500 0.106667
1 0.048750 0.434444 0.042500 0.117778
1 0.058125 0.700000 0.103750 0.151111
1 0.058125 0.801111 0.113750 0.162222
1 0.179375 0.806667 0.108750 0.177778
1 0.198125 0.891111 0.121250 0.186667
1 0.241250 0.603333 0.085000 0.135556
1 0.255625 0.485556 0.036250 0.122222
1 0.231875 0.430000 0.036250 0.104444
1 0.240000 0.348889 0.022500 0.093333
1 0.333125 0.294444 0.031250 0.086667
1 0.230625 0.191111 0.028750 0.062222
1 0.206875 0.216667 0.023750 0.064444
1 0.200000 0.252222 0.027500 0.073333
1 0.170000 0.183333 0.025000 0.064444
1 0.597500 0.557778 0.062500 0.128889
1 0.605000 0.434444 0.057500 0.108889
1 0.659375 0.393333 0.058750 0.106667
1 0.978125 0.323333 0.033750 0.086667
1 0.973750 0.453333 0.035000 0.106667
