1 0.310625 0.508889 0.023750 0.084444
1 0.230625 0.464444 0.023750 0.080000
1 0.091875 0.335556 0.011250 0.040000
1 0.159375 0.293333 0.008750 0.031111
1 0.593125 0.545556 0.046250 0.091111
1 0.548750 0.392222 0.020000 0.046667
0 0.364375 0.426667 0.063750 0.071111
0 0.453125 0.401111 0.066250 0.068889
1 0.598750 0.376667 0.012500 0.046667
1 0.661250 0.377778 0.010000 0.040000
1 0.642500 0.366667 0.010000 0.035556
1 0.678750 0.353333 0.012500 0.031111
3 0.805000 0.374444 0.032500 0.082222
1 0.718125 0.356667 0.008750 0.037778
1 0.716250 0.344444 0.010000 0.031111
1 0.743750 0.330000 0.007500 0.028889
1 0.763750 0.318889 0.007500 0.024444
1 0.271875 0.328889 0.011250 0.040000
1 0.275625 0.322222 0.011250 0.035556
3 0.237500 0.311111 0.035000 0.066667
3 0.210000 0.277778 0.020000 0.044444
1 0.215625 0.306667 0.008750 0.026667
1 0.924375 0.730000 0.031250 0.140000
1 0.963125 0.638889 0.033750 0.117778
