0 0.444375 0.568889 0.226250 0.191111
3 0.212500 0.407778 0.240000 0.233333
0 0.773125 0.775556 0.261250 0.244444
3 0.640625 0.142222 0.081250 0.120000
0 0.506875 0.080000 0.031250 0.048889
0 0.481250 0.171111 0.042500 0.066667
3 0.556875 0.386667 0.116250 0.115556
1 0.116875 0.472222 0.081250 0.113333
1 0.396250 0.228889 0.032500 0.071111
1 0.514375 0.331111 0.056250 0.080000
1 0.595000 0.670000 0.092500 0.140000
1 0.813750 0.646667 0.070000 0.128889
1 0.773125 0.422222 0.063750 0.102222
1 0.905625 0.428889 0.063750 0.080000
1 0.920000 0.478889 0.065000 0.108889
1 0.900625 0.398889 0.041250 0.108889
1 0.901250 0.270000 0.032500 0.060000
1 0.508125 0.120000 0.011250 0.048889
1 0.551250 0.100000 0.010000 0.048889
1 0.578750 0.060000 0.007500 0.031111
1 0.587500 0.076667 0.007500 0.042222
1 0.017500 0.288889 0.027500 0.088889
