0 0.735625 0.506667 0.103750 0.146667
0 0.885625 0.400000 0.101250 0.115556
0 0.890625 0.222222 0.066250 0.057778
3 0.623125 0.275556 0.066250 0.120000
3 0.672500 0.222222 0.080000 0.146667
3 0.726250 0.193333 0.092500 0.142222
3 0.556250 0.100000 0.030000 0.062222
3 0.446250 0.146667 0.032500 0.075556
0 0.380000 0.125556 0.022500 0.037778
1 0.143125 0.291111 0.013750 0.053333
1 0.128750 0.308889 0.017500 0.053333
1 0.107500 0.320000 0.025000 0.062222
1 0.089375 0.325556 0.023750 0.064444
1 0.071250 0.334444 0.022500 0.064444
1 0.042500 0.340000 0.017500 0.066667
1 0.077500 0.286667 0.015000 0.040000
1 0.065625 0.286667 0.008750 0.048889
