1 0.530625 0.462222 0.038750 0.142222
1 0.595000 0.482222 0.035000 0.142222
1 0.708750 0.504444 0.037500 0.146667
1 0.797500 0.417778 0.057500 0.124444
1 0.702500 0.683333 0.057500 0.215556
1 0.768750 0.647778 0.060000 0.206667
1 0.821250 0.634444 0.057500 0.202222
1 0.757500 0.908889 0.077500 0.182222
1 0.588750 0.931111 0.077500 0.137778
1 0.551875 0.262222 0.016250 0.057778
1 0.572500 0.246667 0.012500 0.044444
1 0.572500 0.233333 0.012500 0.035556
1 0.533750 0.240000 0.012500 0.044444
1 0.515625 0.240000 0.008750 0.048889
1 0.550000 0.240000 0.010000 0.044444
1 0.573125 0.214444 0.008750 0.037778
1 0.586875 0.198889 0.006250 0.033333
1 0.653750 0.212222 0.012500 0.042222
