1 0.678711 0.451389 0.029297 0.125000
1 0.537109 0.586806 0.046875 0.152778
1 0.681641 0.897569 0.062500 0.190972
1 0.810547 0.824653 0.054688 0.246528
1 0.748047 0.590278 0.035156 0.159722
1 0.897461 0.550347 0.025391 0.149306
1 0.841797 0.409722 0.062500 0.125000
1 0.889648 0.449653 0.025391 0.135417
1 0.920898 0.407986 0.017578 0.114583
1 0.910156 0.317708 0.027344 0.086806
1 0.783203 0.376736 0.027344 0.107639
1 0.733398 0.397569 0.029297 0.121528
1 0.821289 0.329861 0.021484 0.090278
1 0.795898 0.307292 0.017578 0.079861
1 0.702148 0.251736 0.017578 0.065972
1 0.747070 0.210069 0.013672 0.059028
1 0.772461 0.220486 0.017578 0.059028
1 0.750977 0.177083 0.013672 0.055556
1 0.785156 0.171875 0.011719 0.052083
1 0.837891 0.187500 0.011719 0.048611
1 0.814453 0.140625 0.007812 0.038194
1 0.845703 0.137153 0.007812 0.038194
1 0.863281 0.142361 0.007812 0.041667
1 0.834961 0.119792 0.009766 0.038194
0 0.784180 0.118056 0.025391 0.034722
0 0.774414 0.276042 0.041016 0.072917
4 0.477539 0.859375 0.185547 0.281250
1 0.079102 0.248264 0.009766 0.038194
1 0.148438 0.338542 0.019531 0.059028
1 0.159180 0.284722 0.013672 0.048611
0 0.677734 0.317708 0.062500 0.093750
