0 0.193750 0.608889 0.115000 0.168889
1 0.249375 0.315556 0.011250 0.040000
1 0.235625 0.301111 0.006250 0.033333
1 0.210625 0.291111 0.006250 0.031111
1 0.220000 0.287778 0.005000 0.028889
1 0.230000 0.286667 0.005000 0.031111
1 0.161250 0.290000 0.005000 0.033333
1 0.151875 0.332222 0.013750 0.037778
1 0.138750 0.318889 0.007500 0.028889
1 0.125625 0.327778 0.011250 0.042222
1 0.667500 0.355556 0.007500 0.040000
4 0.753125 0.328889 0.013750 0.031111
1 0.796875 0.325556 0.006250 0.024444
1 0.765000 0.302222 0.007500 0.022222
0 0.958750 0.474444 0.040000 0.064444
0 0.913125 0.444444 0.053750 0.062222
0 0.863125 0.384444 0.031250 0.035556
0 0.475625 0.325556 0.053750 0.033333
0 0.063750 0.373333 0.040000 0.048889
0 0.023750 0.404444 0.045000 0.066667
