0 0.868125 0.826667 0.206250 0.186667
4 0.445625 0.456667 0.098750 0.131111
0 0.501250 0.433333 0.065000 0.071111
1 0.389375 0.558889 0.033750 0.104444
1 0.321250 0.507778 0.020000 0.086667
0 0.292500 0.322222 0.040000 0.048889
1 0.272500 0.271111 0.007500 0.026667
1 0.253750 0.270000 0.010000 0.033333
0 0.235000 0.276667 0.025000 0.028889
3 0.221250 0.247778 0.022500 0.046667
4 0.193750 0.221111 0.015000 0.033333
3 0.158125 0.217778 0.016250 0.040000
4 0.170625 0.197778 0.013750 0.022222
1 0.341250 0.910000 0.052500 0.171111
