1 0.324375 0.724444 0.071250 0.244444
1 0.391250 0.448889 0.032500 0.133333
1 0.463750 0.371111 0.027500 0.093333
1 0.533750 0.356667 0.025000 0.082222
1 0.638125 0.268889 0.013750 0.057778
1 0.535000 0.221111 0.012500 0.046667
1 0.566875 0.202222 0.008750 0.035556
1 0.581875 0.191111 0.006250 0.026667
1 0.588750 0.182222 0.005000 0.026667
1 0.573125 0.186667 0.006250 0.026667
1 0.601875 0.182222 0.006250 0.031111
0 0.605000 0.174444 0.017500 0.024444
1 0.625000 0.203333 0.007500 0.037778
1 0.638125 0.190000 0.006250 0.033333
