3 0.169375 0.350000 0.033750 0.086667
4 0.205625 0.288889 0.016250 0.035556
0 0.169375 0.296667 0.018750 0.033333
1 0.400000 0.362222 0.015000 0.044444
1 0.351250 0.356667 0.012500 0.042222
1 0.331250 0.343333 0.010000 0.037778
1 0.307500 0.323333 0.010000 0.033333
1 0.273125 0.320000 0.013750 0.031111
1 0.201875 0.324444 0.011250 0.035556
1 0.235000 0.316667 0.007500 0.033333
1 0.215625 0.425556 0.013750 0.064444
1 0.130000 0.353333 0.007500 0.035556
1 0.116250 0.384444 0.012500 0.048889
1 0.070000 0.411111 0.015000 0.062222
1 0.796250 0.808889 0.045000 0.160000
1 0.658750 0.490000 0.017500 0.073333
1 0.935000 0.554444 0.022500 0.091111
1 0.914375 0.485556 0.018750 0.064444
1 0.846250 0.420000 0.020000 0.048889
1 0.653750 0.362222 0.010000 0.040000
0 0.663125 0.321111 0.018750 0.028889
3 0.801875 0.388889 0.036250 0.093333
1 0.473125 0.395556 0.016250 0.048889
1 0.512500 0.377778 0.015000 0.044444
