1 0.738125 0.416667 0.031250 0.122222
1 0.641875 0.291111 0.016250 0.066667
1 0.459375 0.403333 0.028750 0.108889
1 0.549375 0.275556 0.016250 0.062222
1 0.589375 0.234444 0.013750 0.046667
1 0.570625 0.233333 0.011250 0.044444
1 0.551875 0.238889 0.013750 0.046667
1 0.533750 0.240000 0.010000 0.044444
1 0.515625 0.241111 0.011250 0.046667
1 0.528125 0.227778 0.011250 0.037778
1 0.573750 0.200000 0.007500 0.031111
1 0.626250 0.234444 0.012500 0.042222
1 0.628750 0.198889 0.010000 0.033333
1 0.643125 0.182222 0.006250 0.031111
1 0.486875 0.668889 0.056250 0.217778
