0 0.091875 0.537778 0.096250 0.142222
0 0.152500 0.426667 0.047500 0.062222
4 0.167500 0.355556 0.037500 0.080000
0 0.226875 0.308889 0.028750 0.031111
1 0.106250 0.378889 0.010000 0.051111
1 0.195625 0.641111 0.038750 0.144444
1 0.325000 0.492222 0.025000 0.077778
1 0.411875 0.360000 0.016250 0.040000
1 0.419375 0.330000 0.011250 0.037778
1 0.617500 0.366667 0.015000 0.044444
1 0.578125 0.348889 0.018750 0.040000
1 0.755625 0.337778 0.006250 0.026667
1 0.770000 0.341111 0.012500 0.033333
1 0.818750 0.358889 0.010000 0.037778
1 0.848750 0.418889 0.017500 0.051111
0 0.666250 0.510000 0.067500 0.108889
1 0.954375 0.595556 0.023750 0.093333
1 0.972500 0.695556 0.032500 0.120000
0 0.063750 0.373333 0.040000 0.048889
0 0.024375 0.405556 0.046250 0.064444
0 0.956875 0.473333 0.041250 0.062222
0 0.911875 0.444444 0.053750 0.062222
0 0.862500 0.384444 0.027500 0.035556
0 0.475625 0.326667 0.053750 0.035556
