3 0.772461 0.517361 0.455078 0.388889
1 0.711914 0.831597 0.052734 0.184028
1 0.476562 0.758681 0.046875 0.149306
0 0.307617 0.576389 0.142578 0.125000
3 0.120117 0.348958 0.236328 0.239583
3 0.530273 0.427083 0.107422 0.180556
3 0.605469 0.314236 0.097656 0.086806
3 0.817383 0.213542 0.041016 0.065972
1 0.855469 0.310764 0.011719 0.045139
1 0.876953 0.279514 0.007812 0.038194
1 0.891602 0.229167 0.005859 0.027778
1 0.911133 0.218750 0.005859 0.013889
1 0.885742 0.211806 0.005859 0.027778
1 0.906250 0.194444 0.007812 0.020833
