1 0.824375 0.276667 0.028750 0.046667
1 0.853750 0.398889 0.040000 0.077778
1 0.510625 0.290000 0.023750 0.060000
1 0.630000 0.310000 0.012500 0.060000
1 0.683750 0.296667 0.012500 0.051111
1 0.669375 0.230000 0.018750 0.037778
1 0.557500 0.170000 0.007500 0.028889
1 0.586875 0.170000 0.006250 0.028889
1 0.435625 0.170000 0.008750 0.028889
1 0.423125 0.168889 0.011250 0.022222
1 0.250000 0.170000 0.005000 0.028889
1 0.254375 0.188889 0.008750 0.031111
1 0.235625 0.185556 0.011250 0.033333
1 0.305000 0.220000 0.015000 0.031111
1 0.243125 0.238889 0.013750 0.042222
1 0.211250 0.207778 0.010000 0.037778
1 0.213750 0.327778 0.015000 0.064444
1 0.157500 0.307778 0.022500 0.051111
1 0.193750 0.158889 0.007500 0.028889
1 0.249375 0.155556 0.008750 0.026667
1 0.141875 0.310000 0.018750 0.060000
1 0.190625 0.447778 0.026250 0.100000
1 0.015625 0.576667 0.026250 0.117778
1 0.097500 0.925556 0.075000 0.148889
1 0.763125 0.778889 0.046250 0.188889
0 0.045000 0.461111 0.072500 0.122222
0 0.733750 0.236667 0.047500 0.037778
