3 0.488750 0.421111 0.070000 0.202222
1 0.558125 0.890000 0.073750 0.211111
1 0.613750 0.757778 0.052500 0.182222
1 0.648125 0.618889 0.053750 0.162222
1 0.501875 0.622222 0.041250 0.137778
1 0.776875 0.657778 0.036250 0.146667
1 0.854375 0.718889 0.043750 0.157778
1 0.921250 0.707778 0.037500 0.153333
1 0.921875 0.538889 0.031250 0.108889
1 0.828125 0.546667 0.031250 0.111111
1 0.891875 0.330000 0.038750 0.060000
1 0.635625 0.315556 0.031250 0.062222
1 0.664375 0.311111 0.016250 0.057778
1 0.675625 0.282222 0.016250 0.053333
1 0.699375 0.278889 0.013750 0.051111
1 0.583125 0.390000 0.021250 0.077778
1 0.608125 0.305556 0.041250 0.060000
1 0.579375 0.328889 0.013750 0.062222
1 0.571875 0.300000 0.018750 0.057778
1 0.607500 0.271111 0.015000 0.048889
1 0.551875 0.240000 0.013750 0.040000
1 0.657500 0.228889 0.017500 0.040000
1 0.679375 0.220000 0.011250 0.031111
1 0.624375 0.197778 0.008750 0.026667
1 0.783125 0.312222 0.018750 0.055556
0 0.750000 0.258889 0.070000 0.051111
1 0.508125 0.268889 0.016250 0.048889
1 0.552500 0.197778 0.012500 0.031111
1 0.535625 0.187778 0.008750 0.028889
1 0.575625 0.178889 0.006250 0.028889
1 0.560000 0.157778 0.005000 0.022222
0 0.403125 0.256667 0.061250 0.046667
0 0.426250 0.210000 0.052500 0.033333
1 0.371250 0.218889 0.022500 0.037778
0 0.275000 0.230000 0.050000 0.037778
1 0.140625 0.400000 0.048750 0.080000
1 0.178125 0.388889 0.026250 0.080000
1 0.250000 0.167778 0.015000 0.024444
1 0.226875 0.165556 0.013750 0.024444
0 0.046250 0.466667 0.075000 0.115556
