0 0.641875 0.811111 0.178750 0.337778
0 0.606250 0.143333 0.025000 0.037778
0 0.645000 0.073333 0.015000 0.022222
0 0.568125 0.063333 0.013750 0.020000
1 0.271875 0.912222 0.068750 0.162222
1 0.171875 0.474444 0.063750 0.100000
1 0.242500 0.475556 0.065000 0.151111
1 0.316250 0.424444 0.052500 0.080000
1 0.460625 0.465556 0.061250 0.113333
1 0.419375 0.233333 0.013750 0.057778
1 0.448125 0.161111 0.008750 0.037778
1 0.636875 0.105556 0.006250 0.028889
1 0.940625 0.581111 0.071250 0.144444
1 0.759375 0.378889 0.038750 0.082222
