1 0.173125 0.192222 0.013750 0.033333
1 0.206250 0.207778 0.007500 0.037778
1 0.218750 0.208889 0.007500 0.040000
1 0.233125 0.240000 0.011250 0.040000
1 0.226875 0.305556 0.013750 0.060000
1 0.218750 0.375556 0.017500 0.080000
1 0.250625 0.207778 0.008750 0.037778
1 0.058125 0.868889 0.071250 0.240000
1 0.842500 0.495556 0.030000 0.097778
1 0.682500 0.377778 0.017500 0.080000
1 0.526875 0.240000 0.011250 0.040000
1 0.610625 0.270000 0.011250 0.046667
1 0.610625 0.240000 0.011250 0.040000
1 0.639375 0.231111 0.011250 0.040000
1 0.542500 0.196667 0.010000 0.028889
1 0.587500 0.170000 0.007500 0.024444
1 0.543125 0.158889 0.003750 0.020000
1 0.550000 0.158889 0.005000 0.020000
1 0.568125 0.161111 0.003750 0.020000
1 0.453125 0.175556 0.006250 0.026667
1 0.434375 0.268889 0.023750 0.048889
0 0.044375 0.467778 0.076250 0.117778
