0 0.300625 0.457778 0.061250 0.115556
0 0.266250 0.415556 0.045000 0.075556
3 0.233750 0.355556 0.052500 0.120000
3 0.191875 0.302222 0.033750 0.071111
1 0.442500 0.540000 0.022500 0.102222
1 0.135625 0.493333 0.018750 0.080000
1 0.145000 0.517778 0.027500 0.097778
1 0.169375 0.526667 0.023750 0.093333
1 0.171875 0.576667 0.026250 0.104444
1 0.205625 0.508889 0.023750 0.088889
1 0.253750 0.522222 0.020000 0.093333
1 0.210000 0.480000 0.017500 0.080000
1 0.195625 0.456667 0.018750 0.077778
1 0.220000 0.453333 0.020000 0.071111
1 0.220625 0.432222 0.026250 0.068889
1 0.510625 0.390000 0.021250 0.055556
