0 0.706875 0.846667 0.111250 0.222222
0 0.636250 0.441111 0.075000 0.060000
1 0.626875 0.367778 0.013750 0.046667
1 0.716250 0.355556 0.010000 0.040000
1 0.487500 0.578889 0.057500 0.108889
1 0.256875 0.565556 0.028750 0.108889
1 0.320625 0.357778 0.011250 0.048889
1 0.243750 0.311111 0.007500 0.026667
1 0.216250 0.298889 0.007500 0.028889
1 0.222500 0.308889 0.007500 0.022222
1 0.156250 0.277778 0.007500 0.022222
1 0.181250 0.275556 0.012500 0.022222
0 0.206875 0.285556 0.018750 0.024444
0 0.234375 0.298889 0.021250 0.028889
1 0.871250 0.490000 0.022500 0.073333
1 0.800625 0.387778 0.011250 0.037778
1 0.826875 0.390000 0.011250 0.042222
1 0.815625 0.371111 0.008750 0.031111
1 0.836875 0.376667 0.008750 0.033333
1 0.811875 0.340000 0.008750 0.022222
1 0.765625 0.321111 0.011250 0.028889
1 0.778750 0.328889 0.005000 0.031111
1 0.786875 0.320000 0.003750 0.022222
1 0.750000 0.321111 0.005000 0.020000
1 0.785000 0.298889 0.005000 0.020000
0 0.078750 0.358889 0.037500 0.055556
0 0.024375 0.401111 0.043750 0.064444
0 0.475625 0.325556 0.053750 0.037778
0 0.912500 0.443333 0.052500 0.060000
0 0.863125 0.383333 0.031250 0.037778
