1 0.398125 0.377778 0.016250 0.044444
1 0.433125 0.405556 0.021250 0.051111
1 0.461250 0.362222 0.015000 0.040000
1 0.585625 0.374444 0.016250 0.037778
0 0.513125 0.396667 0.066250 0.055556
0 0.243750 0.321111 0.037500 0.037778
3 0.312500 0.336667 0.057500 0.064444
4 0.124375 0.287778 0.018750 0.033333
3 0.059375 0.513333 0.116250 0.200000
1 0.231875 0.848889 0.101250 0.182222
1 0.795000 0.691111 0.027500 0.120000
1 0.687500 0.554444 0.022500 0.095556
1 0.895000 0.482222 0.015000 0.066667
1 0.878125 0.432222 0.013750 0.046667
1 0.836250 0.406667 0.012500 0.044444
1 0.828125 0.378889 0.008750 0.037778
0 0.771875 0.310000 0.013750 0.024444
1 0.722500 0.340000 0.007500 0.031111
1 0.663125 0.364444 0.011250 0.035556
1 0.103750 0.388889 0.015000 0.053333
1 0.133125 0.405556 0.016250 0.055556
1 0.144375 0.343333 0.008750 0.037778
1 0.211875 0.326667 0.011250 0.035556
1 0.150625 0.313333 0.006250 0.031111
1 0.172500 0.290000 0.005000 0.028889
