1 0.463125 0.376667 0.016250 0.042222
1 0.400000 0.415556 0.022500 0.062222
1 0.373125 0.337778 0.008750 0.035556
1 0.233125 0.307778 0.008750 0.028889
1 0.226875 0.292222 0.008750 0.028889
1 0.115625 0.395556 0.016250 0.057778
1 0.138750 0.538889 0.037500 0.100000
1 0.064375 0.718889 0.048750 0.171111
1 0.969375 0.740000 0.041250 0.142222
1 0.864375 0.432222 0.011250 0.055556
0 0.806875 0.400000 0.031250 0.053333
1 0.630625 0.360000 0.011250 0.040000
4 0.740000 0.332222 0.027500 0.037778
0 0.756250 0.328889 0.017500 0.031111
1 0.766875 0.345556 0.006250 0.024444
1 0.778750 0.340000 0.005000 0.022222
0 0.911875 0.443333 0.056250 0.060000
0 0.861875 0.384444 0.028750 0.040000
0 0.475625 0.326667 0.053750 0.040000
0 0.073125 0.360000 0.043750 0.053333
0 0.025625 0.404444 0.046250 0.066667
