1 0.464844 0.796875 0.074219 0.239583
1 0.412109 0.871528 0.066406 0.250000
1 0.272461 0.892361 0.064453 0.201389
1 0.274414 0.767361 0.060547 0.236111
1 0.400391 0.579861 0.089844 0.152778
4 0.371094 0.355903 0.105469 0.156250
1 0.184570 0.449653 0.025391 0.121528
1 0.244141 0.357639 0.019531 0.090278
1 0.266602 0.315972 0.017578 0.076389
0 0.278320 0.277778 0.048828 0.076389
0 0.208008 0.305556 0.013672 0.062500
0 0.237305 0.305556 0.017578 0.062500
1 0.183594 0.265625 0.019531 0.059028
0 0.250000 0.217014 0.031250 0.045139
0 0.592773 0.361111 0.048828 0.083333
1 0.356445 0.260417 0.017578 0.048611
1 0.390625 0.263889 0.015625 0.048611
1 0.414062 0.248264 0.015625 0.045139
1 0.106445 0.243056 0.017578 0.048611
0 0.316406 0.211806 0.015625 0.048611
0 0.326172 0.197917 0.011719 0.041667
4 0.966797 0.322917 0.066406 0.111111
1 0.929688 0.347222 0.035156 0.090278
1 0.886719 0.324653 0.035156 0.072917
1 0.844727 0.321181 0.033203 0.072917
1 0.815430 0.310764 0.037109 0.065972
1 0.808594 0.305556 0.039062 0.069444
