1 0.628750 0.497778 0.027500 0.071111
1 0.455000 0.426667 0.020000 0.066667
1 0.234375 0.307778 0.006250 0.028889
1 0.272500 0.315556 0.010000 0.031111
1 0.270000 0.308889 0.017500 0.031111
1 0.215625 0.295556 0.006250 0.026667
3 0.215000 0.280000 0.012500 0.026667
1 0.144375 0.300000 0.008750 0.031111
1 0.115000 0.361111 0.010000 0.042222
1 0.021250 0.522222 0.027500 0.097778
1 0.807500 0.770000 0.050000 0.153333
4 0.936875 0.648889 0.091250 0.151111
2 0.918125 0.480000 0.013750 0.062222
1 0.856875 0.420000 0.013750 0.053333
1 0.825625 0.367778 0.008750 0.037778
1 0.789375 0.355556 0.006250 0.031111
1 0.685000 0.351111 0.010000 0.035556
1 0.693750 0.345556 0.010000 0.028889
1 0.753125 0.340000 0.006250 0.022222
0 0.776250 0.296667 0.012500 0.020000
0 0.754375 0.278889 0.011250 0.011111
1 0.795000 0.338889 0.007500 0.037778
0 0.473750 0.325556 0.055000 0.033333
0 0.186875 0.248889 0.011250 0.017778
1 0.644375 0.318889 0.016250 0.028889
0 0.024375 0.407778 0.043750 0.064444
0 0.861250 0.384444 0.032500 0.040000
0 0.913125 0.442222 0.051250 0.062222
