0 0.578125 0.486667 0.076250 0.142222
1 0.820625 0.450000 0.038750 0.091111
1 0.785000 0.337778 0.037500 0.062222
1 0.748750 0.310000 0.040000 0.060000
1 0.660000 0.336667 0.015000 0.064444
1 0.787500 0.510000 0.032500 0.117778
1 0.551250 0.268889 0.027500 0.057778
1 0.738125 0.255556 0.018750 0.040000
1 0.904375 0.317778 0.033750 0.057778
1 0.203125 0.437778 0.023750 0.093333
1 0.143125 0.471111 0.026250 0.106667
1 0.260000 0.328889 0.020000 0.071111
1 0.211875 0.356667 0.033750 0.091111
1 0.232500 0.302222 0.015000 0.062222
1 0.268125 0.268889 0.016250 0.048889
1 0.196875 0.266667 0.013750 0.053333
1 0.222500 0.267778 0.015000 0.051111
1 0.216875 0.240000 0.008750 0.040000
1 0.280625 0.228889 0.013750 0.040000
4 0.256875 0.205556 0.031250 0.060000
1 0.202500 0.221111 0.012500 0.046667
1 0.173750 0.221111 0.007500 0.037778
1 0.198125 0.200000 0.008750 0.040000
1 0.967500 0.435556 0.032500 0.080000
1 0.536250 0.198889 0.012500 0.037778
1 0.508125 0.192222 0.008750 0.028889
1 0.495000 0.190000 0.012500 0.028889
1 0.484375 0.191111 0.011250 0.031111
0 0.553750 0.167778 0.020000 0.028889
0 0.044375 0.468889 0.078750 0.120000
