3 0.140625 0.535556 0.251250 0.395556
0 0.303750 0.655556 0.137500 0.253333
0 0.495000 0.381111 0.067500 0.144444
0 0.490000 0.157778 0.030000 0.053333
0 0.560000 0.096667 0.017500 0.033333
4 0.541250 0.162222 0.035000 0.075556
0 0.601250 0.122222 0.022500 0.040000
0 0.656875 0.205556 0.038750 0.060000
1 0.752500 0.304444 0.020000 0.066667
1 0.690625 0.177778 0.011250 0.044444
1 0.629375 0.108889 0.006250 0.026667
1 0.660000 0.142222 0.010000 0.035556
1 0.673125 0.130000 0.008750 0.033333
1 0.653125 0.105556 0.006250 0.028889
