0 0.651250 0.731111 0.117500 0.262222
3 0.748750 0.510000 0.052500 0.148889
1 0.333750 0.295556 0.015000 0.071111
1 0.346875 0.326667 0.016250 0.080000
1 0.361250 0.378889 0.027500 0.091111
1 0.390000 0.632222 0.042500 0.157778
1 0.449375 0.186667 0.011250 0.048889
1 0.448125 0.285556 0.021250 0.068889
1 0.885625 0.542222 0.028750 0.102222
1 0.888125 0.628889 0.041250 0.137778
1 0.824375 0.417778 0.028750 0.088889
1 0.782500 0.415556 0.022500 0.093333
1 0.729375 0.415556 0.021250 0.102222
1 0.741250 0.337778 0.017500 0.084444
1 0.766875 0.288889 0.018750 0.071111
1 0.736250 0.290000 0.017500 0.060000
1 0.720000 0.260000 0.010000 0.066667
1 0.703750 0.317778 0.017500 0.071111
1 0.605625 0.248889 0.018750 0.057778
1 0.656875 0.302222 0.013750 0.071111
1 0.537500 0.336667 0.020000 0.086667
1 0.495625 0.122222 0.008750 0.031111
1 0.525000 0.118889 0.007500 0.028889
