3 0.823125 0.528889 0.321250 0.333333
0 0.875625 0.770000 0.248750 0.220000
0 0.850000 0.858889 0.285000 0.264444
0 0.398125 0.576667 0.168750 0.197778
0 0.226875 0.393333 0.118750 0.124444
0 0.050000 0.287778 0.097500 0.117778
0 0.041250 0.173333 0.067500 0.071111
4 0.188125 0.211111 0.058750 0.093333
1 0.070625 0.132222 0.011250 0.046667
1 0.086875 0.156667 0.021250 0.042222
1 0.109375 0.145556 0.013750 0.051111
1 0.126875 0.465556 0.041250 0.117778
1 0.057500 0.753333 0.110000 0.155556
1 0.543125 0.376667 0.046250 0.104444
1 0.662500 0.417778 0.052500 0.102222
1 0.459375 0.773333 0.088750 0.186667
1 0.525000 0.556667 0.080000 0.135556
1 0.910000 0.365556 0.035000 0.100000
1 0.935625 0.344444 0.026250 0.093333
1 0.838125 0.356667 0.038750 0.077778
1 0.835625 0.334444 0.041250 0.095556
1 0.866250 0.304444 0.042500 0.084444
1 0.895625 0.347778 0.043750 0.091111
1 0.893750 0.320000 0.042500 0.084444
