4 0.684375 0.692222 0.183750 0.197778
0 0.552500 0.541111 0.095000 0.091111
4 0.295000 0.328889 0.050000 0.084444
0 0.265000 0.315556 0.030000 0.040000
1 0.444375 0.572222 0.056250 0.104444
1 0.306250 0.712222 0.035000 0.135556
1 0.401875 0.366667 0.016250 0.048889
1 0.185625 0.411111 0.016250 0.062222
1 0.158750 0.321111 0.007500 0.037778
1 0.170000 0.300000 0.007500 0.035556
1 0.179375 0.287778 0.008750 0.033333
1 0.145625 0.278889 0.006250 0.028889
1 0.158750 0.262222 0.005000 0.026667
1 0.249375 0.271111 0.008750 0.026667
1 0.251250 0.263333 0.007500 0.028889
1 0.263750 0.263333 0.007500 0.028889
1 0.275625 0.283333 0.008750 0.033333
3 0.199375 0.234444 0.013750 0.033333
