3 0.913125 0.346667 0.156250 0.155556
3 0.388125 0.197778 0.076250 0.057778
3 0.507500 0.164444 0.022500 0.044444
0 0.545000 0.153333 0.012500 0.022222
1 0.491875 0.195556 0.008750 0.031111
1 0.485000 0.191111 0.007500 0.026667
1 0.573750 0.168889 0.007500 0.022222
0 0.546875 0.332222 0.043750 0.086667
1 0.975000 0.458889 0.032500 0.082222
1 0.827500 0.475556 0.022500 0.102222
1 0.612500 0.448889 0.017500 0.084444
1 0.696250 0.473333 0.025000 0.097778
1 0.746250 0.437778 0.020000 0.088889
1 0.767500 0.372222 0.017500 0.064444
1 0.734375 0.248889 0.018750 0.035556
1 0.630000 0.246667 0.010000 0.040000
1 0.600000 0.232222 0.010000 0.037778
3 0.666250 0.348889 0.042500 0.088889
1 0.679375 0.396667 0.018750 0.077778
