1 0.636250 0.892222 0.040000 0.180000
1 0.725000 0.657778 0.035000 0.128889
1 0.697500 0.531111 0.027500 0.084444
1 0.635625 0.461111 0.021250 0.068889
1 0.613750 0.425556 0.017500 0.060000
1 0.598125 0.368889 0.013750 0.040000
1 0.493750 0.388889 0.022500 0.057778
1 0.460000 0.408889 0.020000 0.057778
1 0.365000 0.461111 0.030000 0.077778
1 0.283125 0.327778 0.013750 0.037778
1 0.194375 0.416667 0.016250 0.064444
1 0.143125 0.352222 0.011250 0.042222
1 0.826250 0.407778 0.012500 0.042222
1 0.832500 0.390000 0.010000 0.042222
1 0.810000 0.365556 0.007500 0.037778
1 0.791875 0.327778 0.006250 0.024444
1 0.742500 0.342222 0.007500 0.026667
1 0.723750 0.340000 0.007500 0.031111
0 0.912500 0.443333 0.052500 0.060000
0 0.862500 0.383333 0.030000 0.037778
0 0.077500 0.362222 0.035000 0.057778
0 0.024375 0.405556 0.046250 0.064444
