1 0.571875 0.597778 0.053750 0.128889
0 0.443125 0.798889 0.206250 0.260000
1 0.921875 0.787778 0.056250 0.188889
2 0.915625 0.545556 0.023750 0.117778
1 0.751875 0.371111 0.028750 0.075556
1 0.764375 0.328889 0.041250 0.057778
1 0.635000 0.221111 0.010000 0.037778
1 0.589375 0.200000 0.008750 0.031111
1 0.610000 0.195556 0.010000 0.031111
1 0.579375 0.211111 0.011250 0.035556
1 0.561875 0.198889 0.008750 0.028889
1 0.551250 0.168889 0.007500 0.031111
1 0.576875 0.166667 0.006250 0.022222
1 0.526250 0.195556 0.010000 0.035556
1 0.493125 0.187778 0.011250 0.028889
1 0.461250 0.185556 0.010000 0.028889
1 0.458750 0.171111 0.015000 0.022222
1 0.208750 0.318889 0.017500 0.068889
1 0.270625 0.242222 0.021250 0.044444
1 0.225625 0.215556 0.008750 0.040000
1 0.234375 0.191111 0.008750 0.031111
0 0.045000 0.470000 0.070000 0.117778
