4 0.491875 0.615556 0.106250 0.222222
0 0.603125 0.308889 0.083750 0.071111
3 0.442500 0.171111 0.037500 0.044444
1 0.111875 0.416667 0.023750 0.086667
1 0.185000 0.288889 0.015000 0.048889
1 0.241875 0.200000 0.008750 0.031111
1 0.691875 0.916667 0.066250 0.166667
1 0.743125 0.615556 0.046250 0.146667
1 0.840625 0.421111 0.018750 0.082222
1 0.830625 0.360000 0.038750 0.062222
1 0.820000 0.330000 0.012500 0.060000
1 0.746875 0.341111 0.013750 0.064444
1 0.683125 0.303333 0.013750 0.060000
1 0.534375 0.216667 0.011250 0.033333
1 0.569375 0.187778 0.008750 0.024444
0 0.520625 0.153333 0.013750 0.022222
0 0.515000 0.130000 0.010000 0.020000
