0 0.769375 0.777778 0.256250 0.231111
0 0.445000 0.571111 0.220000 0.182222
3 0.211875 0.402222 0.238750 0.226667
3 0.558750 0.388889 0.115000 0.120000
3 0.641875 0.138889 0.081250 0.117778
0 0.508125 0.072222 0.026250 0.046667
0 0.476875 0.170000 0.046250 0.068889
1 0.508125 0.120000 0.011250 0.048889
1 0.551875 0.101111 0.011250 0.046667
1 0.577500 0.060000 0.007500 0.040000
1 0.587500 0.078889 0.007500 0.042222
1 0.515000 0.330000 0.055000 0.073333
1 0.393750 0.227778 0.035000 0.073333
1 0.114375 0.477778 0.073750 0.124444
1 0.015625 0.291111 0.023750 0.075556
1 0.593750 0.671111 0.092500 0.133333
1 0.814375 0.647778 0.066250 0.122222
1 0.773750 0.425556 0.065000 0.091111
1 0.923125 0.478889 0.068750 0.100000
1 0.900625 0.436667 0.056250 0.077778
1 0.899375 0.400000 0.041250 0.097778
1 0.901250 0.268889 0.032500 0.062222
