4 0.650391 0.446181 0.101562 0.184028
4 0.586914 0.336806 0.056641 0.111111
0 0.504883 0.362847 0.044922 0.065972
1 0.615234 0.796875 0.050781 0.225694
1 0.471680 0.732639 0.044922 0.194444
1 0.543945 0.657986 0.044922 0.170139
1 0.714844 0.699653 0.050781 0.190972
1 0.581055 0.557292 0.025391 0.142361
1 0.512695 0.543403 0.021484 0.135417
1 0.525391 0.463542 0.035156 0.107639
1 0.409180 0.484375 0.021484 0.107639
1 0.490234 0.435764 0.019531 0.086806
1 0.506836 0.409722 0.017578 0.076389
1 0.484375 0.399306 0.015625 0.076389
1 0.440430 0.401042 0.025391 0.079861
1 0.409180 0.416667 0.021484 0.076389
1 0.378906 0.366319 0.015625 0.072917
1 0.431641 0.354167 0.015625 0.062500
1 0.437500 0.324653 0.019531 0.065972
1 0.409180 0.289931 0.009766 0.045139
1 0.443359 0.250000 0.007812 0.034722
1 0.395508 0.248264 0.005859 0.024306
1 0.397461 0.234375 0.005859 0.024306
