0 0.481875 0.486667 0.108750 0.120000
0 0.384375 0.390000 0.083750 0.113333
1 0.197500 0.820000 0.055000 0.262222
1 0.271250 0.666667 0.042500 0.177778
1 0.391250 0.701111 0.055000 0.202222
1 0.501250 0.884444 0.080000 0.213333
1 0.118125 0.582222 0.033750 0.142222
1 0.150000 0.424444 0.030000 0.111111
1 0.195000 0.437778 0.027500 0.120000
1 0.710000 0.660000 0.057500 0.164444
1 0.658750 0.542222 0.052500 0.124444
1 0.641875 0.498889 0.038750 0.117778
1 0.563750 0.454444 0.035000 0.100000
2 0.588125 0.446667 0.031250 0.106667
1 0.586250 0.294444 0.035000 0.060000
1 0.640000 0.300000 0.042500 0.057778
0 0.657500 0.267778 0.077500 0.055556
1 0.517500 0.294444 0.035000 0.060000
1 0.538750 0.271111 0.035000 0.057778
1 0.503750 0.283333 0.035000 0.051111
1 0.488750 0.398889 0.032500 0.091111
1 0.485625 0.356667 0.028750 0.060000
1 0.382500 0.462222 0.035000 0.115556
1 0.424375 0.354444 0.038750 0.077778
1 0.381250 0.307778 0.022500 0.068889
1 0.340625 0.316667 0.021250 0.073333
1 0.278125 0.483333 0.058750 0.113333
1 0.298125 0.404444 0.028750 0.088889
1 0.288125 0.353333 0.051250 0.084444
1 0.168750 0.310000 0.020000 0.068889
1 0.145000 0.335556 0.017500 0.080000
1 0.124375 0.296667 0.016250 0.060000
1 0.096875 0.284444 0.018750 0.057778
1 0.209375 0.264444 0.016250 0.048889
0 0.255000 0.262222 0.035000 0.048889
0 0.211250 0.206667 0.020000 0.031111
