4 0.595625 0.307778 0.033750 0.073333
4 0.542500 0.162222 0.017500 0.035556
4 0.530625 0.146667 0.013750 0.031111
3 0.608125 0.220000 0.028750 0.040000
1 0.640625 0.353333 0.021250 0.071111
1 0.698125 0.275556 0.011250 0.053333
1 0.653750 0.245556 0.007500 0.037778
1 0.655000 0.228889 0.007500 0.035556
1 0.835625 0.281111 0.028750 0.046667
1 0.965625 0.386667 0.033750 0.066667
1 0.481875 0.182222 0.006250 0.022222
1 0.196875 0.186667 0.008750 0.031111
1 0.207500 0.177778 0.007500 0.022222
1 0.220625 0.196667 0.006250 0.028889
1 0.241875 0.194444 0.006250 0.024444
1 0.254375 0.181111 0.006250 0.024444
