0 0.638125 0.427778 0.058750 0.091111
0 0.600000 0.728889 0.112500 0.200000
1 0.766875 0.401111 0.021250 0.077778
1 0.713125 0.376667 0.021250 0.073333
1 0.718750 0.338889 0.015000 0.060000
1 0.723750 0.288889 0.015000 0.048889
1 0.715625 0.240000 0.018750 0.040000
1 0.690625 0.271111 0.013750 0.048889
1 0.630625 0.260000 0.011250 0.048889
1 0.641875 0.242222 0.011250 0.040000
1 0.646250 0.231111 0.007500 0.040000
1 0.610625 0.200000 0.011250 0.031111
1 0.581875 0.181111 0.016250 0.028889
1 0.498750 0.187778 0.007500 0.028889
1 0.491875 0.176667 0.008750 0.024444
1 0.477500 0.180000 0.010000 0.022222
0 0.504375 0.226667 0.028750 0.044444
0 0.508750 0.306667 0.045000 0.075556
1 0.429375 0.272222 0.018750 0.055556
1 0.371250 0.316667 0.025000 0.060000
1 0.230000 0.331111 0.020000 0.062222
1 0.181875 0.350000 0.021250 0.068889
1 0.255625 0.300000 0.013750 0.057778
1 0.218750 0.288889 0.012500 0.057778
1 0.236875 0.278889 0.011250 0.051111
1 0.238750 0.252222 0.012500 0.051111
1 0.199375 0.237778 0.011250 0.040000
1 0.195625 0.211111 0.008750 0.035556
0 0.212500 0.468889 0.072500 0.142222
1 0.855625 0.556667 0.031250 0.113333
1 0.912500 0.385556 0.032500 0.068889
1 0.813750 0.918889 0.062500 0.157778
0 0.044375 0.470000 0.073750 0.117778
0 0.427500 0.173333 0.035000 0.026667
