1 0.227500 0.661111 0.060000 0.193333
1 0.211250 0.796667 0.077500 0.255556
1 0.283750 0.828889 0.072500 0.284444
1 0.647500 0.443333 0.037500 0.126667
0 0.580625 0.418889 0.073750 0.113333
1 0.629375 0.318889 0.018750 0.077778
1 0.518125 0.346667 0.023750 0.084444
1 0.547500 0.233333 0.010000 0.044444
1 0.564375 0.222222 0.008750 0.035556
1 0.609375 0.207778 0.008750 0.037778
1 0.630000 0.222222 0.010000 0.040000
1 0.639375 0.197778 0.006250 0.031111
1 0.623125 0.204444 0.006250 0.031111
1 0.421875 0.391111 0.023750 0.102222
