1 0.327500 0.537778 0.040000 0.160000
1 0.070000 0.878889 0.092500 0.242222
1 0.446875 0.897778 0.073750 0.204444
1 0.591875 0.875556 0.088750 0.248889
2 0.610000 0.343333 0.027500 0.095556
1 0.493125 0.298889 0.043750 0.068889
1 0.578750 0.263333 0.017500 0.055556
1 0.492500 0.261111 0.022500 0.046667
1 0.638750 0.277778 0.015000 0.066667
1 0.617500 0.240000 0.012500 0.044444
1 0.609375 0.286667 0.016250 0.062222
1 0.656875 0.228889 0.011250 0.044444
1 0.626875 0.196667 0.008750 0.033333
1 0.616875 0.201111 0.008750 0.033333
1 0.590000 0.185556 0.007500 0.028889
1 0.576250 0.202222 0.007500 0.031111
