4 0.763125 0.532222 0.238750 0.317778
1 0.930625 0.347778 0.041250 0.077778
1 0.392500 0.210000 0.015000 0.051111
1 0.439375 0.203333 0.008750 0.055556
1 0.450625 0.216667 0.013750 0.051111
1 0.458125 0.182222 0.011250 0.044444
1 0.485625 0.178889 0.008750 0.046667
1 0.510625 0.154444 0.008750 0.042222
1 0.471250 0.138889 0.005000 0.033333
1 0.476875 0.127778 0.006250 0.028889
0 0.538750 0.183333 0.032500 0.055556
0 0.545625 0.151111 0.026250 0.048889
1 0.669375 0.152222 0.008750 0.037778
1 0.647500 0.117778 0.007500 0.031111
