3 0.463867 0.251736 0.076172 0.135417
3 0.334961 0.164931 0.037109 0.086806
3 0.187500 0.112847 0.023438 0.059028
0 0.213867 0.145833 0.021484 0.041667
0 0.233398 0.126736 0.021484 0.038194
1 0.284180 0.131944 0.009766 0.041667
1 0.278320 0.151042 0.017578 0.045139
1 0.258789 0.152778 0.013672 0.041667
1 0.291016 0.321181 0.031250 0.093750
1 0.330078 0.401042 0.027344 0.114583
1 0.195312 0.258681 0.015625 0.065972
1 0.211914 0.187500 0.017578 0.048611
1 0.193359 0.182292 0.015625 0.045139
1 0.240234 0.199653 0.011719 0.052083
1 0.306641 0.210069 0.015625 0.059028
1 0.161133 0.689236 0.099609 0.177083
1 0.651367 0.550347 0.041016 0.156250
1 0.340820 0.253472 0.021484 0.069444
1 0.327148 0.225694 0.013672 0.062500
1 0.352539 0.227431 0.021484 0.059028
1 0.399414 0.175347 0.013672 0.059028
1 0.384766 0.203125 0.015625 0.052083
1 0.432617 0.147569 0.009766 0.045139
1 0.444336 0.128472 0.005859 0.034722
1 0.538086 0.197917 0.017578 0.055556
1 0.511719 0.086806 0.007812 0.027778
1 0.603516 0.097222 0.007812 0.034722
1 0.608398 0.086806 0.005859 0.020833
3 0.574219 0.100694 0.023438 0.055556
1 0.950195 0.300347 0.037109 0.079861
1 0.974609 0.371528 0.046875 0.104167
1 0.930664 0.175347 0.013672 0.045139
1 0.955078 0.178819 0.015625 0.038194
