1 0.157500 0.611111 0.035000 0.124444
1 0.335625 0.480000 0.028750 0.093333
1 0.255000 0.425556 0.017500 0.064444
1 0.188750 0.422222 0.015000 0.066667
1 0.080625 0.432222 0.018750 0.068889
0 0.074375 0.360000 0.043750 0.057778
3 0.170625 0.337778 0.041250 0.097778
4 0.226875 0.301111 0.031250 0.046667
1 0.137500 0.307778 0.005000 0.028889
1 0.133750 0.301111 0.005000 0.033333
1 0.305000 0.336667 0.010000 0.028889
1 0.317500 0.326667 0.010000 0.035556
1 0.470625 0.387778 0.018750 0.046667
1 0.468125 0.368889 0.013750 0.040000
1 0.568750 0.382222 0.012500 0.048889
1 0.641875 0.368889 0.013750 0.048889
1 0.730000 0.346667 0.012500 0.031111
1 0.886250 0.491111 0.020000 0.071111
1 0.926250 0.498889 0.020000 0.060000
1 0.936875 0.496667 0.018750 0.068889
1 0.854375 0.451111 0.013750 0.057778
1 0.849375 0.421111 0.018750 0.055556
0 0.912500 0.442222 0.055000 0.062222
1 0.816250 0.365556 0.010000 0.037778
1 0.820000 0.358889 0.010000 0.028889
1 0.794375 0.331111 0.008750 0.022222
1 0.746250 0.327778 0.010000 0.028889
0 0.758750 0.296667 0.012500 0.020000
0 0.768750 0.285556 0.010000 0.015556
1 0.778750 0.296667 0.005000 0.020000
0 0.024375 0.404444 0.046250 0.062222
0 0.864375 0.382222 0.028750 0.035556
