1 0.860352 0.505208 0.037109 0.149306
1 0.817383 0.598958 0.048828 0.184028
1 0.802734 0.263889 0.019531 0.083333
1 0.774414 0.217014 0.013672 0.059028
1 0.838867 0.222222 0.013672 0.069444
1 0.808594 0.197917 0.015625 0.062500
1 0.806641 0.145833 0.011719 0.048611
1 0.820312 0.142361 0.011719 0.048611
1 0.835938 0.173611 0.011719 0.048611
1 0.854492 0.196181 0.013672 0.052083
1 0.878906 0.166667 0.011719 0.048611
1 0.860352 0.168403 0.013672 0.045139
1 0.835938 0.145833 0.011719 0.048611
1 0.848633 0.130208 0.013672 0.045139
0 0.779297 0.123264 0.027344 0.038194
0 0.796875 0.097222 0.023438 0.034722
0 0.725586 0.265625 0.056641 0.079861
0 0.620117 0.447917 0.111328 0.145833
1 0.630859 0.552083 0.042969 0.145833
1 0.171875 0.402778 0.031250 0.083333
1 0.129883 0.390625 0.021484 0.079861
1 0.108398 0.439236 0.029297 0.093750
1 0.049805 0.454861 0.037109 0.097222
1 0.163086 0.302083 0.017578 0.055556
1 0.156250 0.347222 0.015625 0.062500
1 0.103516 0.243056 0.011719 0.048611
1 0.108398 0.211806 0.009766 0.034722
1 0.470703 0.871528 0.074219 0.229167
