1 0.152500 0.377778 0.030000 0.080000
1 0.231250 0.338889 0.017500 0.068889
1 0.198750 0.435556 0.027500 0.111111
1 0.369375 0.255556 0.016250 0.048889
1 0.207500 0.245556 0.012500 0.046667
1 0.531875 0.395556 0.018750 0.080000
1 0.550000 0.350000 0.017500 0.064444
1 0.610625 0.400000 0.021250 0.080000
1 0.692500 0.446667 0.025000 0.084444
1 0.688125 0.350000 0.013750 0.068889
1 0.756250 0.377778 0.017500 0.071111
1 0.899375 0.446667 0.036250 0.084444
1 0.788125 0.727778 0.038750 0.162222
1 0.882500 0.781111 0.050000 0.175556
1 0.586250 0.280000 0.020000 0.048889
1 0.558750 0.260000 0.010000 0.040000
1 0.578125 0.207778 0.011250 0.037778
1 0.588125 0.172222 0.023750 0.028889
1 0.572500 0.181111 0.007500 0.028889
3 0.438750 0.158889 0.057500 0.051111
0 0.043125 0.473333 0.073750 0.124444
