0 0.307500 0.535556 0.122500 0.124444
1 0.322500 0.470000 0.025000 0.077778
1 0.419375 0.363333 0.016250 0.042222
1 0.428125 0.354444 0.021250 0.042222
1 0.163750 0.315556 0.010000 0.035556
1 0.145000 0.307778 0.010000 0.028889
1 0.124375 0.315556 0.011250 0.035556
0 0.059375 0.586667 0.103750 0.168889
1 0.034375 0.515556 0.026250 0.080000
1 0.099375 0.470000 0.018750 0.073333
1 0.068125 0.457778 0.021250 0.075556
1 0.243750 0.308889 0.010000 0.031111
1 0.833750 0.425556 0.012500 0.042222
1 0.843125 0.398889 0.011250 0.046667
1 0.811875 0.392222 0.011250 0.042222
0 0.823125 0.375556 0.023750 0.044444
0 0.800625 0.355556 0.023750 0.040000
1 0.695000 0.362222 0.010000 0.044444
1 0.551250 0.426667 0.020000 0.066667
1 0.605000 0.474444 0.027500 0.077778
1 0.768750 0.337778 0.010000 0.026667
1 0.755625 0.326667 0.006250 0.022222
1 0.743125 0.333333 0.006250 0.022222
