1 0.304688 0.559028 0.035156 0.159722
1 0.246094 0.548611 0.035156 0.152778
1 0.310547 0.421875 0.031250 0.121528
1 0.228516 0.437500 0.027344 0.125000
1 0.259766 0.414931 0.027344 0.100694
1 0.167969 0.434028 0.027344 0.104167
1 0.110352 0.633681 0.072266 0.156250
1 0.046875 0.532986 0.062500 0.128472
1 0.284180 0.357639 0.025391 0.090278
1 0.235352 0.373264 0.021484 0.093750
1 0.188477 0.390625 0.021484 0.093750
1 0.304688 0.265625 0.019531 0.059028
1 0.333008 0.309028 0.021484 0.069444
0 0.266602 0.250000 0.037109 0.062500
0 0.215820 0.232639 0.033203 0.062500
0 0.245117 0.211806 0.033203 0.048611
0 0.210938 0.199653 0.027344 0.045139
0 0.867188 0.842014 0.250000 0.295139
1 0.877930 0.654514 0.076172 0.142361
1 0.835938 0.588542 0.062500 0.156250
1 0.867188 0.543403 0.054688 0.121528
1 0.791016 0.531250 0.054688 0.125000
1 0.761719 0.562500 0.054688 0.138889
1 0.728516 0.578125 0.050781 0.156250
1 0.668945 0.513889 0.044922 0.125000
1 0.770508 0.482639 0.044922 0.125000
1 0.721680 0.468750 0.041016 0.125000
1 0.676758 0.404514 0.033203 0.107639
1 0.649414 0.430556 0.029297 0.104167
1 0.657227 0.371528 0.025391 0.076389
1 0.594727 0.390625 0.029297 0.093750
1 0.546875 0.375000 0.031250 0.090278
1 0.500977 0.373264 0.029297 0.093750
1 0.485352 0.340278 0.041016 0.076389
1 0.418945 0.340278 0.029297 0.076389
1 0.438477 0.312500 0.029297 0.076389
1 0.370117 0.305556 0.025391 0.069444
1 0.379883 0.293403 0.029297 0.065972
4 0.938477 0.305556 0.111328 0.152778
1 0.867188 0.326389 0.031250 0.062500
1 0.831055 0.312500 0.041016 0.062500
3 0.779297 0.312500 0.062500 0.076389
1 0.743164 0.246528 0.029297 0.055556
