1 0.642500 0.675556 0.032500 0.128889
1 0.686250 0.582222 0.030000 0.102222
1 0.765625 0.527778 0.023750 0.082222
1 0.564375 0.428889 0.023750 0.062222
1 0.467500 0.417778 0.022500 0.062222
1 0.806250 0.426667 0.015000 0.057778
3 0.878125 0.482222 0.048750 0.093333
0 0.912500 0.442222 0.052500 0.062222
1 0.837500 0.380000 0.010000 0.031111
1 0.805000 0.366667 0.007500 0.035556
1 0.713125 0.351111 0.008750 0.031111
1 0.267500 0.461111 0.027500 0.077778
1 0.279375 0.545556 0.031250 0.095556
0 0.275000 0.335556 0.045000 0.040000
1 0.308750 0.322222 0.012500 0.031111
1 0.232500 0.306667 0.007500 0.026667
1 0.151250 0.325556 0.010000 0.033333
0 0.075000 0.362222 0.045000 0.057778
0 0.214375 0.288889 0.016250 0.022222
0 0.206250 0.275556 0.015000 0.026667
1 0.945625 0.628889 0.028750 0.111111
