0 0.703125 0.432292 0.121094 0.184028
0 0.485352 0.402778 0.091797 0.138889
3 0.645508 0.274306 0.099609 0.180556
3 0.376953 0.444444 0.062500 0.201389
0 0.128906 0.644097 0.175781 0.225694
0 0.312500 0.284722 0.054688 0.083333
3 0.198242 0.121528 0.037109 0.069444
3 0.571289 0.105903 0.025391 0.059028
0 0.595703 0.071181 0.015625 0.024306
3 0.496094 0.185764 0.042969 0.072917
0 0.518555 0.159722 0.033203 0.048611
0 0.506836 0.232639 0.044922 0.076389
0 0.486328 0.298611 0.058594 0.104167
1 0.601562 0.111111 0.007812 0.027778
1 0.612305 0.104167 0.005859 0.027778
1 0.583008 0.203125 0.013672 0.059028
1 0.573242 0.243056 0.013672 0.069444
1 0.458984 0.121528 0.007812 0.034722
1 0.498047 0.130208 0.007812 0.031250
1 0.443359 0.137153 0.011719 0.038194
1 0.440430 0.180556 0.013672 0.048611
1 0.419922 0.171875 0.011719 0.045139
1 0.333984 0.140625 0.007812 0.038194
1 0.353516 0.177083 0.019531 0.055556
1 0.267578 0.371528 0.023438 0.097222
1 0.104492 0.362847 0.033203 0.100694
1 0.288086 0.213542 0.013672 0.059028
1 0.293945 0.159722 0.017578 0.041667
1 0.283203 0.149306 0.007812 0.041667
1 0.872070 0.180556 0.025391 0.055556
1 0.903320 0.187500 0.021484 0.062500
1 0.918945 0.184028 0.021484 0.055556
