1 0.876953 0.109375 0.011719 0.031250
1 0.887695 0.133681 0.009766 0.038194
1 0.875000 0.206597 0.015625 0.059028
1 0.832031 0.190972 0.015625 0.055556
1 0.847656 0.239583 0.019531 0.069444
1 0.816406 0.312500 0.023438 0.090278
1 0.799805 0.239583 0.017578 0.069444
1 0.785156 0.217014 0.015625 0.059028
1 0.820312 0.251736 0.019531 0.065972
1 0.836914 0.446181 0.033203 0.121528
1 0.862305 0.137153 0.013672 0.045139
1 0.841797 0.144097 0.015625 0.038194
1 0.833008 0.126736 0.013672 0.031250
1 0.816406 0.137153 0.007812 0.038194
0 0.790039 0.111111 0.021484 0.034722
0 0.805664 0.086806 0.017578 0.027778
0 0.829102 0.093750 0.021484 0.027778
1 0.749023 0.213542 0.013672 0.065972
1 0.751953 0.286458 0.023438 0.079861
1 0.743164 0.366319 0.029297 0.107639
1 0.408203 0.442708 0.058594 0.121528
1 0.394531 0.425347 0.058594 0.107639
1 0.033203 0.626736 0.058594 0.142361
1 0.049805 0.451389 0.033203 0.097222
1 0.137695 0.267361 0.013672 0.055556
0 0.412109 0.819444 0.234375 0.326389
