1 0.578125 0.109375 0.007812 0.031250
1 0.590820 0.118056 0.009766 0.027778
1 0.582031 0.166667 0.011719 0.048611
1 0.559570 0.161458 0.013672 0.052083
1 0.607422 0.199653 0.011719 0.065972
1 0.624023 0.215278 0.017578 0.062500
1 0.656250 0.203125 0.015625 0.059028
1 0.601562 0.149306 0.011719 0.034722
1 0.609375 0.175347 0.015625 0.045139
1 0.667969 0.263889 0.015625 0.069444
1 0.658203 0.305556 0.019531 0.083333
1 0.659180 0.425347 0.044922 0.142361
1 0.552734 0.541667 0.039062 0.138889
1 0.573242 0.383681 0.017578 0.107639
1 0.583008 0.322917 0.017578 0.083333
1 0.543945 0.354167 0.025391 0.104167
1 0.559570 0.314236 0.017578 0.086806
1 0.565430 0.255208 0.025391 0.079861
1 0.445312 0.428819 0.031250 0.121528
1 0.491211 0.515625 0.029297 0.149306
1 0.498047 0.416667 0.027344 0.111111
1 0.504883 0.345486 0.021484 0.093750
1 0.389648 0.303819 0.013672 0.086806
1 0.436523 0.223958 0.017578 0.052083
1 0.463867 0.204861 0.017578 0.048611
3 0.503906 0.204861 0.058594 0.118056
3 0.466797 0.149306 0.035156 0.083333
3 0.492188 0.125000 0.031250 0.062500
3 0.410156 0.163194 0.042969 0.090278
0 0.423828 0.201389 0.054688 0.076389
0 0.435547 0.345486 0.074219 0.100694
0 0.348633 0.250000 0.056641 0.069444
3 0.317383 0.161458 0.037109 0.072917
0 0.257812 0.269097 0.050781 0.093750
1 0.279297 0.154514 0.015625 0.045139
1 0.244141 0.156250 0.007812 0.041667
1 0.258789 0.152778 0.013672 0.041667
1 0.242188 0.203125 0.015625 0.052083
1 0.207031 0.175347 0.011719 0.045139
1 0.196289 0.168403 0.009766 0.045139
1 0.183594 0.177083 0.011719 0.055556
1 0.239258 0.206597 0.013672 0.045139
1 0.287109 0.222222 0.015625 0.062500
1 0.308594 0.220486 0.011719 0.045139
1 0.295898 0.315972 0.025391 0.090278
1 0.255859 0.312500 0.023438 0.083333
1 0.209961 0.305556 0.033203 0.076389
1 0.108398 0.352431 0.029297 0.093750
1 0.121094 0.414931 0.031250 0.100694
1 0.130859 0.489583 0.031250 0.131944
1 0.169922 0.440972 0.035156 0.125000
1 0.170898 0.387153 0.029297 0.100694
1 0.211914 0.458333 0.033203 0.125000
1 0.215820 0.343750 0.025391 0.097222
1 0.237305 0.586806 0.052734 0.159722
1 0.322266 0.529514 0.046875 0.149306
1 0.388672 0.703125 0.058594 0.197917
1 0.227539 0.897569 0.064453 0.204861
0 0.060547 0.895833 0.109375 0.208333
1 0.535156 0.894097 0.070312 0.211806
1 0.829102 0.802083 0.083984 0.256944
1 0.788086 0.454861 0.037109 0.131944
1 0.836914 0.434028 0.041016 0.118056
1 0.714844 0.309028 0.019531 0.083333
1 0.965820 0.288194 0.029297 0.062500
1 0.916016 0.255208 0.019531 0.065972
1 0.960938 0.204861 0.015625 0.055556
1 0.928711 0.180556 0.017578 0.048611
1 0.351562 0.189236 0.011719 0.045139
1 0.368164 0.189236 0.009766 0.045139
