4 0.238750 0.376667 0.052500 0.108889
0 0.353125 0.580000 0.103750 0.133333
4 0.211875 0.236667 0.033750 0.064444
1 0.293125 0.293333 0.013750 0.035556
1 0.337500 0.350000 0.017500 0.055556
1 0.326250 0.297778 0.010000 0.044444
1 0.373125 0.407778 0.016250 0.064444
1 0.388750 0.402222 0.017500 0.057778
1 0.386250 0.354444 0.017500 0.055556
1 0.416875 0.390000 0.016250 0.055556
1 0.432500 0.415556 0.022500 0.066667
1 0.166875 0.278889 0.006250 0.028889
1 0.168125 0.400000 0.016250 0.062222
1 0.214375 0.578889 0.028750 0.104444
1 0.332500 0.718889 0.032500 0.140000
1 0.903125 0.782222 0.068750 0.128889
0 0.913125 0.913333 0.173750 0.164444
