1 0.371094 0.656250 0.050781 0.187500
1 0.412109 0.390625 0.046875 0.093750
1 0.221680 0.482639 0.029297 0.125000
1 0.259766 0.430556 0.027344 0.118056
1 0.242188 0.671875 0.050781 0.204861
1 0.147461 0.670139 0.048828 0.201389
1 0.172852 0.368056 0.021484 0.090278
1 0.579102 0.451389 0.064453 0.111111
0 0.362305 0.310764 0.091797 0.093750
1 0.282227 0.324653 0.017578 0.065972
0 0.206055 0.265625 0.041016 0.072917
4 0.273438 0.262153 0.046875 0.093750
1 0.241211 0.262153 0.013672 0.052083
4 0.255859 0.217014 0.042969 0.093750
1 0.168945 0.251736 0.013672 0.059028
1 0.206055 0.204861 0.009766 0.034722
0 0.322266 0.229167 0.042969 0.055556
1 0.443359 0.352431 0.042969 0.079861
1 0.398438 0.279514 0.015625 0.059028
1 0.456055 0.279514 0.013672 0.059028
1 0.375977 0.232639 0.013672 0.048611
0 0.563477 0.385417 0.154297 0.111111
0 0.719727 0.453125 0.166016 0.121528
1 0.731445 0.607639 0.064453 0.173611
2 0.885742 0.434028 0.060547 0.104167
4 0.942383 0.296875 0.115234 0.156250
1 0.867188 0.326389 0.035156 0.062500
1 0.839844 0.322917 0.035156 0.062500
1 0.831055 0.312500 0.037109 0.062500
3 0.774414 0.310764 0.064453 0.079861
