3 0.545898 0.130208 0.029297 0.072917
0 0.506836 0.236111 0.048828 0.083333
0 0.452148 0.211806 0.044922 0.069444
3 0.477539 0.125000 0.041016 0.083333
0 0.508789 0.121528 0.029297 0.034722
3 0.293945 0.267361 0.099609 0.173611
0 0.197266 0.130208 0.027344 0.031250
1 0.588867 0.147569 0.009766 0.031250
1 0.583008 0.145833 0.009766 0.041667
1 0.599609 0.157986 0.007812 0.038194
1 0.630859 0.180556 0.015625 0.048611
1 0.612305 0.187500 0.013672 0.048611
1 0.592773 0.180556 0.009766 0.034722
1 0.579102 0.208333 0.013672 0.048611
1 0.570312 0.180556 0.007812 0.041667
1 0.566406 0.234375 0.011719 0.065972
1 0.612305 0.248264 0.013672 0.052083
1 0.599609 0.326389 0.023438 0.083333
1 0.548828 0.291667 0.023438 0.083333
1 0.411133 0.631944 0.041016 0.166667
1 0.441406 0.463542 0.035156 0.128472
1 0.395508 0.347222 0.021484 0.090278
1 0.409180 0.288194 0.017578 0.076389
1 0.410156 0.239583 0.015625 0.069444
1 0.414062 0.190972 0.011719 0.055556
1 0.384766 0.272569 0.019531 0.072917
1 0.361328 0.291667 0.019531 0.083333
1 0.311523 0.366319 0.025391 0.100694
1 0.208984 0.173611 0.011719 0.041667
1 0.221680 0.168403 0.013672 0.045139
1 0.230469 0.156250 0.011719 0.034722
1 0.250977 0.151042 0.009766 0.038194
1 0.263672 0.151042 0.007812 0.038194
1 0.288086 0.151042 0.017578 0.038194
1 0.355469 0.168403 0.015625 0.031250
1 0.382812 0.168403 0.011719 0.052083
1 0.104492 0.348958 0.029297 0.086806
1 0.769531 0.538194 0.031250 0.138889
1 0.786133 0.362847 0.025391 0.086806
1 0.747070 0.192708 0.029297 0.052083
1 0.773438 0.189236 0.031250 0.052083
1 0.814453 0.184028 0.023438 0.048611
1 0.797852 0.256944 0.029297 0.069444
1 0.950195 0.263889 0.013672 0.062500
1 0.436523 0.140625 0.009766 0.038194
1 0.411133 0.144097 0.009766 0.052083
