0 0.626953 0.265625 0.097656 0.093750
0 0.697266 0.262153 0.082031 0.079861
3 0.625977 0.840278 0.197266 0.298611
3 0.344727 0.220486 0.080078 0.128472
0 0.436523 0.211806 0.056641 0.069444
3 0.222656 0.154514 0.039062 0.079861
0 0.280273 0.197917 0.044922 0.055556
0 0.181641 0.105903 0.015625 0.031250
1 0.268555 0.296875 0.021484 0.079861
1 0.252930 0.246528 0.017578 0.062500
1 0.217773 0.229167 0.017578 0.062500
1 0.200195 0.197917 0.025391 0.041667
1 0.087891 0.388889 0.042969 0.090278
1 0.134766 0.310764 0.023438 0.079861
1 0.529297 0.578125 0.042969 0.170139
1 0.511719 0.480903 0.046875 0.135417
1 0.523438 0.206597 0.019531 0.059028
1 0.475586 0.189236 0.017578 0.059028
1 0.917969 0.284722 0.023438 0.083333
1 0.697266 0.184028 0.027344 0.034722
1 0.590820 0.152778 0.009766 0.041667
1 0.607422 0.154514 0.011719 0.045139
1 0.596680 0.123264 0.009766 0.031250
1 0.438477 0.123264 0.005859 0.031250
1 0.454102 0.121528 0.005859 0.027778
1 0.472656 0.121528 0.007812 0.027778
1 0.485352 0.133681 0.005859 0.024306
1 0.310547 0.126736 0.011719 0.038194
1 0.322266 0.137153 0.011719 0.031250
1 0.344727 0.133681 0.013672 0.031250
1 0.269531 0.123264 0.007812 0.031250
4 0.920898 0.480903 0.154297 0.253472
