1 0.568750 0.697778 0.052500 0.160000
1 0.026250 0.787778 0.050000 0.197778
1 0.171250 0.408889 0.022500 0.088889
1 0.232500 0.395556 0.025000 0.084444
1 0.215625 0.356667 0.016250 0.073333
1 0.190625 0.321111 0.018750 0.060000
1 0.213750 0.306667 0.015000 0.057778
1 0.232500 0.292222 0.015000 0.055556
1 0.195000 0.280000 0.015000 0.057778
1 0.263125 0.291111 0.016250 0.057778
1 0.286875 0.306667 0.021250 0.062222
0 0.304375 0.342222 0.051250 0.088889
0 0.302500 0.481111 0.075000 0.153333
1 0.353750 0.250000 0.017500 0.042222
1 0.373750 0.242222 0.017500 0.044444
1 0.378125 0.230000 0.016250 0.037778
1 0.199375 0.215556 0.008750 0.040000
1 0.238125 0.201111 0.008750 0.033333
1 0.237500 0.187778 0.010000 0.037778
1 0.291250 0.210000 0.015000 0.037778
1 0.305000 0.215556 0.015000 0.044444
1 0.908750 0.885556 0.052500 0.197778
1 0.717500 0.725556 0.042500 0.175556
1 0.656250 0.355556 0.040000 0.071111
1 0.656250 0.281111 0.012500 0.055556
1 0.666250 0.271111 0.012500 0.057778
1 0.560625 0.275556 0.026250 0.053333
1 0.935000 0.452222 0.052500 0.086667
1 0.965000 0.306667 0.027500 0.053333
1 0.868125 0.288889 0.028750 0.048889
1 0.837500 0.276667 0.027500 0.051111
1 0.808125 0.275556 0.026250 0.048889
1 0.715000 0.307778 0.010000 0.051111
1 0.682500 0.221111 0.010000 0.033333
1 0.631250 0.205556 0.010000 0.033333
1 0.610625 0.198889 0.011250 0.028889
1 0.622500 0.198889 0.007500 0.028889
4 0.575625 0.231111 0.031250 0.057778
1 0.586875 0.190000 0.006250 0.028889
1 0.593750 0.177778 0.007500 0.026667
1 0.574375 0.170000 0.008750 0.028889
1 0.561875 0.180000 0.006250 0.026667
1 0.551875 0.175556 0.003750 0.026667
1 0.565625 0.150000 0.006250 0.037778
0 0.044375 0.470000 0.068750 0.108889
