3 0.386875 0.563333 0.151250 0.282222
4 0.204375 0.338889 0.041250 0.077778
4 0.203750 0.436667 0.060000 0.108889
3 0.271250 0.397778 0.065000 0.124444
0 0.210625 0.242222 0.018750 0.026667
0 0.488750 0.436667 0.075000 0.077778
1 0.133125 0.225556 0.003750 0.020000
1 0.143750 0.223333 0.005000 0.015556
1 0.141875 0.246667 0.006250 0.022222
1 0.131875 0.294444 0.006250 0.033333
1 0.148125 0.323333 0.008750 0.042222
1 0.163750 0.328889 0.010000 0.044444
1 0.183125 0.283333 0.008750 0.033333
1 0.124375 0.387778 0.011250 0.055556
1 0.148125 0.403333 0.013750 0.064444
1 0.130000 0.425556 0.015000 0.068889
1 0.148125 0.443333 0.013750 0.060000
1 0.160625 0.470000 0.016250 0.077778
1 0.146250 0.486667 0.017500 0.075556
1 0.140625 0.535556 0.023750 0.093333
1 0.175625 0.523333 0.018750 0.091111
1 0.213750 0.528889 0.022500 0.088889
1 0.208125 0.617778 0.026250 0.106667
1 0.243750 0.543333 0.022500 0.100000
1 0.287500 0.551111 0.037500 0.102222
1 0.542500 0.863333 0.065000 0.180000
1 0.469375 0.914444 0.056250 0.166667
1 0.371875 0.901111 0.058750 0.184444
