3 0.660625 0.782222 0.198750 0.431111
1 0.857500 0.587778 0.027500 0.117778
1 0.729375 0.502222 0.018750 0.097778
1 0.728750 0.451111 0.020000 0.066667
1 0.716250 0.414444 0.022500 0.077778
1 0.547500 0.183333 0.007500 0.028889
1 0.629375 0.242222 0.008750 0.040000
0 0.590625 0.285556 0.033750 0.060000
0 0.420000 0.253333 0.067500 0.057778
4 0.271250 0.241111 0.072500 0.060000
1 0.439375 0.296667 0.028750 0.051111
3 0.163125 0.190000 0.068750 0.064444
0 0.225625 0.212222 0.051250 0.037778
0 0.464375 0.194444 0.021250 0.028889
0 0.518125 0.141111 0.011250 0.015556
1 0.556875 0.165556 0.006250 0.024444
1 0.593125 0.178889 0.006250 0.024444
1 0.630000 0.193333 0.010000 0.026667
1 0.913750 0.308889 0.032500 0.053333
