3 0.724609 0.527778 0.097656 0.201389
1 0.214844 0.625000 0.070312 0.159722
1 0.238281 0.824653 0.066406 0.211806
1 0.033203 0.539931 0.062500 0.142361
1 0.331055 0.220486 0.013672 0.059028
1 0.261719 0.232639 0.015625 0.062500
1 0.276367 0.217014 0.009766 0.059028
1 0.223633 0.234375 0.013672 0.065972
1 0.192383 0.166667 0.009766 0.041667
1 0.242188 0.201389 0.011719 0.048611
1 0.253906 0.187500 0.007812 0.034722
4 0.257812 0.137153 0.019531 0.045139
0 0.220703 0.152778 0.027344 0.048611
3 0.194336 0.123264 0.029297 0.065972
1 0.315430 0.151042 0.005859 0.045139
1 0.347656 0.125000 0.023438 0.034722
1 0.400391 0.137153 0.011719 0.045139
1 0.942383 0.361111 0.041016 0.097222
1 0.879883 0.314236 0.037109 0.072917
1 0.856445 0.345486 0.041016 0.093750
1 0.799805 0.291667 0.037109 0.069444
1 0.772461 0.326389 0.033203 0.076389
1 0.735352 0.296875 0.029297 0.065972
1 0.665039 0.295139 0.033203 0.076389
1 0.716797 0.182292 0.027344 0.045139
1 0.745117 0.189236 0.021484 0.045139
1 0.761719 0.175347 0.027344 0.038194
1 0.629883 0.262153 0.021484 0.065972
1 0.639648 0.236111 0.017578 0.055556
1 0.625977 0.170139 0.013672 0.048611
1 0.648438 0.171875 0.011719 0.052083
1 0.547852 0.203125 0.025391 0.052083
1 0.581055 0.149306 0.009766 0.034722
1 0.603516 0.137153 0.011719 0.031250
1 0.592773 0.093750 0.005859 0.027778
1 0.488281 0.104167 0.007812 0.027778
1 0.525391 0.123264 0.007812 0.031250
4 0.284180 0.157986 0.025391 0.045139
1 0.289062 0.184028 0.015625 0.048611
1 0.235352 0.097222 0.005859 0.027778
1 0.213867 0.197917 0.013672 0.041667
1 0.181641 0.180556 0.011719 0.034722
1 0.185547 0.078125 0.003906 0.017361
