4 0.449219 0.331597 0.074219 0.072917
0 0.537109 0.321181 0.070312 0.059028
3 0.451172 0.241319 0.027344 0.065972
3 0.490234 0.241319 0.027344 0.059028
1 0.701172 0.354167 0.042969 0.069444
1 0.683594 0.295139 0.015625 0.048611
1 0.636719 0.291667 0.015625 0.048611
1 0.371094 0.362847 0.046875 0.065972
1 0.471680 0.352431 0.041016 0.065972
1 0.491211 0.293403 0.013672 0.045139
1 0.400391 0.286458 0.011719 0.045139
1 0.412109 0.276042 0.007812 0.038194
1 0.422852 0.284722 0.009766 0.034722
1 0.424805 0.265625 0.009766 0.031250
1 0.374023 0.286458 0.013672 0.045139
1 0.361328 0.302083 0.011719 0.034722
1 0.122070 0.352431 0.048828 0.072917
1 0.061523 0.315972 0.041016 0.055556
0 0.810547 0.302083 0.101562 0.062500
1 0.563477 0.293403 0.013672 0.052083
