3 0.219375 0.587778 0.121250 0.304444
1 0.131250 0.490000 0.030000 0.108889
1 0.219375 0.422222 0.021250 0.088889
1 0.181875 0.401111 0.021250 0.091111
1 0.323125 0.226667 0.013750 0.040000
1 0.216875 0.234444 0.008750 0.042222
1 0.180000 0.228889 0.022500 0.040000
1 0.199375 0.217778 0.023750 0.040000
1 0.216250 0.180000 0.010000 0.031111
1 0.269375 0.175556 0.008750 0.026667
1 0.678125 0.351111 0.031250 0.066667
1 0.738750 0.321111 0.035000 0.064444
1 0.691250 0.301111 0.032500 0.055556
1 0.747500 0.260000 0.012500 0.035556
1 0.738750 0.251111 0.025000 0.040000
1 0.661875 0.218889 0.008750 0.037778
1 0.596250 0.182222 0.007500 0.026667
