0 0.369375 0.472222 0.081250 0.135556
1 0.461875 0.427778 0.028750 0.108889
1 0.469375 0.230000 0.013750 0.060000
1 0.440625 0.242222 0.016250 0.066667
1 0.450625 0.202222 0.011250 0.048889
2 0.400000 0.245556 0.012500 0.060000
1 0.365000 0.348889 0.020000 0.088889
0 0.538750 0.187778 0.035000 0.064444
0 0.555000 0.106667 0.020000 0.031111
1 0.557500 0.144444 0.007500 0.035556
1 0.488125 0.115556 0.008750 0.031111
1 0.500000 0.118889 0.007500 0.028889
1 0.677500 0.165556 0.012500 0.042222
1 0.662500 0.123333 0.007500 0.033333
1 0.653125 0.104444 0.006250 0.026667
1 0.650000 0.091111 0.005000 0.022222
