1 0.598633 0.887153 0.091797 0.204861
1 0.408203 0.873264 0.078125 0.232639
1 0.183594 0.701389 0.046875 0.215278
1 0.265625 0.701389 0.046875 0.201389
1 0.268555 0.609375 0.037109 0.156250
1 0.335938 0.605903 0.046875 0.184028
1 0.219727 0.546875 0.037109 0.142361
1 0.401367 0.638889 0.056641 0.173611
1 0.385742 0.529514 0.072266 0.128472
1 0.375977 0.451389 0.044922 0.125000
1 0.375000 0.402778 0.031250 0.104167
1 0.277344 0.414931 0.027344 0.107639
1 0.236328 0.447917 0.027344 0.118056
1 0.210938 0.468750 0.031250 0.138889
1 0.166016 0.385417 0.027344 0.090278
1 0.230469 0.357639 0.019531 0.097222
1 0.291016 0.359375 0.023438 0.093750
1 0.347656 0.312500 0.023438 0.076389
1 0.291016 0.326389 0.035156 0.076389
1 0.197266 0.338542 0.019531 0.079861
4 0.286133 0.263889 0.052734 0.111111
1 0.020508 0.326389 0.037109 0.076389
1 0.244141 0.326389 0.015625 0.076389
0 0.210938 0.185764 0.027344 0.045139
0 0.248047 0.217014 0.027344 0.059028
0 0.224609 0.166667 0.015625 0.020833
1 0.197266 0.260417 0.011719 0.055556
1 0.846680 0.461806 0.072266 0.111111
1 0.727539 0.404514 0.060547 0.093750
2 0.713867 0.373264 0.064453 0.079861
1 0.643555 0.480903 0.044922 0.121528
1 0.597656 0.421875 0.035156 0.107639
1 0.519531 0.387153 0.027344 0.093750
1 0.637695 0.404514 0.056641 0.093750
1 0.603516 0.369792 0.046875 0.079861
1 0.384766 0.246528 0.015625 0.048611
1 0.359375 0.227431 0.015625 0.045139
1 0.322266 0.204861 0.011719 0.034722
1 0.299805 0.187500 0.005859 0.034722
1 0.844727 0.326389 0.037109 0.062500
3 0.777344 0.312500 0.046875 0.062500
1 0.830078 0.312500 0.042969 0.062500
1 0.895508 0.416667 0.056641 0.083333
4 0.939453 0.296875 0.113281 0.135417
