1 0.481875 0.660000 0.056250 0.208889
1 0.606875 0.772222 0.083750 0.246667
1 0.755625 0.895556 0.076250 0.208889
1 0.683750 0.453333 0.032500 0.124444
1 0.648750 0.410000 0.030000 0.117778
1 0.622500 0.461111 0.035000 0.135556
1 0.606875 0.374444 0.028750 0.104444
1 0.666250 0.354444 0.017500 0.091111
1 0.680625 0.385556 0.021250 0.086667
1 0.576875 0.396667 0.026250 0.113333
1 0.542500 0.357778 0.020000 0.093333
1 0.508125 0.363333 0.026250 0.108889
1 0.595000 0.264444 0.025000 0.053333
1 0.526250 0.247778 0.010000 0.051111
1 0.536875 0.237778 0.008750 0.044444
1 0.546250 0.227778 0.010000 0.037778
0 0.566875 0.238889 0.033750 0.042222
1 0.563750 0.201111 0.007500 0.033333
1 0.621875 0.235556 0.011250 0.044444
1 0.636875 0.228889 0.008750 0.040000
3 0.635000 0.296667 0.035000 0.091111
1 0.426875 0.315556 0.031250 0.080000
