4 0.796250 0.555556 0.242500 0.208889
0 0.616875 0.687778 0.146250 0.157778
0 0.638750 0.868889 0.225000 0.257778
0 0.258125 0.470000 0.053750 0.086667
0 0.166875 0.336667 0.033750 0.046667
1 0.562500 0.507778 0.030000 0.082222
1 0.474375 0.448889 0.021250 0.071111
1 0.491875 0.421111 0.016250 0.064444
1 0.365000 0.363333 0.015000 0.055556
1 0.420000 0.374444 0.015000 0.051111
1 0.425625 0.404444 0.013750 0.062222
1 0.410625 0.428889 0.021250 0.071111
1 0.328750 0.556667 0.025000 0.095556
1 0.292500 0.696667 0.035000 0.140000
1 0.300000 0.908889 0.045000 0.182222
1 0.130000 0.326667 0.010000 0.048889
1 0.135000 0.377778 0.012500 0.053333
1 0.180000 0.378889 0.012500 0.055556
1 0.183750 0.312222 0.012500 0.042222
1 0.253750 0.285556 0.010000 0.033333
1 0.265625 0.267778 0.006250 0.033333
1 0.330000 0.318889 0.015000 0.042222
1 0.156250 0.283333 0.007500 0.033333
1 0.136250 0.275556 0.010000 0.031111
