0 0.584961 0.295139 0.064453 0.097222
0 0.514648 0.204861 0.044922 0.069444
0 0.473633 0.239583 0.052734 0.076389
0 0.388672 0.253472 0.046875 0.097222
3 0.512695 0.152778 0.033203 0.090278
3 0.559570 0.159722 0.037109 0.097222
3 0.208984 0.784722 0.359375 0.416667
4 0.288086 0.168403 0.021484 0.059028
1 0.602539 0.123264 0.009766 0.031250
1 0.607422 0.152778 0.007812 0.027778
1 0.590820 0.161458 0.009766 0.038194
1 0.593750 0.092014 0.007812 0.024306
1 0.586914 0.085069 0.005859 0.024306
1 0.650391 0.227431 0.011719 0.059028
1 0.630859 0.260417 0.015625 0.069444
1 0.669922 0.338542 0.023438 0.086806
1 0.569336 0.232639 0.013672 0.048611
1 0.609375 0.229167 0.015625 0.055556
1 0.595703 0.204861 0.011719 0.055556
1 0.590820 0.142361 0.009766 0.034722
1 0.623047 0.204861 0.011719 0.048611
1 0.610352 0.194444 0.009766 0.041667
1 0.600586 0.241319 0.013672 0.045139
1 0.419922 0.142361 0.007812 0.034722
1 0.376953 0.180556 0.011719 0.048611
1 0.337891 0.258681 0.011719 0.065972
1 0.322266 0.154514 0.007812 0.038194
1 0.327148 0.142361 0.009766 0.034722
2 0.250000 0.258681 0.015625 0.072917
1 0.192383 0.177083 0.009766 0.041667
1 0.203125 0.168403 0.007812 0.045139
1 0.215820 0.156250 0.005859 0.034722
1 0.225586 0.164931 0.005859 0.038194
1 0.241211 0.163194 0.009766 0.041667
1 0.250000 0.156250 0.011719 0.041667
1 0.233398 0.130208 0.005859 0.031250
1 0.179688 0.164931 0.011719 0.038194
1 0.488281 0.779514 0.050781 0.211806
1 0.568359 0.491319 0.050781 0.149306
1 0.968750 0.250000 0.019531 0.069444
1 0.917969 0.182292 0.019531 0.052083
1 0.870117 0.184028 0.025391 0.048611
1 0.603516 0.090278 0.003906 0.027778
1 0.610352 0.102431 0.005859 0.038194
1 0.621094 0.078125 0.003906 0.024306
1 0.626953 0.090278 0.003906 0.020833
1 0.547852 0.081597 0.005859 0.024306
1 0.545898 0.071181 0.005859 0.024306
1 0.560547 0.069444 0.007812 0.020833
1 0.524414 0.083333 0.005859 0.027778
