0 0.078750 0.744444 0.152500 0.280000
3 0.684375 0.534444 0.066250 0.153333
3 0.935000 0.572222 0.120000 0.215556
0 0.123750 0.285556 0.015000 0.028889
0 0.168750 0.290000 0.022500 0.028889
0 0.183125 0.264444 0.011250 0.017778
1 0.205000 0.310000 0.017500 0.024444
1 0.166250 0.320000 0.007500 0.031111
1 0.132500 0.315556 0.007500 0.026667
1 0.116875 0.361111 0.011250 0.042222
1 0.310000 0.321111 0.020000 0.033333
1 0.395000 0.338889 0.015000 0.033333
1 0.309375 0.410000 0.021250 0.055556
1 0.153125 0.481111 0.031250 0.086667
1 0.073125 0.373333 0.011250 0.044444
1 0.573125 0.597778 0.063750 0.111111
1 0.515000 0.395556 0.020000 0.044444
1 0.876875 0.438889 0.011250 0.051111
1 0.667500 0.351111 0.012500 0.035556
1 0.695000 0.344444 0.010000 0.031111
1 0.771250 0.610000 0.022500 0.104444
1 0.808125 0.702222 0.031250 0.142222
