2 0.590625 0.782222 0.061250 0.208889
1 0.523750 0.520000 0.027500 0.111111
1 0.853125 0.585556 0.036250 0.122222
2 0.923125 0.471111 0.026250 0.088889
1 0.840000 0.451111 0.037500 0.093333
1 0.886875 0.414444 0.051250 0.082222
1 0.761250 0.401111 0.022500 0.082222
1 0.711875 0.393333 0.021250 0.080000
1 0.733750 0.316667 0.017500 0.060000
1 0.657500 0.364444 0.017500 0.071111
1 0.608125 0.337778 0.016250 0.071111
1 0.633125 0.292222 0.016250 0.051111
1 0.655000 0.278889 0.012500 0.051111
1 0.671875 0.246667 0.013750 0.044444
1 0.658750 0.218889 0.015000 0.028889
1 0.623750 0.218889 0.015000 0.033333
1 0.612500 0.254444 0.012500 0.042222
1 0.776250 0.272222 0.012500 0.046667
1 0.703750 0.254444 0.012500 0.042222
1 0.590625 0.178889 0.008750 0.024444
1 0.578125 0.175556 0.008750 0.022222
1 0.568125 0.170000 0.006250 0.028889
3 0.533750 0.232222 0.032500 0.086667
1 0.456250 0.235556 0.010000 0.044444
1 0.441875 0.182222 0.011250 0.026667
0 0.235625 0.182222 0.028750 0.035556
1 0.260000 0.188889 0.010000 0.031111
1 0.272500 0.213333 0.010000 0.035556
1 0.273750 0.266667 0.012500 0.044444
1 0.235000 0.266667 0.012500 0.053333
1 0.185000 0.188889 0.007500 0.031111
1 0.194375 0.193333 0.006250 0.031111
0 0.130000 0.344444 0.060000 0.080000
2 0.144375 0.468889 0.026250 0.106667
1 0.980000 0.388889 0.037500 0.071111
0 0.960000 0.331111 0.080000 0.062222
