3 0.273125 0.693333 0.186250 0.373333
0 0.360000 0.408889 0.092500 0.155556
4 0.535625 0.655556 0.088750 0.235556
0 0.549375 0.083333 0.026250 0.046667
0 0.557500 0.056667 0.020000 0.024444
1 0.513750 0.070000 0.010000 0.037778
1 0.510625 0.091111 0.008750 0.035556
1 0.531875 0.115556 0.008750 0.044444
1 0.539375 0.153333 0.011250 0.048889
1 0.558125 0.165556 0.011250 0.055556
1 0.501250 0.212222 0.017500 0.064444
1 0.598750 0.080000 0.007500 0.035556
1 0.598125 0.095556 0.008750 0.035556
1 0.585625 0.124444 0.008750 0.044444
1 0.600000 0.120000 0.007500 0.040000
1 0.612500 0.138889 0.012500 0.042222
1 0.616250 0.168889 0.010000 0.048889
1 0.591875 0.166667 0.011250 0.044444
1 0.586875 0.224444 0.013750 0.062222
1 0.631875 0.220000 0.013750 0.053333
1 0.630625 0.258889 0.018750 0.064444
1 0.650000 0.300000 0.017500 0.084444
1 0.696250 0.302222 0.017500 0.080000
1 0.566875 0.316667 0.018750 0.082222
1 0.476250 0.371111 0.022500 0.097778
1 0.619375 0.411111 0.038750 0.111111
1 0.657500 0.521111 0.027500 0.122222
1 0.650000 0.620000 0.032500 0.146667
1 0.706875 0.620000 0.031250 0.151111
1 0.743750 0.602222 0.032500 0.133333
1 0.806875 0.382222 0.021250 0.088889
1 0.635625 0.910000 0.046250 0.171111
