0 0.328750 0.918889 0.175000 0.162222
0 0.613750 0.252222 0.045000 0.073333
0 0.609375 0.190000 0.031250 0.051111
0 0.599375 0.083333 0.016250 0.024444
0 0.533750 0.192222 0.037500 0.068889
0 0.571250 0.035556 0.010000 0.022222
1 0.443750 0.154444 0.007500 0.037778
1 0.490000 0.125556 0.007500 0.033333
1 0.723750 0.223333 0.010000 0.051111
4 0.719375 0.244444 0.031250 0.071111
1 0.660000 0.137778 0.010000 0.035556
1 0.646875 0.126667 0.008750 0.035556
1 0.656250 0.120000 0.007500 0.031111
1 0.633750 0.120000 0.007500 0.035556
1 0.633750 0.100000 0.007500 0.035556
1 0.628125 0.071111 0.006250 0.026667
