1 0.528125 0.326667 0.048750 0.146667
1 0.500000 0.173333 0.032500 0.111111
1 0.608125 0.230000 0.036250 0.122222
1 0.636250 0.138889 0.027500 0.104444
1 0.468125 0.536667 0.113750 0.148889
1 0.509375 0.593333 0.118750 0.151111
1 0.504375 0.737778 0.128750 0.168889
1 0.647500 0.825556 0.145000 0.184444
1 0.597500 0.654444 0.122500 0.157778
1 0.728750 0.767778 0.132500 0.171111
1 0.740625 0.646667 0.118750 0.173333
1 0.817500 0.592222 0.102500 0.153333
1 0.870625 0.741111 0.138750 0.175556
1 0.313125 0.680000 0.126250 0.160000
1 0.308125 0.611111 0.113750 0.164444
1 0.289375 0.523333 0.103750 0.131111
1 0.185625 0.551111 0.111250 0.146667
1 0.138125 0.621111 0.113750 0.153333
1 0.130625 0.477778 0.091250 0.142222
0 0.253125 0.841111 0.343750 0.295556
1 0.147500 0.930000 0.150000 0.126667
1 0.695000 0.945556 0.120000 0.095556
1 0.545625 0.086667 0.026250 0.057778
