0 0.133125 0.366667 0.106250 0.128889
4 0.456250 0.351111 0.090000 0.111111
4 0.883750 0.346667 0.097500 0.093333
1 0.681250 0.491111 0.077500 0.120000
1 0.680625 0.427778 0.058750 0.104444
1 0.606875 0.386667 0.051250 0.102222
1 0.582500 0.454444 0.067500 0.113333
1 0.516250 0.428889 0.065000 0.102222
1 0.540000 0.402222 0.052500 0.093333
1 0.566250 0.737778 0.085000 0.177778
1 0.503750 0.798889 0.085000 0.193333
1 0.391250 0.786667 0.107500 0.257778
1 0.341875 0.595556 0.076250 0.151111
1 0.425000 0.407778 0.065000 0.108889
1 0.325000 0.295556 0.037500 0.088889
1 0.319375 0.256667 0.036250 0.064444
1 0.208125 0.244444 0.026250 0.071111
1 0.145000 0.195556 0.022500 0.062222
1 0.114375 0.168889 0.018750 0.057778
1 0.033125 0.170000 0.018750 0.055556
1 0.045625 0.318889 0.041250 0.082222
1 0.083750 0.443333 0.035000 0.113333
1 0.082500 0.548889 0.045000 0.151111
1 0.147500 0.668889 0.057500 0.164444
1 0.079375 0.876667 0.116250 0.171111
1 0.178125 0.526667 0.051250 0.137778
1 0.169375 0.602222 0.041250 0.151111
1 0.251250 0.635556 0.055000 0.151111
1 0.836250 0.894444 0.112500 0.202222
1 0.728750 0.906667 0.102500 0.182222
1 0.763750 0.451111 0.065000 0.106667
1 0.793750 0.478889 0.062500 0.108889
1 0.803750 0.516667 0.067500 0.131111
1 0.755625 0.561111 0.081250 0.131111
1 0.892500 0.541111 0.085000 0.131111
1 0.968750 0.415556 0.035000 0.120000
1 0.936875 0.361111 0.041250 0.095556
1 0.970000 0.345556 0.037500 0.091111
