0 0.746250 0.531111 0.092500 0.142222
0 0.670625 0.287778 0.046250 0.077778
0 0.606875 0.172222 0.031250 0.042222
0 0.597500 0.115556 0.022500 0.040000
0 0.463125 0.435556 0.078750 0.137778
4 0.358750 0.895556 0.195000 0.208889
1 0.154375 0.491111 0.058750 0.093333
1 0.971875 0.780000 0.053750 0.168889
1 0.905000 0.525556 0.035000 0.117778
1 0.781250 0.358889 0.022500 0.082222
1 0.707500 0.247778 0.015000 0.060000
1 0.676250 0.202222 0.012500 0.057778
1 0.672500 0.160000 0.010000 0.040000
1 0.661875 0.147778 0.008750 0.037778
1 0.635000 0.150000 0.010000 0.042222
1 0.645625 0.125556 0.006250 0.033333
1 0.662500 0.120000 0.010000 0.035556
1 0.648750 0.107778 0.007500 0.024444
1 0.625000 0.095556 0.007500 0.031111
1 0.608750 0.078889 0.007500 0.028889
1 0.366875 0.298889 0.016250 0.077778
1 0.416875 0.218889 0.013750 0.051111
1 0.471250 0.145556 0.010000 0.042222
