0 0.415625 0.777778 0.138750 0.346667
0 0.263750 0.645556 0.135000 0.220000
0 0.716875 0.632222 0.108750 0.220000
0 0.633750 0.403333 0.060000 0.104444
0 0.720000 0.382222 0.070000 0.120000
0 0.661875 0.267778 0.046250 0.077778
4 0.502500 0.273333 0.052500 0.111111
0 0.480000 0.157778 0.030000 0.040000
0 0.606250 0.113333 0.020000 0.035556
0 0.558750 0.084444 0.015000 0.022222
0 0.567500 0.063333 0.012500 0.020000
0 0.560000 0.051111 0.012500 0.017778
1 0.621875 0.082222 0.006250 0.022222
1 0.617500 0.072222 0.005000 0.020000
1 0.631250 0.075556 0.005000 0.022222
1 0.644375 0.091111 0.006250 0.026667
1 0.651250 0.097778 0.005000 0.022222
1 0.683125 0.153333 0.011250 0.040000
1 0.673125 0.158889 0.008750 0.037778
1 0.673125 0.188889 0.008750 0.040000
1 0.692500 0.235556 0.012500 0.057778
1 0.540000 0.207778 0.012500 0.051111
1 0.568750 0.234444 0.012500 0.060000
1 0.429375 0.196667 0.011250 0.051111
1 0.787500 0.356667 0.020000 0.077778
1 0.711250 0.174444 0.010000 0.037778
