1 0.411875 0.767778 0.063750 0.171111
1 0.415000 0.290000 0.020000 0.060000
1 0.448750 0.243333 0.012500 0.046667
1 0.300625 0.264444 0.018750 0.048889
1 0.290625 0.243333 0.023750 0.046667
1 0.334375 0.246667 0.021250 0.044444
1 0.376875 0.211111 0.021250 0.035556
1 0.229375 0.246667 0.021250 0.044444
1 0.226875 0.231111 0.018750 0.040000
1 0.177500 0.452222 0.030000 0.104444
1 0.586250 0.676667 0.052500 0.157778
1 0.895625 0.757778 0.043750 0.160000
1 0.887500 0.613333 0.032500 0.133333
1 0.811875 0.507778 0.023750 0.113333
1 0.772500 0.482222 0.022500 0.102222
1 0.589375 0.365556 0.018750 0.077778
1 0.554375 0.298889 0.013750 0.051111
1 0.564375 0.287778 0.028750 0.055556
1 0.520000 0.292222 0.015000 0.051111
1 0.507500 0.204444 0.015000 0.035556
1 0.531875 0.206667 0.011250 0.031111
1 0.472500 0.191111 0.007500 0.026667
1 0.448125 0.184444 0.008750 0.026667
1 0.566250 0.194444 0.010000 0.033333
1 0.551875 0.180000 0.008750 0.031111
1 0.576875 0.188889 0.008750 0.031111
1 0.604375 0.211111 0.011250 0.035556
1 0.635000 0.217778 0.010000 0.035556
1 0.610000 0.251111 0.012500 0.044444
1 0.649375 0.245556 0.013750 0.042222
1 0.665625 0.261111 0.011250 0.046667
1 0.622500 0.330000 0.017500 0.060000
1 0.631250 0.312222 0.030000 0.055556
1 0.667500 0.324444 0.032500 0.062222
1 0.683125 0.311111 0.036250 0.062222
1 0.695625 0.278889 0.011250 0.046667
1 0.699375 0.238889 0.018750 0.037778
1 0.735000 0.291111 0.012500 0.053333
