4 0.235352 0.659722 0.177734 0.236111
0 0.498047 0.567708 0.125000 0.163194
3 0.551758 0.404514 0.080078 0.156250
0 0.531250 0.295139 0.035156 0.055556
1 0.611328 0.574653 0.027344 0.128472
1 0.681641 0.616319 0.027344 0.142361
1 0.697266 0.437500 0.019531 0.083333
1 0.646484 0.338542 0.015625 0.065972
1 0.723633 0.312500 0.009766 0.055556
1 0.818359 0.309028 0.019531 0.048611
1 0.668945 0.277778 0.009766 0.048611
1 0.652344 0.284722 0.011719 0.048611
1 0.640625 0.269097 0.007812 0.038194
1 0.604492 0.246528 0.005859 0.027778
1 0.595703 0.234375 0.007812 0.031250
1 0.347656 0.361111 0.015625 0.076389
1 0.628906 0.237847 0.007812 0.031250
1 0.640625 0.234375 0.007812 0.031250
1 0.268555 0.375000 0.017578 0.069444
