1 0.744141 0.845486 0.066406 0.246528
1 0.650391 0.777778 0.058594 0.222222
1 0.831055 0.656250 0.044922 0.187500
1 0.784180 0.560764 0.037109 0.156250
1 0.650391 0.527778 0.039062 0.152778
1 0.687500 0.468750 0.031250 0.138889
1 0.639648 0.465278 0.033203 0.138889
1 0.793945 0.434028 0.029297 0.138889
1 0.896484 0.329861 0.027344 0.097222
1 0.856445 0.293403 0.025391 0.086806
1 0.714844 0.368056 0.023438 0.104167
1 0.653320 0.322917 0.025391 0.090278
1 0.754883 0.295139 0.025391 0.090278
1 0.700195 0.300347 0.025391 0.093750
1 0.792969 0.253472 0.023438 0.076389
1 0.825195 0.220486 0.017578 0.065972
1 0.884766 0.196181 0.011719 0.052083
1 0.855469 0.197917 0.015625 0.055556
1 0.760742 0.201389 0.017578 0.062500
4 0.775391 0.121528 0.039062 0.069444
1 0.729492 0.164931 0.009766 0.045139
1 0.822266 0.142361 0.011719 0.034722
0 0.801758 0.097222 0.021484 0.034722
0 0.835938 0.092014 0.019531 0.031250
1 0.833984 0.128472 0.011719 0.034722
1 0.838867 0.180556 0.009766 0.048611
1 0.243164 0.470486 0.033203 0.107639
1 0.115234 0.387153 0.019531 0.079861
1 0.158203 0.347222 0.027344 0.083333
1 0.070312 0.406250 0.019531 0.090278
1 0.046875 0.338542 0.015625 0.059028
1 0.130859 0.279514 0.015625 0.045139
1 0.111328 0.258681 0.011719 0.045139
1 0.025391 0.671875 0.046875 0.156250
