3 0.405273 0.477431 0.181641 0.274306
3 0.375977 0.326389 0.064453 0.201389
3 0.448242 0.222222 0.048828 0.131944
0 0.500977 0.340278 0.080078 0.111111
0 0.532227 0.265625 0.056641 0.093750
3 0.195312 0.357639 0.152344 0.222222
0 0.330078 0.218750 0.050781 0.062500
0 0.364258 0.232639 0.060547 0.090278
0 0.411133 0.184028 0.033203 0.055556
0 0.191406 0.107639 0.015625 0.027778
0 0.214844 0.140625 0.023438 0.031250
4 0.041016 0.451389 0.078125 0.201389
1 0.875000 0.371528 0.031250 0.104167
1 0.929688 0.175347 0.015625 0.052083
1 0.953125 0.184028 0.015625 0.055556
1 0.333008 0.871528 0.068359 0.222222
1 0.077148 0.654514 0.064453 0.170139
1 0.238281 0.421875 0.031250 0.114583
1 0.253906 0.468750 0.035156 0.125000
1 0.291992 0.371528 0.029297 0.104167
1 0.331055 0.331597 0.021484 0.107639
1 0.204102 0.190972 0.013672 0.048611
1 0.239258 0.197917 0.013672 0.055556
1 0.255859 0.154514 0.011719 0.045139
1 0.245117 0.156250 0.013672 0.048611
1 0.490234 0.229167 0.011719 0.062500
1 0.509766 0.196181 0.011719 0.052083
1 0.498047 0.185764 0.011719 0.045139
1 0.485352 0.173611 0.005859 0.034722
1 0.472656 0.137153 0.007812 0.038194
1 0.457031 0.135417 0.011719 0.041667
1 0.539062 0.175347 0.011719 0.045139
1 0.516602 0.142361 0.005859 0.034722
1 0.590820 0.258681 0.017578 0.065972
1 0.574219 0.218750 0.015625 0.062500
1 0.557617 0.173611 0.009766 0.048611
1 0.582031 0.185764 0.011719 0.045139
1 0.610352 0.189236 0.013672 0.052083
1 0.546875 0.125000 0.015625 0.034722
1 0.563477 0.133681 0.005859 0.038194
1 0.572266 0.128472 0.011719 0.034722
1 0.581055 0.138889 0.005859 0.048611
1 0.592773 0.149306 0.005859 0.041667
1 0.606445 0.137153 0.005859 0.045139
