3 0.129883 0.394097 0.255859 0.260417
3 0.561523 0.407986 0.119141 0.177083
3 0.516602 0.355903 0.162109 0.218750
3 0.701172 0.296875 0.093750 0.156250
3 0.821289 0.206597 0.056641 0.093750
1 0.843750 0.357639 0.015625 0.055556
1 0.837891 0.274306 0.011719 0.041667
1 0.864258 0.274306 0.009766 0.041667
1 0.870117 0.260417 0.009766 0.034722
1 0.873047 0.236111 0.007812 0.034722
1 0.885742 0.234375 0.009766 0.031250
1 0.903320 0.232639 0.009766 0.034722
1 0.918945 0.218750 0.005859 0.034722
1 0.908203 0.189236 0.003906 0.031250
1 0.916992 0.192708 0.005859 0.024306
1 0.789062 0.902778 0.046875 0.173611
