0 0.733398 0.362847 0.154297 0.128472
3 0.552734 0.246528 0.105469 0.131944
0 0.458984 0.206597 0.066406 0.072917
0 0.562500 0.168403 0.031250 0.045139
0 0.518555 0.111111 0.025391 0.034722
0 0.351562 0.159722 0.046875 0.048611
3 0.237305 0.095486 0.017578 0.045139
3 0.277344 0.112847 0.035156 0.065972
1 0.210938 0.151042 0.011719 0.031250
1 0.236328 0.166667 0.011719 0.041667
1 0.235352 0.187500 0.013672 0.048611
1 0.206055 0.232639 0.025391 0.062500
1 0.267578 0.197917 0.011719 0.048611
1 0.322266 0.196181 0.011719 0.052083
1 0.537109 0.578125 0.050781 0.170139
1 0.695312 0.621528 0.062500 0.201389
1 0.657227 0.265625 0.029297 0.065972
1 0.597656 0.135417 0.011719 0.041667
1 0.903320 0.213542 0.025391 0.052083
1 0.925781 0.175347 0.015625 0.052083
1 0.957031 0.170139 0.019531 0.048611
1 0.963867 0.189236 0.013672 0.059028
1 0.946289 0.260417 0.013672 0.055556
1 0.975586 0.312500 0.033203 0.076389
1 0.924805 0.310764 0.037109 0.079861
3 0.933594 0.468750 0.125000 0.201389
1 0.443359 0.123264 0.011719 0.031250
1 0.400391 0.125000 0.007812 0.027778
1 0.492188 0.121528 0.007812 0.027778
1 0.456055 0.118056 0.005859 0.027778
1 0.471680 0.121528 0.005859 0.027778
1 0.479492 0.107639 0.005859 0.027778
1 0.429688 0.125000 0.011719 0.027778
1 0.398438 0.171875 0.011719 0.045139
1 0.416992 0.164931 0.021484 0.031250
4 0.515625 0.125000 0.015625 0.027778
1 0.418945 0.121528 0.005859 0.020833
1 0.411133 0.121528 0.005859 0.027778
1 0.497070 0.079861 0.009766 0.020833
1 0.567383 0.053819 0.005859 0.017361
