3 0.538125 0.206667 0.031250 0.071111
0 0.295625 0.292222 0.043750 0.073333
1 0.603750 0.238889 0.010000 0.042222
1 0.635000 0.207778 0.010000 0.037778
1 0.683750 0.227778 0.017500 0.037778
1 0.598125 0.170000 0.008750 0.024444
1 0.320000 0.210000 0.025000 0.037778
1 0.398125 0.245556 0.018750 0.042222
1 0.236875 0.210000 0.021250 0.033333
1 0.231250 0.278889 0.010000 0.051111
1 0.236875 0.258889 0.011250 0.037778
1 0.236875 0.417778 0.026250 0.097778
1 0.185625 0.425556 0.028750 0.104444
1 0.159375 0.307778 0.018750 0.060000
1 0.140625 0.312222 0.013750 0.060000
1 0.171875 0.225556 0.018750 0.042222
1 0.200625 0.196667 0.008750 0.028889
1 0.465000 0.558889 0.047500 0.131111
1 0.975625 0.845556 0.043750 0.184444
0 0.041875 0.468889 0.076250 0.111111
