3 0.593750 0.531111 0.322500 0.368889
3 0.599375 0.411111 0.253750 0.231111
3 0.270000 0.470000 0.230000 0.357778
3 0.190000 0.230000 0.110000 0.140000
0 0.390000 0.335556 0.132500 0.111111
0 0.065625 0.180000 0.068750 0.071111
3 0.051250 0.282222 0.095000 0.155556
3 0.716250 0.880000 0.250000 0.231111
0 0.963750 0.368889 0.067500 0.111111
1 0.856875 0.352222 0.038750 0.100000
1 0.788750 0.338889 0.052500 0.091111
1 0.825625 0.318889 0.043750 0.082222
1 0.867500 0.291111 0.050000 0.075556
1 0.876250 0.305556 0.035000 0.086667
1 0.921875 0.450000 0.051250 0.108889
1 0.923750 0.555556 0.082500 0.133333
1 0.927500 0.346667 0.045000 0.097778
1 0.950000 0.327778 0.032500 0.077778
1 0.903750 0.337778 0.050000 0.088889
1 0.918125 0.311111 0.031250 0.075556
1 0.941875 0.305556 0.038750 0.086667
1 0.460625 0.318889 0.041250 0.100000
1 0.119375 0.530000 0.043750 0.148889
1 0.021875 0.450000 0.033750 0.117778
1 0.021250 0.112222 0.017500 0.046667
1 0.478125 0.900000 0.101250 0.186667
