1 0.744141 0.769097 0.113281 0.197917
1 0.439453 0.781250 0.121094 0.201389
1 0.412109 0.663194 0.113281 0.180556
1 0.184570 0.776042 0.142578 0.218750
1 0.201172 0.638889 0.105469 0.152778
1 0.168945 0.715278 0.134766 0.166667
1 0.096680 0.387153 0.037109 0.107639
1 0.144531 0.376736 0.023438 0.093750
1 0.195312 0.385417 0.035156 0.104167
1 0.014648 0.385417 0.021484 0.125000
1 0.050781 0.335069 0.027344 0.079861
1 0.168945 0.342014 0.021484 0.086806
1 0.230469 0.269097 0.015625 0.059028
1 0.211914 0.241319 0.013672 0.052083
1 0.156250 0.222222 0.015625 0.055556
1 0.100586 0.255208 0.017578 0.059028
1 0.125977 0.317708 0.021484 0.072917
1 0.178711 0.229167 0.017578 0.055556
1 0.169922 0.253472 0.015625 0.062500
1 0.225586 0.177083 0.009766 0.041667
1 0.243164 0.184028 0.013672 0.034722
1 0.216797 0.190972 0.011719 0.041667
1 0.206055 0.203125 0.013672 0.045139
1 0.946289 0.437500 0.029297 0.097222
1 0.187500 0.309028 0.027344 0.069444
