3 0.486875 0.190000 0.071250 0.166667
0 0.509375 0.091111 0.031250 0.040000
3 0.555000 0.067778 0.017500 0.046667
0 0.660000 0.161111 0.060000 0.064444
1 0.568125 0.055556 0.003750 0.022222
1 0.607500 0.066667 0.007500 0.026667
1 0.601875 0.093333 0.008750 0.040000
1 0.583750 0.113333 0.010000 0.040000
1 0.587500 0.131111 0.010000 0.048889
1 0.544375 0.155556 0.013750 0.053333
1 0.560625 0.242222 0.018750 0.075556
1 0.537500 0.265556 0.020000 0.077778
1 0.580625 0.213333 0.016250 0.066667
1 0.585625 0.280000 0.016250 0.080000
1 0.585000 0.452222 0.030000 0.117778
1 0.498750 0.693333 0.037500 0.155556
1 0.928750 0.320000 0.040000 0.075556
1 0.848125 0.304444 0.043750 0.066667
1 0.826250 0.287778 0.047500 0.068889
1 0.813125 0.267778 0.036250 0.068889
1 0.723750 0.190000 0.025000 0.055556
1 0.776875 0.176667 0.033750 0.051111
