4 0.757500 0.611111 0.095000 0.168889
0 0.041250 0.404444 0.050000 0.066667
4 0.215625 0.264444 0.013750 0.026667
3 0.185625 0.242222 0.011250 0.026667
0 0.383750 0.312222 0.047500 0.033333
0 0.315625 0.303333 0.043750 0.033333
0 0.340625 0.294444 0.041250 0.028889
0 0.298750 0.292222 0.042500 0.028889
1 0.819375 0.367778 0.008750 0.033333
1 0.678125 0.485556 0.018750 0.068889
1 0.963125 0.488889 0.023750 0.066667
1 0.926875 0.908889 0.061250 0.182222
1 0.962500 0.888889 0.052500 0.182222
1 0.851875 0.861111 0.053750 0.180000
1 0.839375 0.920000 0.051250 0.160000
1 0.553125 0.384444 0.013750 0.044444
1 0.463750 0.388889 0.015000 0.044444
1 0.129375 0.865556 0.103750 0.175556
1 0.327500 0.345556 0.012500 0.037778
1 0.072500 0.432222 0.012500 0.068889
