1 0.134375 0.612222 0.038750 0.126667
1 0.046250 0.457778 0.022500 0.080000
1 0.135000 0.330000 0.010000 0.037778
1 0.226250 0.292222 0.007500 0.028889
1 0.638750 0.506667 0.022500 0.080000
1 0.630000 0.462222 0.020000 0.080000
1 0.549375 0.450000 0.026250 0.068889
1 0.503125 0.414444 0.026250 0.060000
1 0.458125 0.380000 0.018750 0.048889
1 0.433750 0.390000 0.017500 0.051111
1 0.404375 0.375556 0.016250 0.044444
1 0.418125 0.361111 0.013750 0.042222
1 0.402500 0.362222 0.017500 0.048889
1 0.836875 0.835556 0.048750 0.164444
2 0.870000 0.467778 0.015000 0.073333
1 0.825000 0.362222 0.007500 0.031111
1 0.804375 0.338889 0.006250 0.024444
1 0.813750 0.351111 0.007500 0.026667
1 0.785625 0.326667 0.006250 0.022222
1 0.765625 0.323333 0.006250 0.028889
1 0.748750 0.326667 0.007500 0.031111
