4 0.522500 0.220000 0.045000 0.102222
0 0.465625 0.190000 0.036250 0.064444
0 0.549375 0.168889 0.031250 0.057778
0 0.552500 0.131111 0.025000 0.031111
1 0.428125 0.320000 0.018750 0.075556
1 0.396875 0.305556 0.018750 0.073333
1 0.326875 0.286667 0.013750 0.066667
1 0.318750 0.376667 0.025000 0.086667
1 0.360625 0.414444 0.021250 0.095556
1 0.205625 0.488889 0.028750 0.120000
1 0.876875 0.791111 0.038750 0.168889
1 0.737500 0.688889 0.035000 0.146667
1 0.925000 0.715556 0.040000 0.151111
1 0.823750 0.635556 0.050000 0.142222
1 0.895000 0.571111 0.035000 0.120000
1 0.803125 0.505556 0.026250 0.108889
1 0.810000 0.402222 0.022500 0.088889
1 0.840625 0.396667 0.026250 0.091111
1 0.776875 0.374444 0.018750 0.082222
1 0.710625 0.387778 0.018750 0.095556
1 0.700000 0.316667 0.015000 0.068889
1 0.689375 0.267778 0.016250 0.064444
1 0.640000 0.105556 0.005000 0.024444
1 0.672500 0.156667 0.007500 0.033333
1 0.680000 0.150000 0.007500 0.033333
0 0.552500 0.108889 0.020000 0.026667
