1 0.735352 0.326389 0.033203 0.097222
1 0.777344 0.255208 0.023438 0.072917
1 0.824219 0.175347 0.019531 0.052083
1 0.849609 0.157986 0.011719 0.045139
1 0.869141 0.130208 0.011719 0.038194
1 0.851562 0.128472 0.015625 0.041667
1 0.825195 0.102431 0.009766 0.031250
1 0.847656 0.098958 0.007812 0.031250
1 0.655273 0.248264 0.017578 0.065972
1 0.656250 0.371528 0.039062 0.104167
1 0.659180 0.546875 0.044922 0.149306
1 0.424805 0.434028 0.060547 0.111111
1 0.402344 0.427083 0.062500 0.111111
1 0.069336 0.361111 0.021484 0.076389
1 0.051758 0.451389 0.037109 0.104167
1 0.087891 0.602431 0.054688 0.135417
1 0.165039 0.310764 0.017578 0.072917
1 0.106445 0.218750 0.009766 0.034722
1 0.097656 0.189236 0.007812 0.031250
