1 0.350000 0.296667 0.017500 0.068889
1 0.386250 0.280000 0.017500 0.071111
1 0.393125 0.206667 0.016250 0.053333
1 0.445625 0.192222 0.011250 0.051111
1 0.473750 0.207778 0.007500 0.051111
1 0.626250 0.081111 0.005000 0.020000
1 0.658750 0.147778 0.010000 0.042222
0 0.648125 0.080000 0.013750 0.017778
0 0.645000 0.072222 0.015000 0.020000
1 0.496875 0.104444 0.006250 0.031111
1 0.508750 0.166667 0.010000 0.044444
1 0.550000 0.206667 0.012500 0.053333
1 0.539375 0.064444 0.006250 0.017778
1 0.546875 0.060000 0.003750 0.017778
1 0.526875 0.063333 0.003750 0.020000
1 0.534375 0.050000 0.003750 0.015556
1 0.961875 0.328889 0.033750 0.071111
1 0.971875 0.282222 0.028750 0.062222
