3 0.806875 0.300000 0.113750 0.120000
3 0.566875 0.526667 0.103750 0.288889
1 0.687500 0.238889 0.022500 0.042222
1 0.691250 0.367778 0.020000 0.073333
1 0.697500 0.425556 0.025000 0.082222
1 0.655000 0.332222 0.015000 0.064444
1 0.630000 0.316667 0.012500 0.060000
1 0.640625 0.297778 0.033750 0.057778
1 0.601875 0.305556 0.016250 0.064444
1 0.618750 0.220000 0.017500 0.040000
1 0.535625 0.287778 0.013750 0.051111
1 0.577500 0.172222 0.007500 0.024444
1 0.587500 0.166667 0.017500 0.022222
1 0.560625 0.170000 0.008750 0.024444
1 0.525000 0.180000 0.010000 0.031111
1 0.542500 0.158889 0.007500 0.028889
1 0.550000 0.155556 0.005000 0.022222
1 0.558125 0.146667 0.003750 0.017778
1 0.449375 0.178889 0.008750 0.028889
1 0.500625 0.260000 0.013750 0.048889
1 0.141875 0.311111 0.013750 0.062222
1 0.159375 0.308889 0.021250 0.057778
1 0.687500 0.695556 0.037500 0.160000
1 0.828750 0.415556 0.022500 0.084444
0 0.043750 0.468889 0.072500 0.111111
