1 0.662109 0.593750 0.089844 0.152778
1 0.587891 0.562500 0.089844 0.138889
1 0.547852 0.543403 0.091797 0.135417
1 0.625977 0.682292 0.115234 0.156250
1 0.662109 0.718750 0.109375 0.173611
1 0.666016 0.810764 0.121094 0.190972
1 0.229492 0.899306 0.158203 0.201389
1 0.215820 0.638889 0.111328 0.173611
1 0.083008 0.713542 0.126953 0.177083
1 0.199219 0.388889 0.046875 0.097222
2 0.072266 0.404514 0.050781 0.093750
0 0.134766 0.359375 0.128906 0.079861
1 0.245117 0.274306 0.017578 0.055556
1 0.224609 0.277778 0.011719 0.048611
1 0.210938 0.267361 0.015625 0.048611
1 0.187500 0.269097 0.015625 0.052083
1 0.291016 0.277778 0.019531 0.048611
1 0.262695 0.265625 0.013672 0.052083
1 0.306641 0.342014 0.027344 0.079861
1 0.399414 0.269097 0.013672 0.052083
1 0.367188 0.263889 0.011719 0.062500
1 0.334961 0.248264 0.013672 0.045139
1 0.378906 0.222222 0.011719 0.048611
1 0.397461 0.244792 0.017578 0.045139
1 0.323242 0.204861 0.013672 0.041667
1 0.302734 0.204861 0.011719 0.034722
0 0.248047 0.206597 0.031250 0.045139
0 0.205078 0.190972 0.031250 0.041667
1 0.807617 0.618056 0.083984 0.138889
1 0.907227 0.649306 0.080078 0.145833
1 0.947266 0.532986 0.070312 0.128472
1 0.867188 0.329861 0.031250 0.062500
4 0.941406 0.303819 0.109375 0.149306
