1 0.348750 0.491111 0.035000 0.080000
1 0.315000 0.343333 0.012500 0.037778
1 0.278750 0.327778 0.012500 0.037778
0 0.170000 0.288889 0.020000 0.026667
0 0.175000 0.275556 0.015000 0.026667
1 0.150625 0.303333 0.006250 0.028889
1 0.141875 0.295556 0.006250 0.026667
1 0.136250 0.400000 0.015000 0.053333
1 0.093750 0.396667 0.015000 0.055556
1 0.596875 0.381111 0.011250 0.046667
1 0.781250 0.512222 0.020000 0.082222
1 0.823750 0.670000 0.035000 0.126667
1 0.865625 0.441111 0.011250 0.055556
1 0.847500 0.396667 0.010000 0.046667
1 0.833125 0.375556 0.008750 0.040000
1 0.813125 0.370000 0.013750 0.042222
1 0.736875 0.356667 0.011250 0.042222
