0 0.617500 0.378889 0.125000 0.082222
0 0.733750 0.237778 0.047500 0.040000
1 0.240625 0.198889 0.008750 0.028889
1 0.260000 0.192222 0.007500 0.028889
1 0.231250 0.187778 0.010000 0.028889
1 0.223750 0.186667 0.007500 0.031111
1 0.251875 0.180000 0.008750 0.040000
1 0.225000 0.202222 0.010000 0.031111
1 0.214375 0.207778 0.006250 0.037778
1 0.205625 0.211111 0.008750 0.040000
1 0.203125 0.188889 0.008750 0.040000
1 0.183750 0.188889 0.010000 0.031111
1 0.174375 0.192222 0.008750 0.033333
1 0.176875 0.255556 0.016250 0.048889
1 0.237500 0.257778 0.010000 0.053333
1 0.230625 0.240000 0.008750 0.040000
1 0.226875 0.307778 0.016250 0.060000
1 0.159375 0.308889 0.018750 0.062222
1 0.138750 0.312222 0.017500 0.060000
1 0.013125 0.581111 0.018750 0.131111
1 0.038125 0.650000 0.046250 0.153333
1 0.358750 0.241111 0.017500 0.037778
1 0.455625 0.208889 0.018750 0.040000
1 0.440625 0.275556 0.021250 0.053333
1 0.504375 0.277778 0.033750 0.048889
1 0.514375 0.240000 0.011250 0.040000
1 0.536875 0.232222 0.011250 0.042222
1 0.563125 0.157778 0.003750 0.026667
0 0.490000 0.131111 0.015000 0.017778
0 0.520000 0.151111 0.015000 0.022222
3 0.521250 0.138889 0.012500 0.028889
1 0.445000 0.138889 0.007500 0.028889
1 0.424375 0.160000 0.011250 0.022222
1 0.726875 0.237778 0.008750 0.040000
1 0.756250 0.266667 0.027500 0.044444
1 0.797500 0.267778 0.025000 0.042222
1 0.871250 0.338889 0.040000 0.060000
1 0.623750 0.217778 0.015000 0.035556
0 0.045000 0.467778 0.075000 0.104444
