3 0.268125 0.378889 0.066250 0.193333
3 0.287500 0.266667 0.040000 0.102222
0 0.518750 0.162222 0.017500 0.026667
0 0.786250 0.331111 0.040000 0.062222
1 0.730625 0.250000 0.018750 0.042222
1 0.960000 0.400000 0.027500 0.066667
1 0.213750 0.286667 0.012500 0.053333
1 0.191875 0.242222 0.008750 0.040000
1 0.206875 0.242222 0.011250 0.044444
1 0.202500 0.206667 0.020000 0.035556
1 0.188750 0.214444 0.017500 0.033333
1 0.180625 0.204444 0.018750 0.031111
1 0.146250 0.212222 0.022500 0.033333
1 0.281875 0.167778 0.016250 0.020000
1 0.268125 0.173333 0.013750 0.022222
1 0.256875 0.170000 0.011250 0.020000
1 0.165000 0.176667 0.015000 0.024444
