1 0.180625 0.821111 0.091250 0.277778
1 0.552500 0.756667 0.067500 0.233333
1 0.475625 0.370000 0.023750 0.100000
1 0.511250 0.352222 0.022500 0.091111
1 0.588125 0.406667 0.028750 0.106667
1 0.607500 0.351111 0.025000 0.093333
1 0.668125 0.418889 0.033750 0.117778
1 0.686250 0.352222 0.027500 0.086667
1 0.588125 0.185556 0.021250 0.028889
1 0.572500 0.202222 0.007500 0.035556
1 0.546875 0.236667 0.011250 0.042222
1 0.568125 0.233333 0.011250 0.048889
1 0.586875 0.227778 0.011250 0.046667
0 0.664375 0.252222 0.036250 0.046667
1 0.604375 0.164444 0.003750 0.022222
0 0.611875 0.152222 0.011250 0.015556
1 0.629375 0.153333 0.006250 0.022222
