4 0.516250 0.235556 0.032500 0.066667
0 0.514375 0.176667 0.016250 0.024444
0 0.395000 0.257778 0.067500 0.062222
0 0.346875 0.236667 0.061250 0.051111
0 0.632500 0.288889 0.035000 0.053333
0 0.613750 0.231111 0.030000 0.044444
1 0.248750 0.207778 0.022500 0.033333
1 0.240000 0.234444 0.007500 0.028889
1 0.215625 0.232222 0.008750 0.037778
1 0.204375 0.253333 0.011250 0.048889
1 0.186875 0.240000 0.011250 0.040000
1 0.196875 0.274444 0.011250 0.046667
1 0.960000 0.804444 0.047500 0.164444
1 0.810625 0.424444 0.036250 0.084444
1 0.715625 0.381111 0.018750 0.073333
1 0.545625 0.345556 0.033750 0.073333
1 0.668750 0.334444 0.035000 0.060000
1 0.704375 0.256667 0.011250 0.037778
1 0.656875 0.223333 0.011250 0.033333
1 0.586875 0.315556 0.013750 0.057778
1 0.523750 0.327778 0.032500 0.055556
1 0.482500 0.277778 0.017500 0.048889
1 0.952500 0.310000 0.032500 0.046667
1 0.458750 0.193333 0.007500 0.026667
1 0.476875 0.185556 0.008750 0.024444
1 0.530000 0.192222 0.007500 0.028889
1 0.558750 0.170000 0.005000 0.024444
