1 0.687500 0.508681 0.035156 0.142361
1 0.828125 0.392361 0.035156 0.118056
1 0.779297 0.338542 0.031250 0.100694
1 0.792969 0.166667 0.011719 0.048611
1 0.833008 0.206597 0.017578 0.065972
1 0.870117 0.201389 0.013672 0.062500
1 0.835938 0.145833 0.011719 0.048611
1 0.843750 0.128472 0.011719 0.041667
1 0.864258 0.130208 0.009766 0.038194
1 0.880859 0.135417 0.011719 0.048611
1 0.112305 0.380208 0.021484 0.079861
1 0.053711 0.317708 0.025391 0.065972
1 0.101562 0.215278 0.007812 0.034722
1 0.116211 0.208333 0.005859 0.027778
