4 0.559570 0.557292 0.201172 0.336806
1 0.657227 0.657986 0.056641 0.184028
1 0.778320 0.534722 0.037109 0.152778
1 0.720703 0.383681 0.031250 0.107639
1 0.900391 0.295139 0.027344 0.097222
1 0.849609 0.265625 0.015625 0.072917
1 0.813477 0.269097 0.021484 0.079861
1 0.785156 0.237847 0.019531 0.072917
1 0.812500 0.201389 0.015625 0.062500
1 0.852539 0.203125 0.017578 0.059028
1 0.877930 0.133681 0.009766 0.038194
1 0.849609 0.126736 0.011719 0.045139
1 0.821289 0.128472 0.013672 0.041667
1 0.799805 0.133681 0.013672 0.038194
1 0.779297 0.156250 0.011719 0.048611
1 0.750977 0.166667 0.013672 0.048611
1 0.144531 0.336806 0.019531 0.076389
1 0.051758 0.326389 0.021484 0.062500
1 0.117188 0.291667 0.015625 0.055556
1 0.091797 0.263889 0.015625 0.048611
1 0.060547 0.265625 0.011719 0.045139
1 0.151367 0.269097 0.013672 0.052083
