0 0.266250 0.550000 0.092500 0.148889
0 0.504375 0.406667 0.061250 0.057778
1 0.421875 0.368889 0.018750 0.048889
1 0.385625 0.348889 0.013750 0.040000
1 0.358750 0.336667 0.015000 0.033333
1 0.116875 0.358889 0.011250 0.042222
1 0.125000 0.338889 0.010000 0.037778
1 0.149375 0.355556 0.008750 0.040000
1 0.170625 0.337778 0.008750 0.035556
1 0.146875 0.338889 0.008750 0.037778
1 0.146875 0.302222 0.006250 0.026667
0 0.177500 0.275556 0.015000 0.026667
1 0.144375 0.291111 0.006250 0.026667
1 0.164375 0.271111 0.008750 0.026667
1 0.100000 0.437778 0.020000 0.071111
1 0.071250 0.638889 0.042500 0.122222
1 0.593125 0.396667 0.016250 0.060000
1 0.567500 0.365556 0.012500 0.042222
1 0.709375 0.495556 0.031250 0.080000
0 0.723750 0.355556 0.030000 0.031111
1 0.833125 0.445556 0.013750 0.060000
1 0.845625 0.400000 0.011250 0.040000
4 0.820625 0.357778 0.016250 0.035556
0 0.911875 0.442222 0.048750 0.062222
0 0.860625 0.384444 0.036250 0.035556
0 0.024375 0.404444 0.046250 0.062222
0 0.475625 0.327778 0.053750 0.037778
