3 0.178711 0.600694 0.353516 0.472222
0 0.457031 0.546875 0.109375 0.114583
3 0.598633 0.378472 0.150391 0.222222
3 0.049805 0.319444 0.087891 0.159722
1 0.690430 0.496528 0.021484 0.090278
1 0.702148 0.446181 0.021484 0.079861
1 0.778320 0.494792 0.029297 0.093750
1 0.753906 0.407986 0.015625 0.065972
1 0.791992 0.414931 0.017578 0.059028
1 0.834961 0.414931 0.017578 0.065972
1 0.772461 0.348958 0.009766 0.038194
1 0.774414 0.376736 0.013672 0.059028
1 0.750977 0.329861 0.013672 0.048611
1 0.797852 0.361111 0.013672 0.055556
1 0.818359 0.345486 0.015625 0.045139
1 0.840820 0.347222 0.013672 0.048611
1 0.837891 0.300347 0.015625 0.038194
1 0.857422 0.305556 0.011719 0.041667
1 0.865234 0.298611 0.011719 0.048611
1 0.851562 0.260417 0.011719 0.041667
1 0.830078 0.272569 0.015625 0.052083
1 0.884766 0.260417 0.007812 0.034722
1 0.901367 0.241319 0.009766 0.031250
1 0.875977 0.239583 0.009766 0.034722
1 0.862305 0.272569 0.005859 0.038194
1 0.863281 0.223958 0.007812 0.031250
