0 0.370117 0.246528 0.056641 0.076389
3 0.256836 0.180556 0.029297 0.062500
4 0.266602 0.118056 0.037109 0.048611
0 0.226562 0.104167 0.027344 0.034722
0 0.204102 0.092014 0.021484 0.031250
4 0.755859 0.201389 0.074219 0.076389
1 0.527344 0.123264 0.007812 0.031250
1 0.514648 0.121528 0.013672 0.041667
1 0.502930 0.109375 0.005859 0.031250
1 0.492188 0.125000 0.015625 0.034722
1 0.474609 0.123264 0.003906 0.031250
1 0.478516 0.104167 0.011719 0.027778
1 0.454102 0.123264 0.005859 0.031250
1 0.445312 0.123264 0.003906 0.031250
1 0.438477 0.123264 0.009766 0.031250
1 0.457031 0.203125 0.015625 0.059028
1 0.422852 0.355903 0.029297 0.107639
1 0.356445 0.298611 0.021484 0.090278
1 0.317383 0.236111 0.017578 0.069444
1 0.298828 0.258681 0.015625 0.065972
1 0.349609 0.154514 0.011719 0.045139
1 0.311523 0.154514 0.017578 0.045139
1 0.212891 0.144097 0.011719 0.031250
1 0.223633 0.197917 0.013672 0.048611
1 0.236328 0.218750 0.011719 0.048611
1 0.184570 0.182292 0.013672 0.052083
1 0.191406 0.236111 0.015625 0.062500
1 0.186523 0.138889 0.005859 0.034722
1 0.095703 0.368056 0.031250 0.097222
1 0.823242 0.328125 0.041016 0.079861
1 0.777344 0.250000 0.023438 0.076389
1 0.915039 0.180556 0.017578 0.041667
1 0.552734 0.060764 0.003906 0.031250
1 0.563477 0.057292 0.005859 0.017361
1 0.603516 0.126736 0.003906 0.031250
1 0.205078 0.072917 0.003906 0.020833
