1 0.727500 0.572222 0.037500 0.100000
1 0.653750 0.501111 0.030000 0.082222
1 0.623750 0.475556 0.027500 0.066667
1 0.566875 0.435556 0.026250 0.062222
1 0.686875 0.355556 0.011250 0.035556
1 0.935625 0.495556 0.026250 0.071111
1 0.833750 0.390000 0.010000 0.037778
1 0.843750 0.387778 0.012500 0.037778
1 0.823750 0.366667 0.007500 0.031111
1 0.805000 0.368889 0.010000 0.040000
1 0.415000 0.378889 0.020000 0.060000
1 0.396250 0.356667 0.015000 0.037778
1 0.349375 0.348889 0.011250 0.040000
1 0.366875 0.318889 0.018750 0.028889
1 0.343750 0.335556 0.010000 0.035556
1 0.312500 0.347778 0.015000 0.042222
1 0.307500 0.335556 0.010000 0.031111
1 0.229375 0.298889 0.006250 0.028889
1 0.160625 0.537778 0.026250 0.093333
1 0.151250 0.352222 0.010000 0.042222
0 0.077500 0.360000 0.032500 0.057778
0 0.023750 0.406667 0.045000 0.062222
0 0.476250 0.326667 0.055000 0.035556
0 0.913125 0.441111 0.053750 0.060000
0 0.860625 0.382222 0.033750 0.035556
