4 0.633125 0.381111 0.066250 0.131111
0 0.531250 0.234444 0.025000 0.037778
0 0.536250 0.183333 0.017500 0.028889
3 0.296875 0.268889 0.041250 0.115556
1 0.183125 0.935556 0.071250 0.120000
1 0.871875 0.787778 0.061250 0.157778
1 0.760625 0.480000 0.023750 0.097778
1 0.601875 0.482222 0.061250 0.088889
1 0.807500 0.454444 0.027500 0.091111
1 0.778125 0.463333 0.023750 0.100000
1 0.705000 0.384444 0.017500 0.071111
1 0.685625 0.340000 0.016250 0.062222
1 0.716875 0.330000 0.013750 0.060000
1 0.761875 0.307778 0.013750 0.051111
1 0.723750 0.285556 0.012500 0.046667
1 0.715625 0.258889 0.011250 0.042222
1 0.617500 0.298889 0.015000 0.055556
1 0.593125 0.214444 0.011250 0.033333
3 0.556875 0.142222 0.018750 0.035556
1 0.462500 0.181111 0.007500 0.024444
1 0.225625 0.280000 0.011250 0.053333
1 0.245000 0.208889 0.007500 0.031111
1 0.263125 0.185556 0.006250 0.028889
1 0.183125 0.250000 0.008750 0.042222
1 0.173125 0.497778 0.031250 0.115556
