1 0.049375 0.907778 0.091250 0.184444
1 0.900000 0.915556 0.057500 0.168889
1 0.914375 0.534444 0.033750 0.131111
1 0.771875 0.451111 0.033750 0.111111
1 0.767500 0.380000 0.047500 0.088889
1 0.870625 0.352222 0.031250 0.077778
1 0.807500 0.334444 0.032500 0.073333
1 0.763750 0.325556 0.037500 0.073333
1 0.685000 0.348889 0.042500 0.084444
1 0.573750 0.420000 0.050000 0.093333
1 0.521875 0.456667 0.056250 0.104444
1 0.367500 0.465556 0.057500 0.104444
1 0.458750 0.178889 0.010000 0.042222
1 0.658125 0.165556 0.008750 0.037778
1 0.680625 0.151111 0.008750 0.035556
1 0.651875 0.148889 0.008750 0.040000
0 0.604375 0.090000 0.016250 0.028889
1 0.946250 0.443333 0.027500 0.100000
1 0.914375 0.313333 0.031250 0.075556
