3 0.168125 0.351111 0.033750 0.084444
4 0.205625 0.287778 0.016250 0.033333
3 0.183750 0.254444 0.012500 0.033333
0 0.169375 0.294444 0.018750 0.028889
0 0.125000 0.286667 0.017500 0.026667
3 0.802500 0.387778 0.037500 0.091111
0 0.662500 0.322222 0.017500 0.026667
1 0.235625 0.316667 0.008750 0.033333
1 0.220625 0.305556 0.008750 0.028889
1 0.201250 0.326667 0.012500 0.035556
1 0.215000 0.426667 0.012500 0.066667
1 0.271875 0.320000 0.013750 0.031111
1 0.308125 0.322222 0.011250 0.026667
1 0.330625 0.341111 0.011250 0.037778
1 0.351250 0.355556 0.015000 0.040000
1 0.400000 0.362222 0.012500 0.040000
1 0.472500 0.397778 0.015000 0.053333
1 0.116250 0.384444 0.012500 0.048889
1 0.069375 0.412222 0.016250 0.060000
1 0.130625 0.354444 0.008750 0.037778
1 0.130625 0.338889 0.011250 0.037778
1 0.512500 0.378889 0.015000 0.037778
1 0.653125 0.362222 0.011250 0.040000
1 0.658125 0.488889 0.018750 0.071111
1 0.796250 0.810000 0.042500 0.157778
1 0.935625 0.554444 0.021250 0.086667
1 0.914375 0.484444 0.018750 0.066667
1 0.846250 0.421111 0.020000 0.046667
