3 0.148438 0.366319 0.070312 0.177083
0 0.239258 0.347222 0.052734 0.104167
0 0.198242 0.270833 0.041016 0.076389
1 0.112305 0.243056 0.013672 0.041667
1 0.083008 0.241319 0.013672 0.052083
1 0.109375 0.163194 0.011719 0.041667
1 0.098633 0.510417 0.029297 0.111111
1 0.147461 0.538194 0.029297 0.104167
1 0.153320 0.489583 0.025391 0.083333
1 0.193359 0.517361 0.027344 0.118056
1 0.232422 0.538194 0.027344 0.118056
1 0.259766 0.434028 0.019531 0.083333
1 0.268555 0.503472 0.021484 0.104167
1 0.230469 0.177083 0.007812 0.034722
3 0.255859 0.168403 0.015625 0.038194
4 0.112305 0.121528 0.017578 0.034722
0 0.133789 0.109375 0.013672 0.031250
