3 0.438477 0.513889 0.361328 0.465278
1 0.565430 0.711806 0.041016 0.138889
1 0.683594 0.526042 0.027344 0.100694
1 0.726562 0.477431 0.023438 0.093750
1 0.718750 0.404514 0.015625 0.072917
1 0.736328 0.388889 0.015625 0.069444
1 0.775391 0.392361 0.019531 0.069444
1 0.775391 0.371528 0.019531 0.062500
1 0.809570 0.489583 0.021484 0.090278
1 0.802734 0.394097 0.015625 0.065972
1 0.838867 0.383681 0.013672 0.065972
1 0.846680 0.352431 0.017578 0.065972
1 0.810547 0.321181 0.015625 0.045139
1 0.835938 0.281250 0.011719 0.041667
1 0.865234 0.279514 0.007812 0.045139
1 0.885742 0.281250 0.009766 0.041667
1 0.855469 0.270833 0.011719 0.034722
3 0.090820 0.258681 0.177734 0.100694
