1 0.932500 0.547778 0.022500 0.082222
1 0.887500 0.496667 0.020000 0.073333
1 0.848750 0.467778 0.020000 0.068889
1 0.821250 0.380000 0.010000 0.031111
1 0.816250 0.362222 0.005000 0.031111
1 0.798125 0.345556 0.011250 0.020000
4 0.768750 0.330000 0.040000 0.037778
1 0.690625 0.357778 0.018750 0.035556
1 0.651875 0.430000 0.021250 0.060000
1 0.634375 0.471111 0.021250 0.071111
1 0.529375 0.411111 0.023750 0.062222
1 0.520000 0.397778 0.020000 0.053333
1 0.577500 0.372222 0.020000 0.042222
1 0.392500 0.366667 0.015000 0.044444
1 0.418125 0.361111 0.016250 0.042222
1 0.361875 0.335556 0.016250 0.040000
1 0.342500 0.337778 0.017500 0.035556
1 0.349375 0.438889 0.021250 0.068889
1 0.358125 0.471111 0.023750 0.075556
0 0.273750 0.447778 0.110000 0.091111
1 0.291250 0.356667 0.020000 0.042222
1 0.228125 0.292222 0.008750 0.028889
3 0.203125 0.300000 0.026250 0.031111
1 0.126875 0.320000 0.011250 0.031111
1 0.119375 0.361111 0.013750 0.051111
1 0.109375 0.447778 0.021250 0.082222
1 0.048750 0.488889 0.027500 0.088889
1 0.013750 0.587778 0.022500 0.117778
0 0.083750 0.618889 0.107500 0.171111
0 0.839375 0.901111 0.166250 0.184444
0 0.076875 0.362222 0.038750 0.057778
0 0.023750 0.405556 0.045000 0.064444
0 0.475625 0.330000 0.056250 0.037778
0 0.958125 0.475556 0.041250 0.057778
0 0.911250 0.442222 0.052500 0.062222
