1 0.360000 0.558889 0.075000 0.135556
4 0.417500 0.272222 0.052500 0.055556
1 0.445000 0.224444 0.012500 0.057778
1 0.405625 0.217778 0.013750 0.048889
2 0.516875 0.161111 0.006250 0.042222
1 0.388125 0.180000 0.026250 0.035556
0 0.657500 0.270000 0.042500 0.077778
1 0.681875 0.372222 0.041250 0.082222
1 0.768125 0.393333 0.041250 0.080000
1 0.758750 0.350000 0.040000 0.077778
1 0.668125 0.124444 0.006250 0.031111
1 0.632500 0.108889 0.005000 0.026667
1 0.625625 0.115556 0.006250 0.031111
1 0.938750 0.480000 0.047500 0.097778
1 0.711250 0.755556 0.062500 0.191111
