1 0.630000 0.753333 0.065000 0.146667
4 0.372500 0.403333 0.047500 0.077778
3 0.296875 0.468889 0.081250 0.160000
3 0.300000 0.327778 0.050000 0.091111
0 0.225625 0.270000 0.021250 0.028889
3 0.197500 0.226667 0.020000 0.040000
0 0.156875 0.217778 0.013750 0.022222
1 0.251250 0.257778 0.007500 0.026667
1 0.235625 0.242222 0.006250 0.022222
1 0.149375 0.247778 0.003750 0.024444
1 0.136250 0.226667 0.005000 0.017778
1 0.141250 0.266667 0.007500 0.026667
1 0.118750 0.250000 0.005000 0.024444
1 0.128750 0.284444 0.007500 0.031111
1 0.139375 0.344444 0.011250 0.044444
1 0.155625 0.342222 0.011250 0.044444
1 0.195000 0.446667 0.017500 0.071111
3 0.506250 0.488889 0.132500 0.182222
