3 0.808594 0.605903 0.359375 0.774306
1 0.063477 0.333333 0.052734 0.083333
1 0.201172 0.378472 0.042969 0.090278
1 0.321289 0.321181 0.021484 0.072917
1 0.228516 0.314236 0.019531 0.065972
1 0.227539 0.258681 0.013672 0.052083
1 0.211914 0.258681 0.009766 0.052083
1 0.193359 0.262153 0.015625 0.052083
1 0.180664 0.260417 0.017578 0.055556
1 0.249023 0.217014 0.013672 0.045139
1 0.202148 0.217014 0.013672 0.045139
1 0.279297 0.246528 0.015625 0.048611
1 0.271484 0.256944 0.015625 0.062500
1 0.381836 0.284722 0.017578 0.055556
1 0.351562 0.243056 0.011719 0.048611
1 0.335938 0.227431 0.011719 0.045139
1 0.323242 0.218750 0.013672 0.041667
1 0.583008 0.236111 0.029297 0.048611
1 0.468750 0.223958 0.023438 0.045139
