1 0.423125 0.503333 0.078750 0.122222
1 0.602500 0.831111 0.100000 0.168889
1 0.153125 0.571111 0.083750 0.142222
1 0.139375 0.731111 0.106250 0.164444
1 0.119375 0.666667 0.098750 0.151111
1 0.036875 0.366667 0.033750 0.097778
1 0.025625 0.336667 0.031250 0.100000
1 0.092500 0.362222 0.030000 0.093333
1 0.076250 0.330000 0.037500 0.091111
1 0.097500 0.158889 0.022500 0.051111
1 0.141875 0.165556 0.021250 0.055556
3 0.053125 0.248889 0.103750 0.177778
1 0.623750 0.431111 0.062500 0.106667
1 0.650625 0.511111 0.063750 0.137778
1 0.466875 0.276667 0.046250 0.086667
3 0.326250 0.236667 0.132500 0.131111
1 0.856875 0.716667 0.086250 0.148889
1 0.898125 0.823333 0.073750 0.166667
