3 0.593750 0.735556 0.337500 0.346667
1 0.524375 0.496667 0.068750 0.117778
1 0.661250 0.498889 0.062500 0.126667
1 0.313125 0.531111 0.081250 0.124444
1 0.229375 0.285556 0.031250 0.082222
1 0.059375 0.448889 0.046250 0.120000
1 0.038125 0.391111 0.031250 0.111111
1 0.056250 0.341111 0.040000 0.104444
1 0.104375 0.358889 0.038750 0.108889
1 0.132500 0.320000 0.030000 0.084444
1 0.094375 0.301111 0.028750 0.091111
1 0.072500 0.323333 0.022500 0.091111
1 0.098750 0.173333 0.022500 0.057778
1 0.795000 0.924444 0.077500 0.120000
1 0.836875 0.468889 0.056250 0.115556
1 0.046250 0.617778 0.080000 0.128889
1 0.011875 0.300000 0.021250 0.080000
1 0.022500 0.265556 0.020000 0.064444
