1 0.846250 0.831111 0.047500 0.168889
1 0.861250 0.660000 0.040000 0.124444
1 0.893125 0.505556 0.021250 0.077778
1 0.842500 0.443333 0.015000 0.060000
1 0.819375 0.392222 0.011250 0.051111
1 0.806875 0.357778 0.011250 0.035556
1 0.588750 0.404444 0.017500 0.048889
1 0.600625 0.400000 0.021250 0.053333
1 0.641875 0.354444 0.011250 0.042222
1 0.528750 0.392222 0.015000 0.046667
1 0.461250 0.424444 0.022500 0.066667
1 0.477500 0.384444 0.020000 0.053333
1 0.457500 0.397778 0.020000 0.053333
1 0.450000 0.370000 0.022500 0.046667
2 0.401250 0.395556 0.030000 0.057778
0 0.379375 0.376667 0.058750 0.051111
1 0.231875 0.421111 0.016250 0.064444
0 0.290625 0.338889 0.048750 0.033333
1 0.183125 0.346667 0.011250 0.044444
0 0.776875 0.352222 0.021250 0.037778
1 0.825000 0.352222 0.007500 0.024444
1 0.777500 0.451111 0.020000 0.057778
1 0.790625 0.324444 0.006250 0.026667
1 0.761875 0.316667 0.006250 0.024444
