0 0.500000 0.149306 0.027344 0.055556
3 0.507812 0.111111 0.027344 0.062500
3 0.472656 0.112847 0.039062 0.052083
3 0.531250 0.090278 0.023438 0.055556
3 0.305664 0.605903 0.220703 0.336806
0 0.299805 0.470486 0.130859 0.156250
1 0.544922 0.876736 0.066406 0.239583
1 0.441406 0.678819 0.046875 0.190972
1 0.722656 0.819444 0.050781 0.229167
1 0.704102 0.678819 0.052734 0.190972
1 0.758789 0.585069 0.041016 0.177083
1 0.613281 0.567708 0.031250 0.156250
1 0.673828 0.465278 0.027344 0.125000
1 0.509766 0.505208 0.031250 0.135417
1 0.622070 0.395833 0.025391 0.104167
1 0.461914 0.357639 0.017578 0.097222
1 0.511719 0.342014 0.019531 0.093750
1 0.560547 0.355903 0.023438 0.100694
1 0.526367 0.277778 0.017578 0.076389
1 0.559570 0.251736 0.017578 0.065972
1 0.578125 0.272569 0.019531 0.072917
1 0.597656 0.241319 0.011719 0.059028
1 0.599609 0.210069 0.011719 0.052083
1 0.583984 0.187500 0.011719 0.048611
1 0.574219 0.168403 0.007812 0.038194
1 0.553711 0.142361 0.005859 0.034722
1 0.571289 0.142361 0.005859 0.041667
1 0.599609 0.128472 0.007812 0.027778
1 0.598633 0.105903 0.005859 0.024306
1 0.639648 0.182292 0.013672 0.052083
1 0.455078 0.151042 0.011719 0.038194
1 0.428711 0.128472 0.009766 0.034722
1 0.430664 0.154514 0.009766 0.031250
1 0.411133 0.137153 0.013672 0.038194
1 0.410156 0.156250 0.011719 0.034722
1 0.384766 0.157986 0.007812 0.045139
1 0.387695 0.204861 0.013672 0.055556
1 0.368164 0.204861 0.013672 0.055556
1 0.360352 0.175347 0.009766 0.045139
1 0.330078 0.204861 0.011719 0.055556
1 0.291016 0.177083 0.011719 0.048611
1 0.309570 0.270833 0.021484 0.083333
1 0.277344 0.342014 0.031250 0.093750
1 0.263672 0.324653 0.027344 0.093750
1 0.227539 0.309028 0.025391 0.083333
1 0.198242 0.307292 0.025391 0.079861
1 0.157227 0.315972 0.025391 0.083333
1 0.090820 0.364583 0.033203 0.097222
1 0.165039 0.668403 0.068359 0.184028
1 0.165039 0.534722 0.044922 0.131944
1 0.120117 0.534722 0.052734 0.145833
1 0.038086 0.677083 0.072266 0.180556
1 0.950195 0.611111 0.056641 0.173611
1 0.841797 0.281250 0.031250 0.069444
1 0.737305 0.315972 0.021484 0.090278
1 0.713867 0.177083 0.025391 0.062500
1 0.223633 0.230903 0.017578 0.059028
1 0.192383 0.185764 0.005859 0.038194
1 0.202148 0.166667 0.009766 0.041667
1 0.214844 0.157986 0.007812 0.038194
1 0.226562 0.157986 0.007812 0.038194
1 0.240234 0.159722 0.011719 0.041667
1 0.192383 0.154514 0.009766 0.038194
