1 0.338750 0.493333 0.037500 0.137778
1 0.468125 0.634444 0.048750 0.211111
1 0.621875 0.614444 0.048750 0.188889
1 0.710000 0.726667 0.060000 0.226667
1 0.103125 0.897778 0.116250 0.195556
1 0.692500 0.396667 0.057500 0.108889
1 0.684375 0.370000 0.046250 0.091111
1 0.403750 0.277778 0.037500 0.057778
1 0.585625 0.242222 0.016250 0.075556
1 0.569375 0.243333 0.016250 0.060000
1 0.550625 0.244444 0.011250 0.044444
1 0.544375 0.235556 0.013750 0.044444
1 0.527500 0.248889 0.012500 0.044444
1 0.533125 0.241111 0.011250 0.046667
1 0.513125 0.245556 0.011250 0.051111
1 0.498750 0.253333 0.010000 0.053333
1 0.645625 0.242222 0.013750 0.048889
1 0.621875 0.186667 0.006250 0.026667
1 0.651250 0.224444 0.012500 0.048889
