0 0.388672 0.465278 0.132812 0.131944
1 0.540039 0.281250 0.017578 0.062500
1 0.519531 0.281250 0.019531 0.062500
1 0.507812 0.239583 0.015625 0.048611
1 0.461914 0.234375 0.017578 0.045139
1 0.537109 0.223958 0.019531 0.052083
1 0.554688 0.215278 0.015625 0.041667
1 0.587891 0.206597 0.015625 0.038194
1 0.429688 0.270833 0.023438 0.055556
1 0.415039 0.258681 0.021484 0.052083
1 0.312500 0.279514 0.031250 0.079861
1 0.165039 0.328125 0.041016 0.079861
1 0.182617 0.298611 0.041016 0.062500
1 0.085938 0.340278 0.042969 0.076389
1 0.035156 0.331597 0.046875 0.072917
0 0.784180 0.295139 0.056641 0.069444
0 0.741211 0.244792 0.048828 0.052083
0 0.950195 0.298611 0.037109 0.055556
0 0.986328 0.184028 0.019531 0.020833
