4 0.497500 0.368889 0.152500 0.151111
0 0.074375 0.307778 0.113750 0.144444
1 0.510000 0.441111 0.075000 0.117778
1 0.318125 0.738889 0.063750 0.188889
1 0.395000 0.308889 0.040000 0.088889
1 0.035000 0.178889 0.025000 0.060000
1 0.016875 0.158889 0.018750 0.051111
1 0.065000 0.165556 0.017500 0.055556
1 0.053750 0.127778 0.017500 0.051111
1 0.088125 0.148889 0.016250 0.048889
1 0.108125 0.190000 0.016250 0.060000
1 0.148125 0.227778 0.023750 0.064444
1 0.181875 0.190000 0.021250 0.060000
1 0.231875 0.218889 0.023750 0.060000
2 0.096875 0.608889 0.036250 0.151111
1 0.168750 0.588889 0.050000 0.137778
1 0.189375 0.518889 0.038750 0.131111
1 0.601875 0.890000 0.101250 0.202222
1 0.620625 0.478889 0.073750 0.108889
1 0.656250 0.520000 0.080000 0.120000
1 0.681250 0.437778 0.062500 0.106667
1 0.758750 0.528889 0.080000 0.120000
1 0.865625 0.556667 0.076250 0.122222
1 0.860625 0.497778 0.076250 0.115556
1 0.861875 0.328889 0.051250 0.088889
1 0.917500 0.367778 0.047500 0.095556
1 0.322500 0.257778 0.030000 0.080000
1 0.948125 0.937778 0.096250 0.097778
