1 0.794922 0.489583 0.039062 0.145833
1 0.838867 0.442708 0.033203 0.128472
1 0.767578 0.399306 0.031250 0.118056
1 0.813477 0.289931 0.029297 0.093750
1 0.833984 0.218750 0.019531 0.062500
1 0.873047 0.190972 0.015625 0.055556
1 0.810547 0.156250 0.011719 0.048611
1 0.850586 0.128472 0.013672 0.048611
1 0.604492 0.302083 0.021484 0.083333
1 0.626953 0.305556 0.031250 0.083333
1 0.570312 0.479167 0.031250 0.131944
0 0.648438 0.503472 0.113281 0.152778
2 0.239258 0.385417 0.021484 0.083333
1 0.067383 0.569444 0.041016 0.138889
1 0.050781 0.451389 0.035156 0.090278
1 0.106445 0.399306 0.025391 0.083333
1 0.135742 0.279514 0.013672 0.052083
1 0.125977 0.241319 0.009766 0.045139
