4 0.723750 0.341111 0.042500 0.095556
1 0.681875 0.380000 0.018750 0.075556
1 0.793125 0.271111 0.023750 0.044444
1 0.674375 0.243333 0.013750 0.042222
1 0.664375 0.222222 0.011250 0.035556
1 0.608750 0.212222 0.010000 0.033333
1 0.567500 0.202222 0.015000 0.035556
1 0.601250 0.185556 0.007500 0.024444
1 0.580625 0.180000 0.008750 0.026667
1 0.555000 0.183333 0.010000 0.033333
1 0.568750 0.157778 0.007500 0.022222
1 0.553750 0.157778 0.007500 0.031111
1 0.468750 0.202222 0.010000 0.035556
2 0.390625 0.212222 0.021250 0.033333
1 0.317500 0.274444 0.020000 0.051111
1 0.215000 0.228889 0.010000 0.040000
1 0.220625 0.420000 0.023750 0.084444
1 0.170625 0.424444 0.028750 0.093333
