3 0.739258 0.354167 0.162109 0.173611
0 0.649414 0.239583 0.072266 0.062500
0 0.555664 0.071181 0.017578 0.024306
3 0.580078 0.050347 0.015625 0.024306
0 0.176758 0.074653 0.013672 0.017361
0 0.221680 0.098958 0.021484 0.024306
1 0.194336 0.107639 0.005859 0.027778
1 0.186523 0.175347 0.013672 0.052083
1 0.189453 0.270833 0.019531 0.076389
1 0.269531 0.189236 0.019531 0.065972
1 0.342773 0.253472 0.021484 0.076389
1 0.401367 0.328125 0.021484 0.093750
1 0.458008 0.220486 0.017578 0.065972
1 0.388672 0.159722 0.015625 0.041667
1 0.323242 0.131944 0.009766 0.034722
1 0.285156 0.123264 0.011719 0.031250
1 0.584961 0.461806 0.044922 0.145833
1 0.604492 0.612847 0.068359 0.184028
1 0.598633 0.152778 0.013672 0.048611
1 0.694336 0.175347 0.021484 0.052083
1 0.698242 0.206597 0.017578 0.052083
1 0.438477 0.128472 0.005859 0.034722
1 0.455078 0.125000 0.007812 0.027778
1 0.477539 0.130208 0.009766 0.031250
1 0.493164 0.126736 0.009766 0.031250
1 0.514648 0.126736 0.009766 0.031250
1 0.526367 0.123264 0.009766 0.031250
1 0.520508 0.100694 0.005859 0.027778
1 0.482422 0.100694 0.007812 0.027778
