2 0.159375 0.815556 0.111250 0.182222
1 0.055000 0.534444 0.077500 0.117778
1 0.556250 0.448889 0.052500 0.097778
1 0.477500 0.395556 0.050000 0.088889
1 0.400000 0.218889 0.017500 0.055556
0 0.542500 0.203333 0.032500 0.055556
0 0.496875 0.177778 0.031250 0.044444
0 0.552500 0.136667 0.022500 0.037778
1 0.436875 0.170000 0.008750 0.046667
1 0.460000 0.166667 0.010000 0.048889
1 0.475000 0.168889 0.012500 0.044444
1 0.358125 0.446667 0.058750 0.102222
1 0.325000 0.504444 0.067500 0.115556
1 0.862500 0.936667 0.052500 0.126667
2 0.806250 0.698889 0.037500 0.153333
1 0.710000 0.705556 0.052500 0.153333
1 0.701250 0.635556 0.052500 0.146667
1 0.813750 0.612222 0.047500 0.157778
1 0.815625 0.522222 0.036250 0.120000
2 0.951250 0.593333 0.035000 0.128889
1 0.708125 0.362222 0.038750 0.084444
1 0.656250 0.106667 0.007500 0.026667
1 0.645000 0.080000 0.005000 0.022222
