1 0.529375 0.692222 0.078750 0.153333
1 0.514375 0.626667 0.076250 0.133333
1 0.307500 0.790000 0.110000 0.166667
1 0.261875 0.723333 0.101250 0.148889
1 0.035625 0.858889 0.068750 0.153333
1 0.558750 0.440000 0.052500 0.097778
1 0.577500 0.383333 0.050000 0.086667
1 0.491875 0.376667 0.046250 0.082222
1 0.444375 0.458889 0.058750 0.108889
1 0.405000 0.436667 0.057500 0.100000
1 0.370625 0.378889 0.043750 0.086667
1 0.488125 0.314444 0.026250 0.077778
1 0.546875 0.301111 0.026250 0.068889
1 0.593750 0.250000 0.015000 0.064444
0 0.544375 0.171111 0.031250 0.057778
0 0.531250 0.097778 0.020000 0.035556
1 0.905625 0.744444 0.048750 0.182222
1 0.808125 0.637778 0.038750 0.146667
1 0.875625 0.583333 0.041250 0.148889
1 0.808750 0.561111 0.037500 0.144444
1 0.815625 0.406667 0.046250 0.093333
1 0.750625 0.428889 0.041250 0.106667
1 0.736875 0.398889 0.046250 0.091111
1 0.728125 0.376667 0.046250 0.086667
1 0.751875 0.332222 0.041250 0.068889
1 0.790000 0.348889 0.045000 0.080000
1 0.801250 0.334444 0.042500 0.068889
1 0.858750 0.358889 0.040000 0.082222
1 0.947500 0.427778 0.030000 0.100000
1 0.945000 0.314444 0.037500 0.068889
1 0.971875 0.330000 0.026250 0.068889
1 0.956250 0.292222 0.025000 0.068889
1 0.869375 0.227778 0.031250 0.051111
1 0.640000 0.085556 0.005000 0.024444
