0 0.811875 0.630000 0.238750 0.233333
1 0.836250 0.325556 0.047500 0.086667
1 0.870625 0.358889 0.038750 0.095556
1 0.907500 0.338889 0.037500 0.082222
1 0.923750 0.371111 0.032500 0.097778
1 0.958125 0.343333 0.038750 0.073333
1 0.977500 0.371111 0.040000 0.088889
1 0.986875 0.428889 0.021250 0.111111
1 0.863750 0.517778 0.065000 0.111111
1 0.757500 0.678889 0.085000 0.157778
1 0.735625 0.456667 0.063750 0.113333
1 0.614375 0.423333 0.056250 0.100000
1 0.613750 0.564444 0.072500 0.173333
1 0.621875 0.754444 0.083750 0.144444
1 0.660000 0.897778 0.085000 0.195556
1 0.445000 0.932222 0.120000 0.126667
1 0.368125 0.830000 0.116250 0.148889
1 0.463125 0.778889 0.103750 0.157778
1 0.462500 0.713333 0.097500 0.155556
1 0.321875 0.735556 0.086250 0.155556
1 0.218750 0.900000 0.122500 0.191111
1 0.199375 0.738889 0.081250 0.184444
1 0.091250 0.825556 0.137500 0.171111
1 0.120000 0.701111 0.040000 0.171111
1 0.220625 0.566667 0.051250 0.133333
1 0.208750 0.508889 0.067500 0.124444
1 0.309375 0.281111 0.033750 0.086667
1 0.189375 0.237778 0.028750 0.075556
1 0.140625 0.190000 0.021250 0.060000
1 0.094375 0.306667 0.028750 0.088889
1 0.084375 0.145556 0.018750 0.051111
1 0.060000 0.165556 0.020000 0.055556
1 0.023750 0.168889 0.022500 0.062222
1 0.011875 0.418889 0.021250 0.100000
1 0.365000 0.641111 0.077500 0.162222
1 0.318125 0.560000 0.053750 0.133333
1 0.403750 0.302222 0.032500 0.075556
1 0.421250 0.350000 0.040000 0.100000
1 0.473750 0.340000 0.040000 0.088889
1 0.543125 0.352222 0.051250 0.091111
1 0.448125 0.450000 0.073750 0.113333
1 0.512500 0.521111 0.065000 0.131111
1 0.524375 0.490000 0.043750 0.131111
1 0.365625 0.415556 0.061250 0.111111
3 0.038125 0.086667 0.051250 0.057778
