1 0.395625 0.447778 0.038750 0.073333
1 0.406875 0.418889 0.021250 0.060000
1 0.351875 0.347778 0.016250 0.042222
1 0.380625 0.321111 0.016250 0.037778
1 0.401250 0.545556 0.047500 0.108889
1 0.497500 0.367778 0.017500 0.046667
1 0.201875 0.497778 0.038750 0.093333
1 0.123125 0.487778 0.023750 0.082222
1 0.146875 0.360000 0.008750 0.048889
1 0.155000 0.350000 0.007500 0.042222
1 0.234375 0.326667 0.011250 0.035556
1 0.156250 0.328889 0.010000 0.040000
1 0.060625 0.391111 0.016250 0.057778
2 0.604375 0.477778 0.021250 0.080000
1 0.548125 0.406667 0.021250 0.057778
1 0.618125 0.366667 0.013750 0.040000
1 0.685000 0.352222 0.010000 0.037778
1 0.725000 0.351111 0.007500 0.031111
1 0.867500 0.431111 0.012500 0.057778
1 0.837500 0.378889 0.010000 0.037778
1 0.815625 0.337778 0.008750 0.031111
1 0.797500 0.346667 0.007500 0.031111
1 0.787500 0.326667 0.007500 0.026667
1 0.766250 0.310000 0.005000 0.020000
1 0.751875 0.296667 0.003750 0.015556
1 0.741250 0.291111 0.007500 0.017778
1 0.759375 0.286667 0.003750 0.013333
0 0.265625 0.312222 0.031250 0.037778
0 0.221875 0.316667 0.031250 0.028889
0 0.912500 0.443333 0.050000 0.064444
0 0.475625 0.326667 0.058750 0.040000
0 0.075625 0.362222 0.043750 0.057778
0 0.025000 0.404444 0.042500 0.066667
