1 0.512695 0.501736 0.048828 0.211806
1 0.594727 0.519097 0.056641 0.225694
1 0.612305 0.463542 0.056641 0.190972
1 0.666992 0.494792 0.052734 0.190972
1 0.556641 0.840278 0.082031 0.312500
1 0.733398 0.586806 0.064453 0.236111
1 0.743164 0.479167 0.048828 0.194444
1 0.806641 0.482639 0.058594 0.187500
1 0.438477 0.421875 0.041016 0.170139
2 0.367188 0.310764 0.031250 0.142361
1 0.554688 0.215278 0.031250 0.111111
1 0.476562 0.213542 0.031250 0.107639
1 0.402344 0.196181 0.027344 0.107639
1 0.462891 0.152778 0.050781 0.090278
2 0.532227 0.142361 0.052734 0.090278
1 0.587891 0.180556 0.054688 0.090278
1 0.550781 0.107639 0.019531 0.062500
1 0.513672 0.119792 0.019531 0.065972
1 0.495117 0.097222 0.013672 0.055556
1 0.582031 0.076389 0.011719 0.048611
1 0.681641 0.123264 0.042969 0.065972
4 0.813477 0.119792 0.103516 0.079861
0 0.822266 0.152778 0.105469 0.083333
0 0.875977 0.201389 0.083984 0.097222
1 0.916016 0.237847 0.050781 0.100694
1 0.820312 0.189236 0.023438 0.100694
1 0.803711 0.173611 0.029297 0.090278
