4 0.328125 0.360000 0.061250 0.088889
0 0.255000 0.292222 0.032500 0.042222
0 0.210625 0.326667 0.033750 0.057778
0 0.234375 0.371111 0.046250 0.075556
0 0.308125 0.515556 0.078750 0.128889
4 0.905000 0.861111 0.180000 0.260000
1 0.769375 0.920000 0.096250 0.151111
1 0.454375 0.614444 0.038750 0.117778
1 0.549375 0.518889 0.031250 0.086667
0 0.499375 0.432222 0.071250 0.068889
1 0.456250 0.438889 0.020000 0.068889
1 0.310625 0.785556 0.041250 0.166667
1 0.238750 0.710000 0.032500 0.131111
1 0.138750 0.366667 0.012500 0.057778
1 0.151250 0.267778 0.007500 0.028889
