3 0.204102 0.142361 0.037109 0.083333
1 0.306641 0.154514 0.023438 0.045139
1 0.285156 0.157986 0.011719 0.038194
1 0.263672 0.159722 0.011719 0.048611
1 0.246094 0.156250 0.011719 0.034722
1 0.237305 0.168403 0.009766 0.045139
1 0.192383 0.199653 0.017578 0.045139
1 0.199219 0.232639 0.019531 0.048611
1 0.325195 0.342014 0.021484 0.093750
1 0.188477 0.597222 0.048828 0.173611
1 0.375000 0.875000 0.062500 0.236111
1 0.588867 0.494792 0.044922 0.156250
1 0.535156 0.250000 0.019531 0.076389
1 0.466797 0.218750 0.019531 0.062500
1 0.411133 0.168403 0.013672 0.045139
1 0.429688 0.142361 0.011719 0.034722
1 0.457031 0.112847 0.007812 0.031250
1 0.497070 0.090278 0.005859 0.020833
1 0.518555 0.090278 0.005859 0.027778
3 0.557617 0.118056 0.029297 0.048611
1 0.594727 0.125000 0.009766 0.034722
1 0.606445 0.090278 0.005859 0.027778
1 0.832031 0.277778 0.027344 0.069444
1 0.907227 0.289931 0.041016 0.072917
1 0.919922 0.246528 0.015625 0.062500
1 0.950195 0.236111 0.013672 0.062500
1 0.949219 0.185764 0.011719 0.052083
