3 0.592500 0.383333 0.060000 0.086667
3 0.217500 0.450000 0.075000 0.171111
3 0.206875 0.265556 0.021250 0.042222
1 0.386875 0.407778 0.021250 0.060000
1 0.247500 0.320000 0.017500 0.031111
1 0.231250 0.304444 0.010000 0.026667
1 0.215625 0.298889 0.006250 0.024444
1 0.219375 0.293333 0.006250 0.022222
1 0.134375 0.320000 0.006250 0.026667
1 0.138125 0.337778 0.008750 0.031111
1 0.105625 0.487778 0.048750 0.077778
0 0.131875 0.388889 0.043750 0.066667
1 0.448750 0.367778 0.015000 0.042222
1 0.485000 0.387778 0.015000 0.051111
1 0.540625 0.350000 0.018750 0.033333
1 0.556875 0.376667 0.016250 0.042222
1 0.686250 0.460000 0.015000 0.066667
1 0.814375 0.354444 0.008750 0.028889
1 0.706875 0.344444 0.008750 0.031111
0 0.793750 0.335556 0.017500 0.026667
1 0.712500 0.813333 0.040000 0.168889
1 0.796875 0.785556 0.038750 0.157778
