1 0.525000 0.272222 0.017500 0.077778
1 0.636875 0.298889 0.021250 0.073333
1 0.625625 0.407778 0.023750 0.104444
1 0.510000 0.387778 0.022500 0.104444
1 0.455625 0.427778 0.028750 0.113333
1 0.584375 0.564444 0.026250 0.120000
1 0.602500 0.696667 0.025000 0.166667
1 0.510625 0.686667 0.031250 0.151111
1 0.453125 0.595556 0.033750 0.142222
1 0.385000 0.401111 0.025000 0.108889
1 0.401250 0.522222 0.032500 0.124444
1 0.319375 0.557778 0.031250 0.137778
1 0.341875 0.746667 0.036250 0.168889
1 0.256875 0.915556 0.046250 0.168889
1 0.086875 0.747778 0.043750 0.180000
1 0.563125 0.926667 0.036250 0.142222
1 0.615625 0.874444 0.046250 0.193333
1 0.763125 0.926667 0.041250 0.142222
1 0.803125 0.666667 0.028750 0.146667
1 0.707500 0.595556 0.027500 0.146667
1 0.658125 0.627778 0.028750 0.140000
1 0.715625 0.397778 0.021250 0.102222
