1 0.758750 0.780000 0.042500 0.164444
1 0.871250 0.678889 0.042500 0.144444
1 0.966875 0.281111 0.023750 0.060000
1 0.918125 0.316667 0.028750 0.068889
1 0.770625 0.443333 0.021250 0.108889
2 0.830625 0.403333 0.018750 0.086667
1 0.766250 0.205556 0.022500 0.042222
1 0.766875 0.285556 0.021250 0.064444
1 0.734375 0.308889 0.021250 0.066667
1 0.681875 0.214444 0.011250 0.042222
1 0.681875 0.252222 0.013750 0.060000
1 0.702500 0.244444 0.012500 0.053333
1 0.680625 0.170000 0.008750 0.042222
1 0.617500 0.174444 0.012500 0.042222
1 0.657500 0.145556 0.010000 0.042222
1 0.632500 0.142222 0.007500 0.035556
1 0.639375 0.138889 0.006250 0.033333
1 0.664375 0.116667 0.008750 0.028889
1 0.626875 0.102222 0.006250 0.026667
1 0.615625 0.066667 0.003750 0.017778
1 0.619375 0.072222 0.003750 0.020000
0 0.598750 0.124444 0.022500 0.035556
0 0.645000 0.072222 0.015000 0.020000
0 0.574375 0.038889 0.011250 0.015556
1 0.482500 0.116667 0.005000 0.024444
1 0.497500 0.091111 0.007500 0.026667
1 0.414375 0.274444 0.016250 0.073333
