1 0.714844 0.435764 0.039062 0.128472
1 0.604492 0.633681 0.044922 0.184028
1 0.599609 0.121528 0.011719 0.034722
1 0.611328 0.163194 0.011719 0.048611
1 0.607422 0.097222 0.003906 0.034722
1 0.555664 0.149306 0.013672 0.048611
1 0.540039 0.140625 0.013672 0.038194
1 0.569336 0.239583 0.013672 0.076389
1 0.585938 0.211806 0.015625 0.062500
1 0.536133 0.269097 0.021484 0.072917
1 0.507812 0.168403 0.011719 0.045139
1 0.509766 0.137153 0.007812 0.038194
1 0.489258 0.149306 0.005859 0.034722
1 0.472656 0.157986 0.011719 0.045139
1 0.456055 0.135417 0.005859 0.027778
1 0.421875 0.164931 0.011719 0.045139
1 0.399414 0.145833 0.005859 0.034722
1 0.408203 0.161458 0.007812 0.038194
1 0.377930 0.163194 0.009766 0.048611
1 0.367188 0.156250 0.007812 0.041667
1 0.437500 0.135417 0.007812 0.027778
1 0.441406 0.123264 0.007812 0.024306
0 0.514648 0.118056 0.025391 0.041667
3 0.497070 0.098958 0.013672 0.038194
1 0.252930 0.149306 0.009766 0.041667
1 0.242188 0.199653 0.015625 0.059028
1 0.229492 0.163194 0.017578 0.041667
1 0.200195 0.175347 0.017578 0.045139
1 0.179688 0.177083 0.011719 0.048611
1 0.210938 0.137153 0.011719 0.038194
1 0.109375 0.333333 0.031250 0.090278
1 0.221680 0.536458 0.048828 0.135417
1 0.264648 0.892361 0.064453 0.215278
1 0.360352 0.736111 0.044922 0.222222
1 0.378906 0.501736 0.039062 0.149306
0 0.141602 0.855903 0.267578 0.288194
1 0.492188 0.399306 0.027344 0.111111
1 0.444336 0.579861 0.033203 0.152778
1 0.514648 0.626736 0.033203 0.177083
