1 0.801250 0.706667 0.037500 0.155556
1 0.752500 0.457778 0.022500 0.102222
1 0.690000 0.347778 0.020000 0.064444
1 0.736250 0.331111 0.020000 0.062222
1 0.733125 0.276667 0.013750 0.051111
1 0.783125 0.250000 0.011250 0.037778
1 0.669375 0.235556 0.011250 0.035556
1 0.681250 0.216667 0.012500 0.033333
1 0.537500 0.175556 0.010000 0.026667
1 0.561250 0.161111 0.005000 0.033333
1 0.572500 0.170000 0.007500 0.033333
1 0.552500 0.148889 0.010000 0.031111
1 0.626250 0.230000 0.010000 0.037778
1 0.220000 0.362222 0.022500 0.080000
1 0.238125 0.247778 0.016250 0.037778
1 0.213750 0.230000 0.010000 0.037778
1 0.196875 0.227778 0.008750 0.037778
1 0.168125 0.225556 0.008750 0.037778
1 0.192500 0.207778 0.007500 0.037778
1 0.193750 0.182222 0.007500 0.031111
1 0.171875 0.206667 0.008750 0.031111
0 0.244375 0.187778 0.026250 0.033333
1 0.131250 0.341111 0.040000 0.068889
1 0.158125 0.310000 0.018750 0.060000
1 0.140000 0.310000 0.020000 0.051111
0 0.043125 0.471111 0.078750 0.124444
