0 0.556250 0.502222 0.087500 0.177778
0 0.370000 0.914444 0.327500 0.148889
0 0.078750 0.307778 0.107500 0.131111
1 0.825625 0.568889 0.056250 0.146667
1 0.844375 0.896667 0.086250 0.171111
1 0.710000 0.290000 0.050000 0.082222
1 0.328125 0.631111 0.056250 0.155556
1 0.477500 0.351111 0.057500 0.093333
1 0.409375 0.246667 0.036250 0.071111
1 0.233750 0.220000 0.022500 0.066667
1 0.028750 0.356667 0.025000 0.095556
1 0.080000 0.590000 0.077500 0.117778
1 0.016250 0.385556 0.030000 0.100000
3 0.039375 0.087778 0.051250 0.060000
