3 0.615625 0.571111 0.121250 0.102222
0 0.810000 0.458889 0.042500 0.068889
1 0.900000 0.491111 0.020000 0.057778
1 0.857500 0.446667 0.015000 0.053333
1 0.834375 0.396667 0.011250 0.046667
1 0.827500 0.370000 0.007500 0.037778
1 0.794375 0.320000 0.008750 0.031111
1 0.743750 0.337778 0.010000 0.031111
1 0.708125 0.348889 0.008750 0.031111
1 0.563750 0.385556 0.017500 0.051111
1 0.358125 0.451111 0.023750 0.071111
1 0.345625 0.338889 0.013750 0.037778
1 0.313125 0.341111 0.016250 0.037778
1 0.316875 0.330000 0.013750 0.028889
1 0.235625 0.297778 0.011250 0.022222
1 0.252500 0.311111 0.012500 0.031111
0 0.476875 0.324444 0.056250 0.035556
0 0.064375 0.371111 0.038750 0.048889
0 0.024375 0.406667 0.046250 0.066667
0 0.956250 0.473333 0.045000 0.062222
0 0.910625 0.445556 0.051250 0.068889
