0 0.874375 0.311111 0.066250 0.106667
3 0.920625 0.241111 0.038750 0.082222
1 0.983125 0.240000 0.013750 0.057778
1 0.964375 0.263333 0.016250 0.064444
1 0.983125 0.287778 0.013750 0.064444
1 0.893750 0.472222 0.030000 0.131111
1 0.838125 0.422222 0.028750 0.106667
1 0.793125 0.417778 0.028750 0.106667
1 0.783125 0.498889 0.036250 0.144444
1 0.581250 0.314444 0.045000 0.073333
1 0.603125 0.328889 0.051250 0.088889
4 0.594375 0.238889 0.096250 0.082222
1 0.268750 0.301111 0.037500 0.073333
0 0.028125 0.292222 0.053750 0.095556
1 0.043750 0.386667 0.030000 0.097778
1 0.008750 0.341111 0.015000 0.086667
