2 0.418750 0.635556 0.092500 0.186667
1 0.415625 0.297778 0.041250 0.075556
1 0.581875 0.325556 0.048750 0.082222
1 0.710000 0.224444 0.022500 0.057778
1 0.751875 0.287778 0.028750 0.068889
1 0.738125 0.697778 0.053750 0.208889
1 0.913750 0.562222 0.095000 0.155556
1 0.899375 0.387778 0.018750 0.108889
1 0.920625 0.337778 0.016250 0.084444
1 0.846250 0.267778 0.025000 0.064444
1 0.824375 0.257778 0.026250 0.062222
1 0.807500 0.248889 0.015000 0.057778
1 0.783750 0.244444 0.017500 0.053333
1 0.949375 0.247778 0.011250 0.068889
1 0.976875 0.255556 0.008750 0.062222
0 0.173125 0.404444 0.088750 0.124444
1 0.045625 0.728889 0.056250 0.208889
1 0.075000 0.433333 0.027500 0.115556
1 0.036875 0.378889 0.026250 0.095556
1 0.121875 0.270000 0.021250 0.060000
