1 0.366875 0.498889 0.033750 0.148889
1 0.526875 0.500000 0.038750 0.151111
1 0.568125 0.462222 0.031250 0.137778
0 0.591250 0.355556 0.065000 0.106667
1 0.467500 0.335556 0.020000 0.084444
1 0.517500 0.353333 0.022500 0.093333
0 0.528125 0.305556 0.061250 0.082222
1 0.563125 0.273333 0.031250 0.057778
1 0.628750 0.253333 0.012500 0.053333
1 0.664375 0.270000 0.016250 0.064444
1 0.637500 0.215556 0.010000 0.040000
1 0.633750 0.194444 0.007500 0.037778
1 0.615000 0.181111 0.007500 0.028889
1 0.559375 0.215556 0.008750 0.035556
1 0.574375 0.184444 0.008750 0.026667
1 0.832500 0.417778 0.062500 0.111111
