1 0.579375 0.435556 0.073750 0.106667
1 0.584375 0.520000 0.073750 0.120000
1 0.374375 0.522222 0.076250 0.124444
1 0.253125 0.420000 0.033750 0.120000
1 0.205625 0.210000 0.023750 0.068889
1 0.094375 0.167778 0.018750 0.060000
1 0.064375 0.258889 0.021250 0.082222
1 0.017500 0.327778 0.030000 0.091111
0 0.030625 0.165556 0.058750 0.064444
1 0.032500 0.120000 0.015000 0.031111
1 0.018750 0.125556 0.015000 0.033333
1 0.432500 0.902222 0.107500 0.182222
3 0.597500 0.906667 0.237500 0.182222
1 0.665000 0.757778 0.092500 0.160000
1 0.671250 0.356667 0.050000 0.100000
1 0.895625 0.470000 0.033750 0.126667
1 0.926250 0.340000 0.040000 0.088889
1 0.850000 0.420000 0.045000 0.102222
1 0.808750 0.398889 0.052500 0.100000
1 0.841250 0.348889 0.045000 0.088889
1 0.779375 0.380000 0.046250 0.097778
1 0.741250 0.351111 0.042500 0.088889
4 0.803750 0.520000 0.190000 0.160000
1 0.870625 0.666667 0.078750 0.155556
1 0.926875 0.826667 0.083750 0.177778
