1 0.448242 0.524306 0.041016 0.166667
1 0.416992 0.380208 0.021484 0.114583
1 0.438477 0.203125 0.013672 0.059028
1 0.393555 0.223958 0.013672 0.065972
1 0.483398 0.215278 0.017578 0.055556
1 0.508789 0.184028 0.017578 0.048611
1 0.520508 0.199653 0.013672 0.059028
1 0.545898 0.241319 0.021484 0.072917
1 0.553711 0.293403 0.029297 0.093750
1 0.242188 0.309028 0.019531 0.090278
1 0.309570 0.376736 0.025391 0.107639
1 0.290039 0.293403 0.013672 0.065972
1 0.300781 0.269097 0.019531 0.072917
1 0.190430 0.262153 0.013672 0.065972
1 0.208984 0.241319 0.011719 0.065972
1 0.199219 0.192708 0.011719 0.052083
1 0.219727 0.201389 0.009766 0.034722
1 0.233398 0.211806 0.013672 0.048611
1 0.254883 0.210069 0.013672 0.052083
1 0.266602 0.189236 0.009766 0.045139
1 0.279297 0.208333 0.011719 0.048611
1 0.291992 0.199653 0.009766 0.045139
1 0.313477 0.206597 0.017578 0.045139
1 0.315430 0.244792 0.009766 0.045139
1 0.334961 0.196181 0.009766 0.038194
1 0.345703 0.241319 0.015625 0.059028
1 0.375000 0.244792 0.015625 0.065972
1 0.351562 0.194444 0.007812 0.048611
1 0.598633 0.300347 0.029297 0.079861
1 0.613281 0.276042 0.023438 0.065972
1 0.651367 0.250000 0.025391 0.062500
1 0.659180 0.277778 0.021484 0.076389
1 0.682617 0.350694 0.041016 0.097222
1 0.704102 0.333333 0.029297 0.083333
1 0.765625 0.352431 0.042969 0.093750
1 0.750977 0.335069 0.041016 0.086806
1 0.752930 0.296875 0.041016 0.072917
1 0.724609 0.277778 0.031250 0.062500
1 0.712891 0.255208 0.039062 0.065972
1 0.699219 0.276042 0.039062 0.059028
1 0.609375 0.180556 0.027344 0.041667
1 0.638672 0.211806 0.035156 0.048611
1 0.656250 0.175347 0.031250 0.045139
1 0.688477 0.163194 0.021484 0.041667
1 0.820312 0.282986 0.042969 0.072917
1 0.849609 0.413194 0.054688 0.111111
1 0.787109 0.703125 0.070312 0.211806
1 0.903320 0.375000 0.048828 0.083333
1 0.898438 0.336806 0.050781 0.083333
1 0.946289 0.317708 0.044922 0.079861
1 0.948242 0.262153 0.017578 0.065972
1 0.956055 0.180556 0.017578 0.048611
1 0.929688 0.177083 0.015625 0.041667
1 0.952148 0.484375 0.072266 0.128472
1 0.960938 0.414931 0.070312 0.093750
0 0.517578 0.112847 0.027344 0.031250
1 0.530273 0.088542 0.005859 0.024306
1 0.480469 0.111111 0.007812 0.027778
1 0.472656 0.100694 0.007812 0.027778
0 0.247070 0.170139 0.033203 0.041667
0 0.206055 0.128472 0.033203 0.062500
0 0.182617 0.112847 0.029297 0.065972
0 0.241211 0.133681 0.021484 0.031250
