0 0.226250 0.650000 0.125000 0.242222
1 0.093125 0.607778 0.038750 0.140000
1 0.156250 0.442222 0.027500 0.102222
1 0.251875 0.258889 0.011250 0.051111
1 0.266250 0.232222 0.010000 0.042222
1 0.295625 0.212222 0.023750 0.037778
1 0.220625 0.211111 0.023750 0.040000
1 0.213750 0.207778 0.020000 0.037778
1 0.226875 0.170000 0.013750 0.020000
1 0.196875 0.220000 0.021250 0.040000
1 0.175625 0.236667 0.018750 0.042222
0 0.651250 0.827778 0.137500 0.255556
0 0.642500 0.540000 0.032500 0.120000
1 0.741250 0.540000 0.042500 0.128889
1 0.828125 0.540000 0.036250 0.111111
1 0.741875 0.380000 0.018750 0.080000
1 0.693750 0.410000 0.027500 0.091111
1 0.681875 0.381111 0.018750 0.073333
1 0.759375 0.347778 0.033750 0.068889
1 0.914375 0.380000 0.041250 0.071111
1 0.912500 0.356667 0.040000 0.064444
1 0.865625 0.291111 0.028750 0.048889
1 0.658125 0.247778 0.011250 0.046667
1 0.532500 0.296667 0.012500 0.051111
1 0.612500 0.232222 0.010000 0.037778
1 0.635625 0.222222 0.008750 0.031111
1 0.635000 0.211111 0.010000 0.031111
1 0.585000 0.227778 0.010000 0.037778
1 0.566250 0.211111 0.012500 0.035556
1 0.548125 0.212222 0.011250 0.037778
0 0.515625 0.176667 0.018750 0.024444
1 0.481875 0.208889 0.013750 0.031111
1 0.453125 0.202222 0.011250 0.031111
0 0.463750 0.175556 0.027500 0.031111
0 0.426875 0.175556 0.028750 0.022222
1 0.314375 0.207778 0.023750 0.033333
0 0.526250 0.448889 0.060000 0.102222
1 0.953750 0.900000 0.065000 0.191111
0 0.042500 0.464444 0.077500 0.128889
