0 0.793125 0.320000 0.103750 0.080000
0 0.758750 0.458889 0.107500 0.117778
0 0.911250 0.421111 0.100000 0.095556
1 0.268125 0.470000 0.036250 0.108889
1 0.296875 0.721111 0.083750 0.166667
1 0.543125 0.347778 0.041250 0.060000
1 0.535000 0.260000 0.010000 0.048889
2 0.460625 0.308889 0.031250 0.062222
0 0.548125 0.160000 0.021250 0.026667
1 0.540000 0.198889 0.015000 0.028889
1 0.492500 0.187778 0.010000 0.024444
1 0.479375 0.180000 0.011250 0.022222
1 0.375000 0.262222 0.025000 0.048889
1 0.395000 0.255556 0.020000 0.053333
1 0.235625 0.166667 0.013750 0.022222
0 0.226250 0.158889 0.032500 0.020000
1 0.140625 0.312222 0.013750 0.055556
1 0.159375 0.310000 0.021250 0.060000
1 0.120625 0.331111 0.018750 0.062222
0 0.043750 0.471111 0.080000 0.120000
