3 0.520000 0.350000 0.165000 0.140000
1 0.563750 0.430000 0.052500 0.082222
1 0.556250 0.417778 0.047500 0.075556
1 0.528125 0.401111 0.048750 0.077778
1 0.404375 0.465556 0.061250 0.091111
1 0.388750 0.422222 0.047500 0.080000
3 0.228750 0.354444 0.150000 0.122222
0 0.054375 0.282222 0.078750 0.053333
0 0.039375 0.378889 0.073750 0.064444
0 0.751875 0.325556 0.103750 0.073333
0 0.937500 0.398889 0.122500 0.095556
1 0.210000 0.452222 0.055000 0.086667
1 0.026875 0.438889 0.051250 0.077778
1 0.080000 0.447778 0.055000 0.082222
1 0.125625 0.430000 0.051250 0.073333
1 0.695625 0.913333 0.058750 0.160000
1 0.613750 0.851111 0.047500 0.191111
1 0.581250 0.740000 0.047500 0.160000
1 0.615000 0.630000 0.045000 0.126667
1 0.650000 0.767778 0.045000 0.175556
1 0.735000 0.725556 0.050000 0.157778
1 0.670000 0.615556 0.037500 0.133333
1 0.952500 0.865556 0.095000 0.148889
2 0.799375 0.612222 0.028750 0.113333
1 0.689375 0.427778 0.053750 0.077778
1 0.750000 0.455556 0.055000 0.080000
1 0.776250 0.413333 0.050000 0.075556
1 0.818125 0.428889 0.051250 0.080000
1 0.898125 0.470000 0.048750 0.086667
1 0.926250 0.455556 0.055000 0.088889
1 0.356875 0.257778 0.011250 0.048889
1 0.385625 0.236667 0.011250 0.077778
1 0.411250 0.248889 0.012500 0.044444
1 0.419375 0.231111 0.008750 0.035556
4 0.374375 0.238889 0.018750 0.055556
1 0.374375 0.212222 0.008750 0.037778
1 0.378125 0.182222 0.006250 0.031111
1 0.395625 0.171111 0.003750 0.022222
1 0.414375 0.194444 0.006250 0.028889
1 0.428750 0.162222 0.005000 0.017778
2 0.364375 0.197778 0.006250 0.031111
1 0.289375 0.218889 0.011250 0.033333
1 0.266250 0.236667 0.017500 0.033333
1 0.196875 0.253333 0.023750 0.040000
1 0.179375 0.268889 0.026250 0.044444
1 0.141875 0.264444 0.026250 0.040000
1 0.498750 0.205556 0.010000 0.033333
1 0.530625 0.195556 0.003750 0.026667
1 0.455000 0.147778 0.005000 0.020000
1 0.389375 0.155556 0.006250 0.026667
1 0.398125 0.152222 0.008750 0.024444
1 0.411875 0.173333 0.003750 0.022222
