1 0.307617 0.298611 0.021484 0.090278
1 0.212891 0.232639 0.023438 0.055556
1 0.250977 0.229167 0.017578 0.062500
1 0.203125 0.211806 0.007812 0.062500
1 0.199219 0.140625 0.011719 0.045139
1 0.221680 0.142361 0.009766 0.034722
1 0.231445 0.177083 0.009766 0.034722
1 0.331055 0.185764 0.009766 0.052083
1 0.351562 0.159722 0.007812 0.041667
1 0.382812 0.185764 0.011719 0.052083
1 0.409180 0.175347 0.013672 0.052083
1 0.021484 0.456597 0.035156 0.135417
1 0.715820 0.310764 0.021484 0.086806
1 0.840820 0.314236 0.021484 0.086806
1 0.790039 0.190972 0.029297 0.055556
1 0.497070 0.149306 0.005859 0.041667
1 0.469727 0.137153 0.005859 0.038194
0 0.517578 0.116319 0.027344 0.038194
1 0.893555 0.196181 0.021484 0.052083
