3 0.221680 0.696181 0.427734 0.586806
1 0.650391 0.930556 0.066406 0.118056
1 0.745117 0.885417 0.056641 0.187500
1 0.556641 0.588542 0.035156 0.114583
1 0.601562 0.631944 0.035156 0.125000
1 0.659180 0.564236 0.025391 0.100694
1 0.650391 0.498264 0.027344 0.100694
1 0.784180 0.651042 0.033203 0.128472
1 0.745117 0.600694 0.037109 0.125000
1 0.723633 0.508681 0.025391 0.093750
1 0.689453 0.435764 0.023438 0.079861
1 0.730469 0.407986 0.023438 0.072917
1 0.759766 0.406250 0.019531 0.069444
1 0.783203 0.520833 0.027344 0.104167
1 0.874023 0.718750 0.037109 0.152778
1 0.855469 0.572917 0.031250 0.111111
1 0.830078 0.442708 0.023438 0.079861
1 0.850586 0.390625 0.017578 0.065972
1 0.859375 0.256944 0.011719 0.034722
1 0.914062 0.211806 0.007812 0.020833
3 0.131836 0.260417 0.185547 0.138889
