0 0.444336 0.137153 0.060547 0.142361
0 0.479492 0.366319 0.111328 0.246528
1 0.405273 0.086806 0.021484 0.083333
1 0.380859 0.097222 0.019531 0.083333
1 0.351562 0.121528 0.019531 0.097222
1 0.373047 0.171875 0.023438 0.086806
1 0.371094 0.276042 0.031250 0.121528
1 0.332031 0.253472 0.027344 0.125000
1 0.301758 0.404514 0.033203 0.163194
1 0.466797 0.211806 0.019531 0.069444
1 0.497070 0.211806 0.029297 0.104167
1 0.548828 0.076389 0.027344 0.083333
1 0.581055 0.201389 0.025391 0.097222
1 0.680664 0.467014 0.041016 0.149306
1 0.391602 0.585069 0.044922 0.218750
1 0.310547 0.907986 0.050781 0.184028
1 0.427734 0.904514 0.066406 0.190972
