0 0.434570 0.112847 0.056641 0.121528
1 0.465820 0.048611 0.017578 0.069444
1 0.484375 0.092014 0.023438 0.079861
1 0.552734 0.097222 0.019531 0.069444
1 0.541992 0.293403 0.029297 0.128472
1 0.512695 0.335069 0.029297 0.142361
1 0.467773 0.324653 0.029297 0.128472
1 0.393555 0.135417 0.021484 0.076389
1 0.355469 0.142361 0.019531 0.104167
1 0.325195 0.156250 0.025391 0.104167
1 0.303711 0.263889 0.029297 0.131944
1 0.345703 0.236111 0.023438 0.111111
1 0.364258 0.279514 0.025391 0.121528
1 0.337891 0.385417 0.039062 0.152778
1 0.403320 0.211806 0.029297 0.118056
1 0.400391 0.309028 0.027344 0.118056
1 0.386719 0.383681 0.027344 0.142361
1 0.415039 0.479167 0.037109 0.173611
