0 0.427734 0.065972 0.058594 0.111111
1 0.353516 0.118056 0.019531 0.083333
1 0.388672 0.126736 0.015625 0.086806
1 0.382812 0.182292 0.023438 0.100694
1 0.333984 0.206597 0.023438 0.114583
1 0.361328 0.309028 0.027344 0.138889
1 0.405273 0.260417 0.025391 0.125000
1 0.476562 0.263889 0.027344 0.118056
1 0.571289 0.168403 0.021484 0.107639
1 0.653320 0.446181 0.037109 0.149306
1 0.487305 0.468750 0.033203 0.180556
1 0.453125 0.352431 0.031250 0.142361
1 0.400391 0.399306 0.031250 0.145833
1 0.295898 0.456597 0.033203 0.163194
1 0.364258 0.734375 0.044922 0.239583
1 0.524414 0.711806 0.052734 0.229167
1 0.674805 0.711806 0.056641 0.208333
1 0.810547 0.600694 0.058594 0.173611
1 0.777344 0.734375 0.062500 0.211806
1 0.896484 0.843750 0.082031 0.222222
