1 0.496094 0.116319 0.023438 0.086806
0 0.432617 0.055556 0.056641 0.104167
1 0.391602 0.064236 0.017578 0.065972
1 0.397461 0.105903 0.017578 0.072917
1 0.416992 0.137153 0.017578 0.079861
1 0.367188 0.072917 0.023438 0.090278
1 0.336914 0.102431 0.021484 0.072917
1 0.331055 0.152778 0.025391 0.090278
1 0.374023 0.159722 0.025391 0.097222
1 0.401367 0.210069 0.025391 0.114583
1 0.418945 0.276042 0.025391 0.121528
1 0.442383 0.182292 0.025391 0.100694
1 0.453125 0.265625 0.023438 0.114583
1 0.485352 0.180556 0.021484 0.097222
1 0.506836 0.296875 0.025391 0.135417
1 0.485352 0.401042 0.033203 0.156250
1 0.427734 0.359375 0.031250 0.135417
1 0.384766 0.348958 0.027344 0.135417
1 0.359375 0.291667 0.035156 0.131944
1 0.311523 0.348958 0.037109 0.142361
1 0.339844 0.467014 0.035156 0.177083
1 0.427734 0.498264 0.042969 0.177083
1 0.546875 0.524306 0.042969 0.187500
1 0.642578 0.394097 0.042969 0.142361
1 0.394531 0.687500 0.046875 0.215278
1 0.521484 0.815972 0.062500 0.243056
1 0.919922 0.296875 0.054688 0.093750
