1 0.333984 0.552083 0.062500 0.208333
1 0.345703 0.420139 0.039062 0.152778
1 0.379883 0.203125 0.025391 0.107639
1 0.411133 0.215278 0.021484 0.111111
1 0.333984 0.241319 0.027344 0.107639
1 0.348633 0.177083 0.021484 0.097222
1 0.331055 0.149306 0.021484 0.097222
1 0.374023 0.135417 0.021484 0.090278
1 0.363281 0.055556 0.023438 0.069444
1 0.048828 0.444444 0.093750 0.173611
3 0.477539 0.326389 0.119141 0.368056
3 0.530273 0.104167 0.076172 0.159722
3 0.449219 0.079861 0.066406 0.131944
3 0.739258 0.680556 0.208984 0.409722
