1 0.371094 0.095486 0.019531 0.086806
1 0.396484 0.086806 0.019531 0.083333
1 0.335938 0.102431 0.019531 0.079861
1 0.349609 0.135417 0.023438 0.090278
1 0.372070 0.170139 0.025391 0.097222
1 0.500977 0.203125 0.025391 0.107639
1 0.477539 0.312500 0.029297 0.131944
1 0.378906 0.260417 0.027344 0.111111
1 0.378906 0.350694 0.035156 0.145833
1 0.333984 0.256944 0.027344 0.125000
1 0.562500 0.274306 0.027344 0.125000
1 0.537109 0.345486 0.035156 0.142361
1 0.704102 0.453125 0.041016 0.149306
1 0.329102 0.595486 0.048828 0.246528
1 0.893555 0.798611 0.068359 0.194444
1 0.856445 0.899306 0.095703 0.201389
3 0.435547 0.107639 0.070312 0.208333
