0 0.406250 0.161458 0.058594 0.121528
0 0.057617 0.527778 0.111328 0.173611
1 0.529297 0.034722 0.015625 0.055556
1 0.575195 0.121528 0.021484 0.076389
1 0.464844 0.102431 0.019531 0.086806
1 0.431641 0.048611 0.015625 0.062500
1 0.337891 0.142361 0.019531 0.097222
1 0.477539 0.184028 0.021484 0.090278
1 0.486328 0.277778 0.027344 0.111111
1 0.541016 0.352431 0.031250 0.142361
1 0.366211 0.211806 0.029297 0.111111
1 0.323242 0.263889 0.025391 0.104167
1 0.296875 0.237847 0.023438 0.114583
1 0.369141 0.305556 0.027344 0.118056
1 0.324219 0.375000 0.031250 0.138889
1 0.411133 0.368056 0.033203 0.138889
1 0.480469 0.402778 0.039062 0.159722
1 0.416992 0.489583 0.033203 0.159722
1 0.371094 0.480903 0.035156 0.163194
1 0.309570 0.550347 0.044922 0.190972
1 0.518555 0.647569 0.048828 0.204861
1 0.722656 0.444444 0.042969 0.145833
1 0.211914 0.322917 0.056641 0.138889
1 0.466797 0.871528 0.050781 0.256944
1 0.400391 0.072917 0.023438 0.069444
