0 0.540039 0.182292 0.076172 0.135417
1 0.466797 0.147569 0.023438 0.100694
1 0.437500 0.076389 0.019531 0.083333
1 0.401367 0.072917 0.021484 0.069444
1 0.423828 0.111111 0.019531 0.076389
1 0.404297 0.152778 0.019531 0.090278
1 0.381836 0.131944 0.021484 0.097222
1 0.351562 0.135417 0.019531 0.083333
1 0.347656 0.182292 0.027344 0.093750
1 0.317383 0.171875 0.025391 0.107639
1 0.302734 0.277778 0.062500 0.125000
1 0.390625 0.244792 0.027344 0.114583
1 0.456055 0.223958 0.025391 0.114583
1 0.475586 0.376736 0.033203 0.149306
1 0.541016 0.456597 0.035156 0.170139
1 0.366211 0.385417 0.033203 0.145833
1 0.393555 0.487847 0.033203 0.177083
1 0.416016 0.583333 0.042969 0.187500
1 0.303711 0.574653 0.044922 0.177083
1 0.318359 0.779514 0.046875 0.239583
1 0.405273 0.819444 0.048828 0.236111
1 0.775391 0.651042 0.050781 0.184028
1 0.753906 0.798611 0.066406 0.201389
1 0.528320 0.861111 0.123047 0.277778
