1 0.464844 0.081597 0.019531 0.079861
1 0.392578 0.081597 0.023438 0.079861
1 0.365234 0.097222 0.023438 0.076389
1 0.337891 0.152778 0.027344 0.097222
1 0.314453 0.173611 0.023438 0.111111
1 0.334961 0.253472 0.037109 0.111111
1 0.371094 0.196181 0.027344 0.100694
1 0.415039 0.163194 0.021484 0.097222
1 0.433594 0.142361 0.023438 0.097222
1 0.455078 0.156250 0.023438 0.104167
1 0.516602 0.053819 0.021484 0.072917
1 0.540039 0.050347 0.021484 0.065972
1 0.480469 0.104167 0.019531 0.083333
1 0.180664 0.355903 0.060547 0.170139
1 0.682617 0.892361 0.064453 0.215278
0 0.270508 0.539931 0.248047 0.253472
