0 0.437500 0.164931 0.054688 0.121528
3 0.492188 0.376736 0.144531 0.413194
1 0.515625 0.053819 0.019531 0.072917
1 0.427734 0.079861 0.023438 0.083333
1 0.398438 0.100694 0.023438 0.083333
1 0.372070 0.137153 0.021484 0.100694
1 0.341797 0.157986 0.027344 0.107639
1 0.352539 0.256944 0.025391 0.118056
1 0.383789 0.477431 0.041016 0.184028
1 0.309570 0.493056 0.041016 0.180556
1 0.553711 0.206597 0.029297 0.093750
1 0.536133 0.083333 0.021484 0.076389
1 0.570312 0.104167 0.019531 0.083333
1 0.605469 0.190972 0.023438 0.090278
1 0.643555 0.281250 0.033203 0.111111
1 0.633789 0.498264 0.041016 0.149306
1 0.676758 0.402778 0.037109 0.125000
1 0.421875 0.729167 0.054688 0.256944
