1 0.382812 0.118056 0.023438 0.090278
1 0.436523 0.149306 0.013672 0.097222
1 0.466797 0.161458 0.019531 0.100694
1 0.424805 0.218750 0.021484 0.111111
1 0.455078 0.281250 0.023438 0.145833
1 0.558594 0.241319 0.031250 0.100694
1 0.556641 0.081597 0.019531 0.065972
1 0.563477 0.138889 0.025391 0.076389
1 0.538086 0.142361 0.025391 0.090278
1 0.606445 0.180556 0.025391 0.097222
1 0.622070 0.255208 0.029297 0.100694
1 0.579102 0.333333 0.033203 0.111111
1 0.577148 0.421875 0.037109 0.135417
1 0.368164 0.328125 0.037109 0.142361
1 0.386719 0.467014 0.035156 0.163194
1 0.312500 0.654514 0.046875 0.239583
1 0.434570 0.602431 0.044922 0.177083
1 0.518555 0.550347 0.037109 0.177083
1 0.637695 0.383681 0.041016 0.128472
1 0.649414 0.531250 0.037109 0.159722
1 0.735352 0.539931 0.048828 0.142361
1 0.736328 0.673611 0.062500 0.173611
