1 0.493125 0.925556 0.138750 0.148889
1 0.296250 0.860000 0.112500 0.177778
1 0.076875 0.798889 0.101250 0.162222
1 0.149375 0.710000 0.001250 0.002222
1 0.156875 0.585556 0.091250 0.140000
1 0.121250 0.503333 0.077500 0.117778
1 0.020000 0.292222 0.037500 0.077778
1 0.049375 0.254444 0.028750 0.077778
1 0.081250 0.286667 0.037500 0.084444
1 0.164375 0.334444 0.061250 0.082222
1 0.133750 0.316667 0.052500 0.077778
1 0.196250 0.260000 0.052500 0.071111
1 0.206250 0.294444 0.047500 0.082222
1 0.215625 0.206667 0.041250 0.057778
1 0.358750 0.217778 0.045000 0.048889
1 0.260000 0.344444 0.055000 0.093333
1 0.293125 0.321111 0.051250 0.095556
1 0.298750 0.295556 0.050000 0.080000
1 0.395000 0.343333 0.062500 0.091111
1 0.493750 0.324444 0.047500 0.084444
1 0.475625 0.203333 0.028750 0.073333
1 0.545000 0.136667 0.017500 0.051111
1 0.539375 0.224444 0.026250 0.062222
1 0.560625 0.397778 0.043750 0.097778
1 0.401250 0.553333 0.082500 0.133333
1 0.657500 0.396667 0.060000 0.095556
1 0.716250 0.422222 0.060000 0.093333
1 0.789375 0.401111 0.063750 0.091111
1 0.678125 0.475556 0.066250 0.093333
1 0.792500 0.555556 0.082500 0.111111
0 0.829375 0.276667 0.103750 0.077778
0 0.919375 0.488889 0.161250 0.142222
0 0.649375 0.602222 0.218750 0.195556
0 0.451875 0.410000 0.191250 0.117778
0 0.458750 0.494444 0.190000 0.157778
0 0.316875 0.703333 0.273750 0.237778
0 0.841875 0.806667 0.278750 0.244444
1 0.447500 0.133333 0.007500 0.035556
