1 0.599375 0.757778 0.108750 0.164444
1 0.889375 0.906667 0.123750 0.164444
1 0.855625 0.411111 0.058750 0.084444
1 0.116250 0.768889 0.105000 0.186667
1 0.380000 0.343333 0.050000 0.086667
1 0.436875 0.338889 0.061250 0.095556
1 0.396875 0.294444 0.041250 0.082222
1 0.267500 0.325556 0.052500 0.091111
1 0.191875 0.323333 0.046250 0.086667
1 0.169375 0.270000 0.046250 0.077778
1 0.062500 0.250000 0.052500 0.077778
1 0.295000 0.270000 0.042500 0.073333
1 0.355625 0.217778 0.036250 0.053333
1 0.477500 0.278889 0.030000 0.100000
1 0.541250 0.280000 0.030000 0.080000
1 0.586250 0.255556 0.025000 0.071111
1 0.576875 0.098889 0.018750 0.051111
0 0.270000 0.430000 0.177500 0.144444
0 0.418750 0.604444 0.235000 0.204444
0 0.645000 0.550000 0.167500 0.148889
0 0.560000 0.463333 0.147500 0.113333
0 0.086250 0.351111 0.137500 0.111111
0 0.075625 0.617778 0.148750 0.204444
1 0.990000 0.660000 0.020000 0.106667
1 0.220000 0.212222 0.045000 0.046667
