1 0.766875 0.667778 0.048750 0.166667
1 0.533750 0.337778 0.020000 0.102222
1 0.495625 0.240000 0.018750 0.075556
1 0.318125 0.294444 0.041250 0.095556
1 0.243750 0.333333 0.055000 0.106667
1 0.139375 0.321111 0.056250 0.108889
1 0.095000 0.664444 0.072500 0.173333
1 0.807500 0.232222 0.020000 0.091111
1 0.615625 0.188889 0.018750 0.062222
1 0.595625 0.185556 0.018750 0.064444
1 0.550625 0.156667 0.013750 0.051111
1 0.178750 0.636667 0.087500 0.162222
1 0.525625 0.068889 0.011250 0.040000
1 0.550625 0.068889 0.011250 0.035556
1 0.569375 0.060000 0.008750 0.035556
1 0.940625 0.498889 0.083750 0.108889
1 0.926250 0.447778 0.060000 0.082222
1 0.906875 0.420000 0.061250 0.080000
1 0.880625 0.393333 0.053750 0.075556
