1 0.602500 0.046667 0.007500 0.035556
1 0.618125 0.038889 0.008750 0.024444
1 0.581875 0.090000 0.011250 0.037778
1 0.580000 0.162222 0.015000 0.057778
1 0.521250 0.343333 0.055000 0.086667
1 0.444375 0.395556 0.061250 0.088889
1 0.416875 0.344444 0.051250 0.084444
1 0.303125 0.296667 0.053750 0.082222
1 0.214375 0.301111 0.043750 0.082222
1 0.275000 0.354444 0.060000 0.091111
1 0.133125 0.335556 0.048750 0.088889
1 0.018125 0.281111 0.031250 0.082222
1 0.030000 0.273333 0.042500 0.066667
1 0.581875 0.427778 0.091250 0.095556
1 0.821875 0.374444 0.046250 0.086667
1 0.796250 0.450000 0.055000 0.095556
1 0.522500 0.682222 0.090000 0.133333
1 0.310625 0.741111 0.108750 0.157778
1 0.196875 0.822222 0.113750 0.173333
1 0.550000 0.893333 0.132500 0.155556
1 0.406875 0.913333 0.121250 0.173333
1 0.710625 0.944444 0.111250 0.111111
1 0.696250 0.850000 0.117500 0.153333
1 0.585625 0.792222 0.103750 0.157778
1 0.621875 0.750000 0.086250 0.144444
1 0.724375 0.707778 0.106250 0.122222
1 0.790000 0.755556 0.087500 0.146667
1 0.840000 0.808889 0.110000 0.137778
1 0.844375 0.915556 0.118750 0.151111
1 0.948750 0.775556 0.095000 0.155556
0 0.698125 0.623333 0.246250 0.202222
1 0.619375 0.504444 0.103750 0.102222
0 0.219375 0.572222 0.243750 0.206667
3 0.904375 0.511111 0.191250 0.204444
