1 0.315000 0.800000 0.120000 0.155556
1 0.330000 0.724444 0.100000 0.151111
1 0.492500 0.712222 0.095000 0.144444
1 0.616250 0.926667 0.075000 0.137778
1 0.026875 0.746667 0.051250 0.142222
1 0.113750 0.652222 0.090000 0.157778
1 0.040000 0.438889 0.070000 0.104444
1 0.098125 0.277778 0.046250 0.075556
1 0.219375 0.204444 0.038750 0.053333
1 0.356875 0.220000 0.041250 0.040000
1 0.530625 0.123333 0.011250 0.051111
1 0.551875 0.094444 0.013750 0.051111
1 0.565000 0.078889 0.012500 0.037778
1 0.583125 0.080000 0.008750 0.044444
1 0.903750 0.418889 0.067500 0.082222
0 0.975000 0.554444 0.050000 0.113333
0 0.987500 0.464444 0.025000 0.062222
0 0.596250 0.648889 0.230000 0.213333
0 0.944375 0.755556 0.111250 0.248889
0 0.111875 0.396667 0.143750 0.122222
0 0.661250 0.172222 0.062500 0.064444
1 0.448750 0.134444 0.012500 0.037778
