1 0.584375 0.938889 0.111250 0.122222
1 0.274375 0.796667 0.106250 0.171111
1 0.026875 0.684444 0.051250 0.155556
1 0.528125 0.450000 0.073750 0.104444
1 0.610625 0.402222 0.068750 0.102222
1 0.755625 0.450000 0.068750 0.113333
1 0.833125 0.405556 0.063750 0.091111
1 0.218125 0.207778 0.038750 0.055556
1 0.356250 0.220000 0.040000 0.053333
1 0.446875 0.132222 0.016250 0.051111
1 0.543750 0.230000 0.020000 0.068889
1 0.571875 0.200000 0.021250 0.075556
1 0.853125 0.280000 0.048750 0.075556
0 0.494375 0.330000 0.091250 0.122222
0 0.566250 0.694444 0.267500 0.237778
0 0.056875 0.538889 0.103750 0.206667
