1 0.376250 0.583333 0.040000 0.166667
1 0.566250 0.712222 0.035000 0.171111
1 0.610000 0.647778 0.032500 0.157778
1 0.673750 0.642222 0.040000 0.155556
1 0.756250 0.606667 0.037500 0.155556
1 0.678125 0.488889 0.031250 0.124444
1 0.619375 0.462222 0.028750 0.120000
1 0.551250 0.553333 0.035000 0.146667
1 0.509375 0.474444 0.026250 0.126667
1 0.583750 0.415556 0.020000 0.111111
1 0.568125 0.363333 0.023750 0.104444
1 0.473750 0.331111 0.025000 0.097778
1 0.644375 0.383333 0.026250 0.091111
1 0.673125 0.325556 0.026250 0.091111
1 0.601875 0.292222 0.023750 0.091111
1 0.571875 0.276667 0.021250 0.077778
2 0.823125 0.301111 0.028750 0.077778
1 0.528750 0.257778 0.022500 0.075556
1 0.538125 0.220000 0.016250 0.053333
1 0.592500 0.238889 0.025000 0.068889
1 0.626250 0.217778 0.022500 0.071111
1 0.589375 0.193333 0.023750 0.071111
1 0.545625 0.177778 0.021250 0.062222
1 0.550000 0.123333 0.017500 0.073333
1 0.573125 0.112222 0.016250 0.055556
1 0.591250 0.117778 0.012500 0.044444
1 0.531250 0.093333 0.015000 0.044444
1 0.543750 0.072222 0.015000 0.042222
1 0.308750 0.238889 0.050000 0.086667
1 0.618750 0.083333 0.020000 0.051111
1 0.588750 0.073333 0.017500 0.040000
0 0.372500 0.412222 0.080000 0.122222
