1 0.603125 0.847778 0.033750 0.188889
1 0.801250 0.856667 0.052500 0.188889
1 0.766875 0.695556 0.038750 0.146667
1 0.412500 0.708889 0.042500 0.160000
1 0.209375 0.721111 0.043750 0.171111
1 0.017500 0.566667 0.032500 0.142222
1 0.221250 0.205556 0.047500 0.060000
1 0.355625 0.221111 0.041250 0.055556
1 0.450625 0.133333 0.008750 0.044444
1 0.480000 0.143333 0.015000 0.060000
1 0.351875 0.606667 0.033750 0.151111
1 0.506250 0.573333 0.037500 0.142222
1 0.571875 0.527778 0.028750 0.126667
1 0.695000 0.494444 0.032500 0.126667
1 0.596250 0.480000 0.030000 0.120000
1 0.641875 0.395556 0.028750 0.111111
1 0.662500 0.303333 0.022500 0.077778
1 0.496250 0.442222 0.027500 0.111111
1 0.452500 0.554444 0.032500 0.140000
1 0.411875 0.488889 0.026250 0.124444
1 0.337500 0.458889 0.030000 0.117778
1 0.388125 0.372222 0.023750 0.100000
1 0.414375 0.303333 0.023750 0.082222
1 0.474375 0.298889 0.021250 0.086667
1 0.513750 0.270000 0.017500 0.082222
1 0.593750 0.268889 0.020000 0.075556
1 0.902500 0.274444 0.042500 0.064444
1 0.622500 0.241111 0.022500 0.068889
1 0.624375 0.208889 0.021250 0.066667
1 0.564375 0.211111 0.018750 0.062222
1 0.536875 0.197778 0.018750 0.066667
1 0.519375 0.103333 0.011250 0.051111
1 0.546250 0.102222 0.012500 0.044444
1 0.563750 0.103333 0.010000 0.051111
1 0.586250 0.120000 0.015000 0.053333
