1 0.478125 0.641111 0.036250 0.157778
1 0.650625 0.326667 0.023750 0.088889
1 0.530000 0.390000 0.025000 0.100000
1 0.639375 0.237778 0.021250 0.075556
1 0.594375 0.216667 0.018750 0.068889
1 0.621875 0.187778 0.018750 0.064444
1 0.580000 0.167778 0.022500 0.064444
1 0.515000 0.112222 0.012500 0.051111
1 0.550000 0.104444 0.010000 0.044444
1 0.561250 0.064444 0.010000 0.040000
1 0.570000 0.061111 0.007500 0.042222
1 0.841250 0.260000 0.037500 0.080000
1 0.356250 0.221111 0.040000 0.051111
1 0.218125 0.211111 0.041250 0.062222
0 0.033125 0.424444 0.063750 0.146667
0 0.530625 0.226667 0.046250 0.084444
0 0.535000 0.084444 0.025000 0.044444
2 0.591875 0.098889 0.011250 0.046667
1 0.580625 0.064444 0.008750 0.040000
