1 0.335625 0.896667 0.058750 0.206667
1 0.421250 0.355556 0.057500 0.093333
1 0.063125 0.236667 0.048750 0.064444
1 0.102500 0.310000 0.050000 0.091111
1 0.138125 0.274444 0.046250 0.082222
1 0.781250 0.281111 0.030000 0.077778
1 0.880000 0.385556 0.022500 0.117778
1 0.971875 0.417778 0.056250 0.093333
1 0.898750 0.276667 0.042500 0.068889
1 0.867500 0.303333 0.057500 0.064444
1 0.550625 0.110000 0.011250 0.037778
1 0.599375 0.126667 0.011250 0.040000
1 0.623125 0.115556 0.013750 0.048889
1 0.588125 0.108889 0.013750 0.040000
1 0.563750 0.082222 0.010000 0.035556
1 0.573750 0.097778 0.010000 0.035556
4 0.499375 0.142222 0.033750 0.062222
0 0.523125 0.085556 0.026250 0.051111
2 0.494375 0.075556 0.016250 0.035556
2 0.586875 0.067778 0.013750 0.037778
0 0.551250 0.061111 0.022500 0.037778
1 0.601250 0.046667 0.010000 0.035556
1 0.615625 0.030000 0.011250 0.037778
1 0.571875 0.063333 0.011250 0.028889
