1 0.178125 0.397778 0.063750 0.111111
1 0.216250 0.207778 0.037500 0.055556
1 0.355625 0.221111 0.036250 0.042222
1 0.448125 0.133333 0.011250 0.044444
1 0.569375 0.298889 0.021250 0.077778
1 0.638750 0.307778 0.047500 0.082222
1 0.732500 0.446667 0.067500 0.097778
1 0.841875 0.501111 0.066250 0.100000
1 0.870625 0.465556 0.051250 0.095556
1 0.939375 0.497778 0.063750 0.088889
1 0.949375 0.447778 0.066250 0.077778
1 0.800000 0.416667 0.060000 0.091111
1 0.853125 0.390000 0.063750 0.082222
1 0.743750 0.294444 0.047500 0.073333
1 0.821250 0.283333 0.045000 0.068889
1 0.777500 0.263333 0.042500 0.068889
1 0.672500 0.255556 0.037500 0.075556
1 0.590625 0.195556 0.016250 0.062222
1 0.561875 0.178889 0.026250 0.060000
1 0.541250 0.135556 0.020000 0.053333
1 0.586250 0.142222 0.020000 0.057778
1 0.731250 0.185556 0.030000 0.055556
1 0.553125 0.072222 0.018750 0.042222
1 0.580625 0.090000 0.016250 0.042222
1 0.592500 0.080000 0.015000 0.040000
1 0.571250 0.053333 0.015000 0.035556
0 0.467500 0.196667 0.055000 0.082222
