1 0.626250 0.228889 0.037500 0.071111
1 0.638750 0.363333 0.057500 0.091111
1 0.551250 0.266667 0.047500 0.071111
1 0.675625 0.498889 0.076250 0.082222
1 0.680625 0.433333 0.073750 0.093333
1 0.806875 0.386667 0.051250 0.093333
1 0.767500 0.398889 0.057500 0.091111
1 0.800000 0.448889 0.070000 0.102222
1 0.809375 0.237778 0.036250 0.071111
1 0.356875 0.217778 0.041250 0.048889
1 0.376250 0.263333 0.045000 0.073333
1 0.406875 0.251111 0.038750 0.080000
1 0.450000 0.321111 0.055000 0.095556
1 0.410625 0.395556 0.061250 0.097778
1 0.492500 0.386667 0.060000 0.093333
1 0.537500 0.420000 0.062500 0.106667
1 0.568750 0.377778 0.047500 0.093333
1 0.873750 0.481111 0.062500 0.086667
1 0.872500 0.434444 0.052500 0.082222
1 0.945000 0.416667 0.060000 0.082222
1 0.772500 0.586667 0.087500 0.124444
1 0.750625 0.778889 0.113750 0.148889
1 0.768750 0.870000 0.107500 0.162222
1 0.424375 0.876667 0.128750 0.202222
1 0.158125 0.836667 0.108750 0.188889
1 0.266250 0.334444 0.057500 0.095556
1 0.256875 0.295556 0.048750 0.075556
1 0.190625 0.285556 0.046250 0.082222
1 0.184375 0.251111 0.046250 0.075556
1 0.165000 0.388889 0.052500 0.102222
1 0.138125 0.354444 0.058750 0.095556
1 0.120000 0.282222 0.055000 0.088889
1 0.035625 0.367778 0.048750 0.095556
1 0.056250 0.314444 0.037500 0.082222
1 0.035000 0.280000 0.040000 0.080000
1 0.889375 0.317778 0.048750 0.084444
1 0.931875 0.302222 0.046250 0.071111
1 0.586875 0.105556 0.013750 0.046667
1 0.606875 0.117778 0.013750 0.053333
1 0.585625 0.058889 0.016250 0.046667
1 0.542500 0.092222 0.010000 0.046667
0 0.360625 0.652222 0.248750 0.228889
1 0.961875 0.836667 0.076250 0.184444
0 0.955000 0.574444 0.090000 0.157778
0 0.076875 0.693333 0.151250 0.235556
