1 0.626875 0.696667 0.046250 0.157778
1 0.746875 0.853333 0.046250 0.186667
1 0.803125 0.731111 0.043750 0.164444
1 0.532500 0.698889 0.057500 0.157778
1 0.451875 0.752222 0.041250 0.184444
1 0.379375 0.784444 0.046250 0.186667
1 0.401250 0.578889 0.052500 0.144444
1 0.331875 0.381111 0.028750 0.122222
1 0.382500 0.468889 0.030000 0.128889
1 0.558750 0.533333 0.032500 0.124444
1 0.620625 0.542222 0.033750 0.133333
1 0.731250 0.506667 0.035000 0.120000
1 0.668750 0.476667 0.035000 0.113333
1 0.623750 0.424444 0.032500 0.106667
1 0.555625 0.432222 0.036250 0.095556
1 0.511875 0.353333 0.018750 0.097778
1 0.426875 0.353333 0.028750 0.102222
1 0.398750 0.282222 0.022500 0.088889
1 0.440625 0.243333 0.023750 0.086667
1 0.476875 0.266667 0.018750 0.088889
1 0.492500 0.308889 0.017500 0.080000
1 0.539375 0.328889 0.021250 0.093333
1 0.546250 0.278889 0.020000 0.073333
1 0.466250 0.198889 0.015000 0.068889
1 0.572500 0.253333 0.015000 0.084444
1 0.596250 0.293333 0.020000 0.084444
1 0.641250 0.294444 0.017500 0.077778
1 0.682500 0.297778 0.022500 0.088889
1 0.636875 0.242222 0.018750 0.071111
1 0.620625 0.208889 0.021250 0.062222
1 0.592500 0.191111 0.025000 0.066667
1 0.521875 0.191111 0.016250 0.071111
1 0.523750 0.132222 0.015000 0.051111
1 0.533750 0.132222 0.020000 0.068889
1 0.628125 0.148889 0.026250 0.062222
1 0.668750 0.152222 0.022500 0.046667
1 0.538750 0.075556 0.012500 0.044444
0 0.770625 0.185556 0.066250 0.086667
