1 0.265625 0.793333 0.071250 0.186667
1 0.543125 0.466667 0.031250 0.142222
1 0.605625 0.397778 0.031250 0.102222
1 0.778750 0.378889 0.027500 0.095556
1 0.753125 0.320000 0.021250 0.084444
1 0.787500 0.285556 0.025000 0.091111
1 0.847500 0.301111 0.052500 0.064444
1 0.767500 0.208889 0.027500 0.066667
1 0.636875 0.280000 0.026250 0.080000
1 0.596250 0.254444 0.022500 0.073333
1 0.577500 0.232222 0.017500 0.068889
1 0.472500 0.317778 0.025000 0.084444
1 0.358125 0.225556 0.043750 0.042222
1 0.524375 0.182222 0.018750 0.066667
1 0.568125 0.192222 0.013750 0.055556
1 0.626250 0.174444 0.020000 0.060000
1 0.568750 0.162222 0.020000 0.048889
1 0.586250 0.154444 0.015000 0.051111
1 0.543750 0.138889 0.012500 0.051111
1 0.558750 0.086667 0.015000 0.062222
1 0.586875 0.093333 0.016250 0.044444
1 0.585625 0.055556 0.013750 0.031111
1 0.483750 0.265556 0.025000 0.086667
3 0.481250 0.154444 0.057500 0.122222
3 0.523125 0.305556 0.041250 0.131111
1 0.613125 0.026667 0.011250 0.035556
