1 0.530625 0.594444 0.036250 0.144444
1 0.601875 0.412222 0.028750 0.113333
1 0.512500 0.397778 0.022500 0.102222
1 0.420000 0.402222 0.027500 0.111111
1 0.478125 0.298889 0.021250 0.091111
1 0.513125 0.244444 0.016250 0.080000
1 0.533125 0.207778 0.013750 0.073333
1 0.571250 0.176667 0.015000 0.064444
1 0.609375 0.164444 0.018750 0.062222
1 0.698125 0.178889 0.028750 0.073333
1 0.840625 0.262222 0.031250 0.066667
1 0.850625 0.311111 0.046250 0.057778
1 0.868125 0.287778 0.036250 0.073333
1 0.975625 0.261111 0.028750 0.064444
1 0.519375 0.154444 0.013750 0.055556
1 0.449375 0.131111 0.023750 0.044444
1 0.356875 0.223333 0.041250 0.051111
1 0.221250 0.210000 0.045000 0.055556
1 0.555625 0.131111 0.013750 0.048889
1 0.586250 0.050000 0.017500 0.042222
1 0.553750 0.050000 0.017500 0.028889
0 0.545000 0.087778 0.035000 0.051111
