1 0.629375 0.867778 0.046250 0.197778
1 0.448750 0.778889 0.040000 0.180000
1 0.366875 0.788889 0.041250 0.182222
1 0.293750 0.786667 0.052500 0.173333
1 0.296875 0.573333 0.036250 0.151111
1 0.360625 0.558889 0.033750 0.144444
1 0.466250 0.557778 0.035000 0.133333
1 0.545000 0.487778 0.025000 0.131111
1 0.640000 0.478889 0.040000 0.126667
1 0.716875 0.564444 0.036250 0.133333
1 0.621875 0.653333 0.031250 0.155556
1 0.776875 0.918889 0.066250 0.162222
1 0.491250 0.417778 0.022500 0.111111
1 0.393125 0.385556 0.023750 0.108889
1 0.457500 0.361111 0.030000 0.095556
1 0.466875 0.287778 0.018750 0.073333
1 0.513750 0.291111 0.022500 0.080000
1 0.553125 0.304444 0.018750 0.084444
1 0.598125 0.328889 0.023750 0.093333
1 0.656875 0.350000 0.033750 0.095556
1 0.686250 0.165556 0.030000 0.055556
1 0.618750 0.206667 0.025000 0.062222
1 0.536875 0.230000 0.021250 0.068889
1 0.565625 0.194444 0.023750 0.064444
1 0.492500 0.194444 0.017500 0.064444
1 0.518750 0.206667 0.015000 0.071111
1 0.528750 0.140000 0.017500 0.057778
1 0.535000 0.102222 0.020000 0.053333
1 0.555625 0.120000 0.013750 0.053333
1 0.586875 0.090000 0.013750 0.046667
1 0.605000 0.163333 0.017500 0.055556
1 0.561875 0.086667 0.013750 0.053333
1 0.620000 0.110000 0.022500 0.055556
1 0.359375 0.218889 0.041250 0.046667
