1 0.646250 0.840000 0.055000 0.200000
1 0.506250 0.797778 0.040000 0.186667
1 0.239375 0.825556 0.053750 0.197778
1 0.435625 0.623333 0.031250 0.153333
1 0.525625 0.576667 0.043750 0.140000
1 0.600625 0.507778 0.036250 0.131111
1 0.383125 0.572222 0.038750 0.148889
1 0.606875 0.357778 0.028750 0.102222
1 0.525625 0.370000 0.026250 0.104444
1 0.573125 0.298889 0.018750 0.082222
1 0.693125 0.331111 0.023750 0.093333
1 0.440625 0.368889 0.023750 0.106667
1 0.422500 0.274444 0.020000 0.091111
1 0.503125 0.243333 0.018750 0.073333
1 0.578750 0.202222 0.017500 0.066667
1 0.624375 0.223333 0.016250 0.077778
1 0.530625 0.197778 0.021250 0.066667
1 0.524375 0.134444 0.013750 0.055556
1 0.542500 0.054444 0.012500 0.037778
1 0.553125 0.065556 0.011250 0.046667
1 0.570625 0.064444 0.013750 0.040000
1 0.616250 0.130000 0.020000 0.042222
1 0.836250 0.282222 0.032500 0.088889
1 0.924375 0.260000 0.048750 0.080000
1 0.620625 0.076667 0.013750 0.033333
1 0.305000 0.231111 0.047500 0.044444
