1 0.360000 0.845556 0.057500 0.202222
1 0.512500 0.780000 0.047500 0.186667
1 0.590625 0.673333 0.038750 0.164444
1 0.811875 0.365556 0.031250 0.091111
1 0.556250 0.515556 0.030000 0.128889
1 0.481875 0.412222 0.028750 0.104444
1 0.443750 0.337778 0.022500 0.102222
1 0.649375 0.306667 0.021250 0.075556
1 0.526250 0.298889 0.022500 0.086667
1 0.583750 0.270000 0.020000 0.082222
1 0.668125 0.261111 0.021250 0.082222
1 0.496250 0.172222 0.015000 0.060000
1 0.522500 0.188889 0.017500 0.075556
1 0.588125 0.183333 0.021250 0.064444
1 0.618750 0.192222 0.017500 0.060000
1 0.614375 0.155556 0.011250 0.048889
1 0.629375 0.147778 0.016250 0.055556
1 0.546875 0.145556 0.013750 0.060000
1 0.569375 0.143333 0.011250 0.055556
1 0.515000 0.117778 0.012500 0.053333
0 0.765000 0.181111 0.050000 0.064444
1 0.555000 0.095556 0.012500 0.040000
1 0.586875 0.104444 0.013750 0.040000
1 0.531250 0.085556 0.010000 0.042222
1 0.510000 0.100000 0.012500 0.048889
1 0.583750 0.058889 0.012500 0.042222
