1 0.504375 0.626667 0.038750 0.151111
1 0.692500 0.725556 0.045000 0.175556
1 0.741875 0.516667 0.036250 0.122222
1 0.633125 0.443333 0.023750 0.117778
1 0.505000 0.440000 0.030000 0.128889
1 0.560000 0.192222 0.022500 0.068889
0 0.495625 0.215556 0.046250 0.088889
1 0.970625 0.416667 0.058750 0.091111
1 0.602500 0.372222 0.030000 0.104444
1 0.868750 0.435556 0.065000 0.075556
1 0.876250 0.465556 0.060000 0.091111
1 0.613125 0.187778 0.021250 0.060000
2 0.598125 0.121111 0.011250 0.051111
3 0.408750 0.423333 0.135000 0.273333
1 0.517500 0.121111 0.015000 0.046667
1 0.542500 0.113333 0.010000 0.053333
1 0.580000 0.090000 0.015000 0.042222
1 0.512500 0.083333 0.012500 0.042222
1 0.531250 0.094444 0.010000 0.042222
1 0.608750 0.163333 0.017500 0.051111
