1 0.603125 0.690000 0.046250 0.157778
1 0.563125 0.896667 0.053750 0.202222
1 0.335625 0.420000 0.021250 0.128889
1 0.573125 0.511111 0.026250 0.137778
1 0.546250 0.436667 0.025000 0.122222
1 0.595000 0.387778 0.025000 0.100000
1 0.541875 0.287778 0.018750 0.086667
1 0.506875 0.285556 0.016250 0.077778
1 0.568750 0.344444 0.022500 0.097778
1 0.634375 0.237778 0.016250 0.071111
1 0.679375 0.156667 0.023750 0.060000
1 0.881875 0.385556 0.033750 0.100000
1 0.515625 0.181111 0.013750 0.060000
1 0.610625 0.198889 0.013750 0.060000
1 0.588125 0.172222 0.013750 0.055556
1 0.566250 0.180000 0.017500 0.053333
1 0.496250 0.161111 0.012500 0.051111
1 0.529375 0.122222 0.011250 0.048889
1 0.975000 0.455556 0.050000 0.088889
0 0.410625 0.470000 0.098750 0.224444
2 0.674375 0.662222 0.033750 0.168889
2 0.721250 0.425556 0.055000 0.140000
1 0.566250 0.108889 0.010000 0.044444
1 0.618750 0.072222 0.012500 0.037778
