1 0.344375 0.948889 0.066250 0.102222
1 0.695625 0.651111 0.083750 0.137778
1 0.888750 0.788889 0.100000 0.160000
1 0.693750 0.428889 0.065000 0.102222
1 0.550000 0.440000 0.070000 0.106667
1 0.527500 0.401111 0.075000 0.104444
1 0.445625 0.340000 0.043750 0.097778
1 0.351875 0.343333 0.046250 0.100000
1 0.466250 0.241111 0.045000 0.082222
1 0.645000 0.196667 0.022500 0.068889
1 0.583750 0.095556 0.017500 0.044444
1 0.358125 0.218889 0.036250 0.051111
1 0.223750 0.207778 0.047500 0.064444
3 0.103125 0.365556 0.196250 0.157778
1 0.575625 0.054444 0.021250 0.028889
1 0.614375 0.011111 0.023750 0.017778
1 0.620625 0.051111 0.013750 0.040000
1 0.591875 0.048889 0.016250 0.031111
