1 0.481250 0.726667 0.040000 0.177778
1 0.438125 0.407778 0.033750 0.113333
1 0.498750 0.303333 0.017500 0.086667
1 0.560625 0.317778 0.026250 0.097778
1 0.603125 0.307778 0.023750 0.091111
1 0.809375 0.284444 0.043750 0.075556
1 0.231250 0.308889 0.097500 0.106667
1 0.039375 0.394444 0.073750 0.108889
1 0.304375 0.232222 0.051250 0.051111
1 0.514375 0.121111 0.013750 0.055556
1 0.600625 0.148889 0.021250 0.053333
1 0.626875 0.128889 0.016250 0.044444
1 0.571250 0.063333 0.012500 0.033333
1 0.594375 0.052222 0.013750 0.046667
1 0.554375 0.058889 0.013750 0.046667
