1 0.361875 0.934444 0.051250 0.131111
1 0.503750 0.832222 0.042500 0.184444
1 0.596875 0.592222 0.036250 0.144444
1 0.501250 0.578889 0.042500 0.144444
1 0.424375 0.538889 0.036250 0.140000
1 0.410625 0.398889 0.023750 0.113333
1 0.507500 0.345556 0.020000 0.095556
1 0.595000 0.370000 0.020000 0.104444
1 0.576250 0.314444 0.022500 0.091111
1 0.535000 0.280000 0.017500 0.084444
1 0.450625 0.223333 0.026250 0.077778
1 0.219375 0.202222 0.038750 0.057778
1 0.356875 0.218889 0.038750 0.046667
1 0.487500 0.213333 0.017500 0.075556
1 0.583125 0.217778 0.018750 0.075556
1 0.536250 0.184444 0.017500 0.066667
1 0.566250 0.155556 0.017500 0.057778
1 0.595625 0.156667 0.016250 0.051111
1 0.506875 0.122222 0.011250 0.048889
1 0.550000 0.111111 0.012500 0.044444
1 0.862500 0.234444 0.025000 0.077778
1 0.623750 0.115556 0.017500 0.044444
1 0.539375 0.100000 0.013750 0.040000
1 0.448125 0.135556 0.011250 0.044444
1 0.523750 0.136667 0.012500 0.055556
1 0.606875 0.033333 0.011250 0.035556
2 0.690625 0.205556 0.018750 0.068889
2 0.644375 0.332222 0.013750 0.091111
2 0.659375 0.478889 0.018750 0.126667
