3 0.716875 0.211111 0.076250 0.106667
3 0.796875 0.180000 0.038750 0.075556
0 0.845000 0.186667 0.030000 0.053333
0 0.846250 0.154444 0.022500 0.024444
0 0.110000 0.920000 0.217500 0.160000
1 0.413125 0.664444 0.056250 0.164444
1 0.280000 0.603333 0.065000 0.157778
1 0.323750 0.480000 0.057500 0.137778
1 0.115000 0.741111 0.090000 0.202222
1 0.019375 0.294444 0.036250 0.073333
1 0.357500 0.251111 0.020000 0.044444
1 0.440000 0.244444 0.020000 0.048889
1 0.474375 0.236667 0.026250 0.051111
1 0.515625 0.240000 0.036250 0.040000
1 0.868125 0.308889 0.033750 0.093333
1 0.822500 0.422222 0.037500 0.120000
1 0.821875 0.247778 0.021250 0.064444
1 0.868750 0.224444 0.015000 0.062222
1 0.908125 0.228889 0.016250 0.062222
1 0.900625 0.195556 0.011250 0.048889
1 0.888125 0.183333 0.013750 0.055556
1 0.877500 0.173333 0.010000 0.044444
1 0.668750 0.212222 0.037500 0.037778
