0 0.103125 0.936667 0.203750 0.126667
2 0.219375 0.293333 0.033750 0.062222
1 0.393750 0.463333 0.052500 0.131111
1 0.474375 0.434444 0.033750 0.113333
1 0.568750 0.441111 0.030000 0.108889
1 0.806875 0.445556 0.038750 0.117778
1 0.591875 0.283333 0.031250 0.077778
1 0.515625 0.240000 0.041250 0.040000
1 0.473750 0.241111 0.035000 0.046667
1 0.436875 0.242222 0.028750 0.048889
1 0.357500 0.252222 0.022500 0.046667
1 0.669375 0.216667 0.033750 0.042222
1 0.746875 0.215556 0.016250 0.057778
1 0.724375 0.184444 0.018750 0.040000
1 0.858750 0.228889 0.012500 0.057778
1 0.878125 0.218889 0.011250 0.046667
1 0.925000 0.231111 0.012500 0.057778
1 0.901875 0.198889 0.011250 0.051111
1 0.883750 0.197778 0.012500 0.044444
1 0.859375 0.184444 0.011250 0.035556
