0 0.475625 0.453333 0.098750 0.155556
0 0.733125 0.224444 0.053750 0.071111
3 0.789375 0.182222 0.043750 0.084444
0 0.810000 0.166667 0.020000 0.044444
1 0.192500 0.348889 0.057500 0.080000
1 0.356250 0.341111 0.040000 0.077778
1 0.358125 0.248889 0.018750 0.048889
1 0.533125 0.371111 0.023750 0.084444
1 0.575000 0.386667 0.032500 0.115556
1 0.518125 0.241111 0.033750 0.037778
1 0.472500 0.240000 0.032500 0.044444
1 0.436875 0.241111 0.026250 0.037778
1 0.669375 0.216667 0.031250 0.046667
1 0.852500 0.402222 0.030000 0.115556
1 0.885625 0.292222 0.023750 0.082222
1 0.840000 0.251111 0.015000 0.071111
1 0.780000 0.220000 0.010000 0.048889
1 0.875625 0.205556 0.018750 0.051111
1 0.875625 0.163333 0.008750 0.037778
1 0.848125 0.172222 0.011250 0.037778
1 0.841250 0.164444 0.010000 0.035556
1 0.830000 0.168889 0.012500 0.044444
1 0.864375 0.162222 0.008750 0.035556
2 0.471250 0.334444 0.035000 0.082222
2 0.577500 0.302222 0.022500 0.066667
