1 0.542500 0.954444 0.067500 0.091111
0 0.840625 0.223333 0.038750 0.060000
0 0.858750 0.193333 0.032500 0.053333
3 0.743750 0.207778 0.040000 0.077778
1 0.426250 0.368889 0.032500 0.093333
1 0.363125 0.314444 0.036250 0.073333
1 0.229375 0.341111 0.061250 0.086667
1 0.863125 0.360000 0.033750 0.102222
1 0.656250 0.267778 0.035000 0.073333
1 0.620625 0.262222 0.041250 0.066667
1 0.561250 0.257778 0.035000 0.066667
1 0.516875 0.238889 0.033750 0.051111
1 0.473125 0.237778 0.028750 0.053333
1 0.356250 0.250000 0.020000 0.051111
1 0.806875 0.214444 0.016250 0.064444
1 0.785000 0.188889 0.012500 0.048889
1 0.813750 0.153333 0.012500 0.035556
1 0.886250 0.177778 0.012500 0.048889
1 0.671250 0.213333 0.020000 0.035556
