3 0.115000 0.464444 0.227500 0.328889
3 0.215000 0.222222 0.057500 0.066667
3 0.272500 0.207778 0.052500 0.060000
3 0.339375 0.192222 0.053750 0.055556
3 0.680000 0.154444 0.022500 0.051111
3 0.740000 0.140000 0.017500 0.044444
3 0.841875 0.126667 0.011250 0.022222
0 0.493125 0.218889 0.058750 0.051111
0 0.576250 0.188889 0.035000 0.044444
0 0.707500 0.166667 0.020000 0.026667
0 0.779375 0.176667 0.026250 0.033333
0 0.827500 0.192222 0.025000 0.033333
0 0.802500 0.161111 0.020000 0.024444
0 0.807500 0.128889 0.005000 0.013333
3 0.760625 0.131111 0.016250 0.031111
3 0.778750 0.136667 0.015000 0.028889
1 0.386250 0.782222 0.102500 0.222222
1 0.445625 0.540000 0.058750 0.151111
1 0.723125 0.434444 0.038750 0.122222
1 0.880625 0.403333 0.036250 0.100000
1 0.853750 0.314444 0.032500 0.082222
1 0.953750 0.201111 0.010000 0.037778
1 0.301250 0.601111 0.107500 0.175556
1 0.205000 0.676667 0.100000 0.184444
1 0.324375 0.227778 0.021250 0.033333
1 0.195000 0.238889 0.017500 0.033333
1 0.111875 0.261111 0.023750 0.046667
1 0.411875 0.197778 0.011250 0.022222
1 0.466875 0.193333 0.011250 0.022222
1 0.532500 0.190000 0.005000 0.028889
1 0.540000 0.181111 0.005000 0.024444
1 0.551250 0.176667 0.007500 0.020000
1 0.615000 0.158889 0.002500 0.020000
1 0.622500 0.160000 0.005000 0.017778
1 0.631250 0.157778 0.005000 0.022222
1 0.931875 0.220000 0.011250 0.044444
1 0.959375 0.164444 0.003750 0.022222
1 0.993125 0.236667 0.011250 0.046667
