0 0.494375 0.834444 0.216250 0.331111
3 0.886250 0.177778 0.057500 0.071111
3 0.851875 0.166667 0.036250 0.057778
3 0.810625 0.137778 0.026250 0.062222
3 0.826875 0.113333 0.026250 0.044444
3 0.851250 0.107778 0.027500 0.037778
3 0.673125 0.236667 0.048750 0.073333
1 0.923750 0.915556 0.107500 0.168889
1 0.719375 0.887778 0.053750 0.224444
1 0.650625 0.947778 0.091250 0.104444
1 0.761250 0.731111 0.050000 0.200000
1 0.688125 0.724444 0.051250 0.195556
1 0.846250 0.750000 0.067500 0.211111
1 0.041250 0.558889 0.077500 0.144444
1 0.555625 0.545556 0.058750 0.153333
1 0.792500 0.577778 0.042500 0.137778
1 0.888750 0.550000 0.040000 0.148889
1 0.764375 0.494444 0.036250 0.140000
1 0.689375 0.431111 0.041250 0.115556
1 0.432500 0.468889 0.042500 0.120000
1 0.323125 0.346667 0.033750 0.097778
1 0.545000 0.340000 0.042500 0.093333
1 0.435625 0.237778 0.021250 0.048889
1 0.473125 0.240000 0.033750 0.053333
1 0.513125 0.237778 0.041250 0.053333
1 0.358750 0.254444 0.020000 0.037778
1 0.707500 0.351111 0.027500 0.084444
1 0.766875 0.300000 0.031250 0.088889
1 0.804375 0.423333 0.033750 0.113333
1 0.899375 0.433333 0.026250 0.111111
1 0.869375 0.388889 0.026250 0.106667
1 0.913750 0.332222 0.025000 0.091111
1 0.816875 0.334444 0.026250 0.082222
1 0.821875 0.284444 0.026250 0.066667
1 0.730000 0.250000 0.020000 0.060000
1 0.742500 0.217778 0.015000 0.057778
1 0.758750 0.200000 0.015000 0.053333
1 0.775000 0.187778 0.010000 0.037778
1 0.791875 0.188889 0.013750 0.048889
1 0.815625 0.168889 0.011250 0.044444
1 0.835625 0.163333 0.016250 0.046667
