3 0.505625 0.253333 0.153750 0.137778
0 0.935625 0.258889 0.106250 0.082222
3 0.904375 0.177778 0.093750 0.088889
3 0.820625 0.127778 0.026250 0.055556
3 0.837500 0.114444 0.020000 0.051111
3 0.855000 0.107778 0.022500 0.037778
3 0.139375 0.280000 0.168750 0.137778
1 0.522500 0.812222 0.055000 0.220000
1 0.638125 0.753333 0.046250 0.191111
1 0.668750 0.914444 0.072500 0.171111
1 0.770000 0.938889 0.062500 0.122222
1 0.892500 0.940000 0.075000 0.120000
1 0.751875 0.646667 0.058750 0.186667
1 0.806875 0.532222 0.038750 0.162222
1 0.727500 0.507778 0.037500 0.148889
1 0.658750 0.308889 0.050000 0.093333
1 0.775625 0.245556 0.041250 0.068889
1 0.623750 0.254444 0.042500 0.051111
1 0.665625 0.214444 0.036250 0.051111
1 0.510625 0.325556 0.061250 0.086667
1 0.405000 0.318889 0.055000 0.082222
1 0.375000 0.257778 0.035000 0.066667
1 0.418125 0.260000 0.036250 0.071111
1 0.026875 0.450000 0.051250 0.104444
1 0.965625 0.294444 0.046250 0.086667
1 0.871875 0.243333 0.033750 0.064444
1 0.858125 0.212222 0.016250 0.055556
1 0.854375 0.175556 0.011250 0.040000
1 0.810000 0.177778 0.027500 0.044444
