3 0.347500 0.312222 0.160000 0.140000
0 0.739375 0.213333 0.078750 0.075556
0 0.799375 0.203333 0.036250 0.055556
1 0.243750 0.336667 0.055000 0.082222
1 0.438125 0.243333 0.023750 0.046667
1 0.473750 0.237778 0.030000 0.048889
1 0.516875 0.243333 0.036250 0.046667
1 0.201250 0.917778 0.115000 0.164444
1 0.626250 0.935556 0.067500 0.128889
1 0.706875 0.933333 0.068750 0.133333
1 0.796250 0.937778 0.065000 0.124444
1 0.843750 0.238889 0.020000 0.068889
1 0.876875 0.167778 0.013750 0.046667
1 0.866875 0.158889 0.008750 0.033333
1 0.746875 0.235556 0.016250 0.062222
1 0.726250 0.230000 0.015000 0.064444
1 0.796875 0.163333 0.008750 0.033333
1 0.770625 0.175556 0.008750 0.031111
1 0.668750 0.215556 0.035000 0.040000
