4 0.885625 0.381111 0.218750 0.166667
3 0.893750 0.304444 0.212500 0.155556
3 0.629375 0.253333 0.158750 0.151111
0 0.306875 0.377778 0.151250 0.120000
3 0.041875 0.361111 0.081250 0.171111
3 0.133125 0.290000 0.161250 0.140000
0 0.240000 0.284444 0.072500 0.080000
0 0.519375 0.271111 0.068750 0.080000
0 0.823750 0.201111 0.032500 0.051111
1 0.439375 0.256667 0.048750 0.060000
1 0.478750 0.250000 0.032500 0.060000
1 0.354375 0.246667 0.023750 0.040000
1 0.301875 0.856667 0.148750 0.215556
1 0.368125 0.932222 0.063750 0.135556
1 0.308750 0.968889 0.067500 0.062222
1 0.508125 0.955556 0.066250 0.088889
1 0.601250 0.946667 0.070000 0.106667
1 0.682500 0.948889 0.055000 0.097778
1 0.776875 0.955556 0.066250 0.088889
1 0.771250 0.211111 0.015000 0.048889
1 0.755625 0.206667 0.011250 0.040000
1 0.734375 0.211111 0.016250 0.053333
1 0.719375 0.217778 0.011250 0.057778
1 0.793125 0.203333 0.016250 0.055556
1 0.846250 0.210000 0.025000 0.051111
1 0.855000 0.197778 0.010000 0.040000
1 0.878125 0.210000 0.021250 0.037778
1 0.875625 0.153333 0.011250 0.031111
1 0.814375 0.163333 0.016250 0.042222
1 0.782500 0.164444 0.007500 0.040000
1 0.791250 0.157778 0.007500 0.040000
3 0.826875 0.113333 0.043750 0.053333
3 0.861875 0.100000 0.036250 0.053333
