0 0.453125 0.838889 0.191250 0.322222
0 0.976875 0.272222 0.046250 0.091111
3 0.812500 0.145556 0.040000 0.095556
3 0.845625 0.104444 0.028750 0.062222
3 0.871875 0.098889 0.026250 0.051111
1 0.272500 0.684444 0.080000 0.204444
1 0.414375 0.461111 0.046250 0.131111
1 0.352500 0.336667 0.035000 0.086667
1 0.152500 0.285556 0.042500 0.073333
1 0.118750 0.297778 0.037500 0.062222
1 0.480625 0.361111 0.038750 0.113333
1 0.520000 0.406667 0.047500 0.128889
1 0.583750 0.342222 0.032500 0.088889
1 0.578750 0.294444 0.032500 0.082222
1 0.736250 0.382222 0.027500 0.097778
1 0.765625 0.444444 0.033750 0.128889
1 0.795625 0.598889 0.036250 0.171111
1 0.860625 0.495556 0.033750 0.137778
1 0.886250 0.438889 0.030000 0.117778
1 0.866875 0.392222 0.031250 0.104444
1 0.804375 0.406667 0.033750 0.106667
1 0.842500 0.363333 0.022500 0.100000
1 0.918125 0.350000 0.026250 0.086667
1 0.905000 0.313333 0.022500 0.088889
1 0.881250 0.297778 0.022500 0.075556
1 0.840000 0.301111 0.020000 0.064444
1 0.805000 0.306667 0.025000 0.088889
1 0.831250 0.265556 0.015000 0.073333
1 0.859375 0.264444 0.018750 0.071111
1 0.850625 0.233333 0.011250 0.048889
1 0.850625 0.204444 0.008750 0.031111
1 0.879375 0.206667 0.018750 0.057778
1 0.878750 0.165556 0.017500 0.042222
1 0.781250 0.248889 0.017500 0.071111
1 0.791250 0.222222 0.015000 0.053333
1 0.812500 0.212222 0.015000 0.055556
1 0.787500 0.198889 0.012500 0.037778
1 0.776875 0.158889 0.011250 0.037778
1 0.790625 0.160000 0.011250 0.044444
1 0.735625 0.235556 0.016250 0.057778
1 0.761875 0.238889 0.011250 0.068889
1 0.770625 0.205556 0.008750 0.042222
1 0.759375 0.188889 0.011250 0.044444
1 0.357500 0.252222 0.017500 0.042222
1 0.436250 0.241111 0.020000 0.042222
1 0.473750 0.241111 0.030000 0.046667
1 0.517500 0.243333 0.032500 0.046667
2 0.018125 0.282222 0.033750 0.062222
2 0.690625 0.247778 0.043750 0.068889
1 0.706875 0.227778 0.021250 0.055556
1 0.666875 0.214444 0.031250 0.042222
