3 0.426875 0.491111 0.198750 0.355556
0 0.818750 0.187778 0.027500 0.055556
1 0.598125 0.944444 0.081250 0.111111
1 0.142500 0.698889 0.070000 0.193333
1 0.053125 0.911111 0.101250 0.177778
1 0.070625 0.277778 0.038750 0.066667
1 0.273750 0.298889 0.040000 0.073333
1 0.310000 0.336667 0.022500 0.086667
1 0.355625 0.306667 0.046250 0.084444
1 0.356250 0.248889 0.020000 0.053333
1 0.493125 0.274444 0.043750 0.073333
1 0.557500 0.277778 0.037500 0.075556
1 0.633125 0.327778 0.028750 0.091111
1 0.623750 0.298889 0.025000 0.077778
1 0.694375 0.247778 0.021250 0.068889
1 0.735625 0.241111 0.016250 0.055556
1 0.734375 0.210000 0.011250 0.055556
1 0.470625 0.240000 0.026250 0.040000
1 0.516875 0.242222 0.033750 0.040000
1 0.777500 0.176667 0.010000 0.042222
1 0.796875 0.175556 0.011250 0.044444
1 0.863750 0.178889 0.010000 0.037778
1 0.871875 0.155556 0.011250 0.031111
1 0.528125 0.364444 0.023750 0.093333
1 0.666875 0.218889 0.031250 0.046667
3 0.834375 0.103333 0.051250 0.051111
3 0.872500 0.097778 0.030000 0.053333
