3 0.358125 0.323333 0.293750 0.211111
0 0.557500 0.396667 0.177500 0.135556
0 0.686250 0.352222 0.145000 0.104444
3 0.529375 0.256667 0.193750 0.144444
0 0.823125 0.203333 0.028750 0.046667
3 0.825000 0.120000 0.037500 0.071111
3 0.852500 0.104444 0.030000 0.057778
0 0.058750 0.446667 0.115000 0.120000
1 0.510625 0.953333 0.063750 0.093333
1 0.605000 0.947778 0.067500 0.104444
1 0.680000 0.955556 0.060000 0.088889
1 0.770625 0.952222 0.061250 0.095556
1 0.740625 0.438889 0.073750 0.104444
1 0.715000 0.407778 0.057500 0.108889
1 0.476875 0.468889 0.078750 0.111111
1 0.280625 0.492222 0.081250 0.126667
1 0.122500 0.341111 0.050000 0.082222
1 0.178125 0.271111 0.043750 0.071111
1 0.025625 0.535556 0.048750 0.097778
1 0.925625 0.437778 0.058750 0.115556
1 0.853750 0.388889 0.077500 0.106667
1 0.866875 0.217778 0.028750 0.057778
1 0.854375 0.197778 0.011250 0.044444
1 0.822500 0.237778 0.040000 0.053333
1 0.729375 0.253333 0.041250 0.062222
1 0.762500 0.242222 0.027500 0.057778
1 0.755625 0.203333 0.008750 0.042222
1 0.792500 0.200000 0.010000 0.044444
1 0.786875 0.182222 0.006250 0.026667
1 0.680000 0.241111 0.045000 0.068889
1 0.623750 0.265556 0.030000 0.037778
1 0.881875 0.161111 0.008750 0.033333
1 0.862500 0.171111 0.010000 0.026667
1 0.856875 0.153333 0.006250 0.026667
1 0.873125 0.153333 0.006250 0.031111
1 0.666875 0.210000 0.026250 0.046667
