3 0.719375 0.704444 0.186250 0.466667
0 0.675625 0.458889 0.116250 0.153333
3 0.357500 0.298889 0.075000 0.091111
0 0.160000 0.297778 0.115000 0.071111
3 0.980000 0.272222 0.040000 0.162222
3 0.730625 0.221111 0.043750 0.082222
1 0.329375 0.732222 0.083750 0.215556
1 0.405625 0.582222 0.061250 0.168889
1 0.466250 0.585556 0.055000 0.175556
1 0.497500 0.448889 0.037500 0.111111
1 0.454375 0.434444 0.043750 0.108889
1 0.455625 0.390000 0.026250 0.082222
1 0.438125 0.350000 0.021250 0.077778
1 0.415000 0.330000 0.030000 0.086667
1 0.361250 0.326667 0.030000 0.080000
1 0.257500 0.255556 0.032500 0.053333
1 0.439375 0.243333 0.023750 0.042222
1 0.471250 0.236667 0.030000 0.051111
1 0.517500 0.242222 0.035000 0.048889
1 0.511250 0.387778 0.027500 0.073333
1 0.506875 0.351111 0.041250 0.084444
1 0.540625 0.318889 0.026250 0.086667
1 0.532500 0.287778 0.025000 0.064444
1 0.570625 0.335556 0.026250 0.088889
1 0.585000 0.281111 0.025000 0.064444
1 0.632500 0.314444 0.025000 0.082222
1 0.660000 0.271111 0.025000 0.071111
1 0.634375 0.266667 0.021250 0.053333
1 0.667500 0.215556 0.030000 0.044444
1 0.845000 0.337778 0.030000 0.102222
1 0.843750 0.262222 0.022500 0.080000
1 0.835000 0.208889 0.020000 0.066667
1 0.896250 0.243333 0.022500 0.073333
1 0.910625 0.210000 0.013750 0.055556
1 0.931250 0.208889 0.015000 0.057778
1 0.952500 0.206667 0.012500 0.057778
1 0.880625 0.210000 0.018750 0.055556
1 0.881250 0.175556 0.012500 0.048889
1 0.853125 0.165556 0.011250 0.033333
1 0.869375 0.164444 0.016250 0.044444
1 0.806250 0.177778 0.015000 0.040000
1 0.795625 0.164444 0.008750 0.035556
1 0.782500 0.171111 0.015000 0.035556
1 0.778125 0.212222 0.016250 0.055556
1 0.766250 0.196667 0.017500 0.046667
