0 0.666875 0.468889 0.101250 0.160000
0 0.926875 0.248889 0.071250 0.093333
3 0.810625 0.183333 0.046250 0.104444
3 0.830625 0.105556 0.028750 0.051111
3 0.866250 0.115556 0.022500 0.048889
3 0.324375 0.254444 0.131250 0.126667
1 0.650000 0.882222 0.062500 0.222222
1 0.741875 0.831111 0.056250 0.235556
1 0.325000 0.661111 0.065000 0.175556
1 0.312500 0.527778 0.052500 0.148889
1 0.029375 0.952222 0.056250 0.091111
1 0.073750 0.295556 0.040000 0.066667
1 0.018125 0.305556 0.033750 0.055556
1 0.436875 0.241111 0.021250 0.046667
1 0.470625 0.237778 0.028750 0.048889
1 0.520000 0.242222 0.032500 0.044444
1 0.652500 0.251111 0.025000 0.075556
1 0.666875 0.212222 0.031250 0.046667
1 0.708750 0.225556 0.020000 0.068889
1 0.745000 0.202222 0.012500 0.053333
1 0.779375 0.174444 0.008750 0.046667
1 0.853125 0.223333 0.013750 0.037778
1 0.885000 0.250000 0.015000 0.060000
1 0.895000 0.188889 0.010000 0.044444
1 0.874375 0.178889 0.008750 0.046667
1 0.858750 0.181111 0.012500 0.042222
1 0.850625 0.166667 0.011250 0.035556
3 0.855000 0.295556 0.052500 0.106667
