4 0.650000 0.380000 0.185000 0.137778
0 0.698125 0.346667 0.126250 0.102222
0 0.950000 0.366667 0.100000 0.133333
3 0.339375 0.352222 0.141250 0.148889
0 0.278125 0.282222 0.121250 0.088889
3 0.078125 0.272222 0.153750 0.122222
3 0.819375 0.131111 0.023750 0.062222
3 0.839375 0.107778 0.021250 0.046667
3 0.870625 0.106667 0.033750 0.044444
2 0.854375 0.553333 0.066250 0.173333
1 0.674375 0.932222 0.076250 0.135556
1 0.762500 0.932222 0.065000 0.135556
1 0.568125 0.494444 0.083750 0.122222
1 0.599375 0.436667 0.076250 0.113333
1 0.735000 0.434444 0.082500 0.117778
1 0.811875 0.490000 0.071250 0.131111
1 0.964375 0.465556 0.071250 0.095556
1 0.500000 0.460000 0.080000 0.120000
1 0.330625 0.458889 0.078750 0.117778
1 0.201875 0.340000 0.056250 0.075556
1 0.026250 0.435556 0.050000 0.084444
1 0.015000 0.480000 0.027500 0.057778
1 0.395625 0.262222 0.051250 0.084444
1 0.368750 0.256667 0.030000 0.068889
1 0.354375 0.243333 0.018750 0.042222
1 0.451250 0.258889 0.042500 0.068889
1 0.433750 0.238889 0.020000 0.046667
1 0.471250 0.236667 0.035000 0.051111
1 0.516250 0.240000 0.037500 0.044444
1 0.552500 0.261111 0.032500 0.064444
1 0.533125 0.252222 0.038750 0.060000
1 0.589375 0.258889 0.041250 0.068889
1 0.671875 0.252222 0.041250 0.064444
1 0.858750 0.204444 0.015000 0.057778
1 0.800000 0.180000 0.025000 0.040000
1 0.668750 0.215556 0.045000 0.044444
1 0.894375 0.190000 0.013750 0.046667
1 0.912500 0.182222 0.012500 0.048889
1 0.928125 0.196667 0.016250 0.042222
1 0.949375 0.190000 0.016250 0.046667
1 0.876875 0.187778 0.006250 0.042222
1 0.860000 0.173333 0.012500 0.035556
