1 0.192383 0.453125 0.056641 0.156250
1 0.504883 0.520833 0.072266 0.173611
1 0.568359 0.927083 0.082031 0.145833
1 0.668945 0.940972 0.087891 0.118056
1 0.715820 0.878472 0.123047 0.243056
1 0.813477 0.838542 0.091797 0.274306
1 0.807617 0.467014 0.099609 0.114583
1 0.531250 0.335069 0.085938 0.121528
1 0.672852 0.302083 0.068359 0.125000
1 0.811523 0.343750 0.080078 0.118056
1 0.855469 0.319444 0.066406 0.131944
1 0.655273 0.190972 0.029297 0.090278
1 0.737305 0.190972 0.052734 0.090278
1 0.528320 0.199653 0.056641 0.093750
1 0.454102 0.206597 0.060547 0.093750
1 0.218750 0.260417 0.062500 0.097222
1 0.188477 0.187500 0.052734 0.076389
1 0.030273 0.423611 0.056641 0.118056
