1 0.223633 0.907986 0.083984 0.184028
1 0.582031 0.892361 0.074219 0.215278
1 0.678711 0.901042 0.068359 0.197917
1 0.790039 0.901042 0.099609 0.190972
1 0.818359 0.465278 0.089844 0.125000
1 0.507812 0.562500 0.082031 0.194444
1 0.388672 0.357639 0.062500 0.131944
1 0.352539 0.298611 0.056641 0.118056
1 0.173828 0.375000 0.074219 0.145833
1 0.049805 0.449653 0.087891 0.114583
1 0.071289 0.380208 0.056641 0.121528
1 0.506836 0.213542 0.052734 0.114583
1 0.587891 0.289931 0.062500 0.114583
1 0.690430 0.230903 0.056641 0.093750
1 0.655273 0.210069 0.048828 0.086806
1 0.605469 0.180556 0.031250 0.090278
1 0.829102 0.237847 0.056641 0.093750
1 0.039062 0.258681 0.058594 0.079861
