0 0.707031 0.241319 0.152344 0.107639
0 0.227539 0.215278 0.126953 0.083333
0 0.104492 0.317708 0.158203 0.149306
2 0.137695 0.529514 0.060547 0.190972
1 0.582031 0.907986 0.085938 0.184028
1 0.713867 0.913194 0.103516 0.173611
1 0.471680 0.475694 0.060547 0.159722
1 0.228516 0.559028 0.070312 0.166667
1 0.283203 0.291667 0.066406 0.104167
1 0.172852 0.270833 0.060547 0.104167
1 0.492188 0.331597 0.074219 0.121528
1 0.499023 0.293403 0.064453 0.100694
1 0.565430 0.269097 0.060547 0.107639
1 0.603516 0.319444 0.070312 0.125000
1 0.724609 0.312500 0.066406 0.118056
1 0.687500 0.444444 0.062500 0.145833
1 0.815430 0.470486 0.091797 0.114583
1 0.914062 0.401042 0.042969 0.142361
1 0.802734 0.277778 0.050781 0.104167
1 0.854492 0.230903 0.052734 0.093750
1 0.698242 0.185764 0.041016 0.059028
1 0.467773 0.210069 0.052734 0.086806
1 0.351562 0.192708 0.054688 0.072917
