0 0.229492 0.248264 0.162109 0.114583
3 0.865234 0.210069 0.132812 0.184028
1 0.518555 0.347222 0.076172 0.118056
1 0.558594 0.329861 0.058594 0.118056
1 0.592773 0.300347 0.068359 0.114583
1 0.709961 0.355903 0.068359 0.135417
1 0.813477 0.468750 0.091797 0.118056
1 0.899414 0.364583 0.072266 0.118056
1 0.698242 0.230903 0.056641 0.086806
1 0.767578 0.223958 0.058594 0.072917
1 0.539062 0.199653 0.054688 0.086806
1 0.469727 0.213542 0.048828 0.079861
1 0.425781 0.223958 0.050781 0.072917
1 0.421875 0.190972 0.042969 0.076389
1 0.321289 0.197917 0.052734 0.083333
1 0.355469 0.314236 0.070312 0.107639
1 0.282227 0.855903 0.076172 0.267361
1 0.670898 0.940972 0.095703 0.118056
1 0.157227 0.467014 0.060547 0.163194
1 0.131836 0.381944 0.048828 0.111111
1 0.187500 0.324653 0.066406 0.100694
1 0.266602 0.312500 0.064453 0.097222
1 0.231445 0.286458 0.048828 0.086806
1 0.109375 0.284722 0.062500 0.097222
1 0.130859 0.208333 0.050781 0.076389
1 0.236328 0.184028 0.035156 0.041667
1 0.038086 0.194444 0.060547 0.062500
1 0.034180 0.284722 0.056641 0.090278
