0 0.528320 0.210069 0.158203 0.107639
0 0.346680 0.755208 0.158203 0.364583
0 0.800781 0.243056 0.152344 0.118056
1 0.574219 0.935764 0.085938 0.128472
1 0.673828 0.944444 0.089844 0.111111
1 0.710938 0.880208 0.125000 0.239583
1 0.815430 0.468750 0.107422 0.125000
1 0.703125 0.309028 0.078125 0.118056
1 0.745117 0.281250 0.048828 0.090278
1 0.652344 0.187500 0.035156 0.083333
1 0.501953 0.520833 0.078125 0.173611
1 0.459961 0.312500 0.080078 0.118056
1 0.387695 0.204861 0.056641 0.076389
1 0.159180 0.190972 0.052734 0.076389
1 0.184570 0.411458 0.056641 0.156250
