4 0.284180 0.244792 0.111328 0.114583
0 0.191406 0.223958 0.109375 0.093750
1 0.476562 0.473958 0.054688 0.163194
1 0.335938 0.354167 0.078125 0.118056
1 0.296875 0.295139 0.066406 0.111111
1 0.176758 0.307292 0.060547 0.093750
1 0.188477 0.277778 0.044922 0.083333
1 0.143555 0.265625 0.044922 0.093750
1 0.097656 0.298611 0.062500 0.104167
1 0.513672 0.317708 0.078125 0.128472
1 0.443359 0.213542 0.050781 0.093750
1 0.516602 0.215278 0.044922 0.090278
1 0.542969 0.201389 0.035156 0.083333
1 0.603516 0.217014 0.046875 0.093750
1 0.641602 0.211806 0.044922 0.090278
1 0.576172 0.291667 0.070312 0.111111
1 0.651367 0.319444 0.072266 0.125000
1 0.818359 0.470486 0.085938 0.128472
1 0.915039 0.404514 0.041016 0.128472
1 0.852539 0.277778 0.060547 0.111111
1 0.798828 0.286458 0.074219 0.114583
1 0.755859 0.236111 0.062500 0.083333
2 0.229492 0.326389 0.060547 0.111111
2 0.085938 0.394097 0.058594 0.121528
