0 0.245000 0.167778 0.050000 0.091111
1 0.883125 0.471111 0.096250 0.173333
1 0.690625 0.593333 0.106250 0.186667
1 0.614375 0.678889 0.143750 0.206667
1 0.461250 0.786667 0.167500 0.235556
1 0.383750 0.582222 0.130000 0.191111
1 0.247500 0.637778 0.150000 0.204444
1 0.080625 0.898889 0.158750 0.202222
1 0.308125 0.336667 0.043750 0.135556
1 0.363125 0.473333 0.066250 0.151111
1 0.380625 0.357778 0.043750 0.120000
1 0.430625 0.391111 0.043750 0.137778
1 0.475625 0.425556 0.051250 0.140000
1 0.501250 0.335556 0.035000 0.111111
1 0.450625 0.273333 0.041250 0.097778
1 0.517500 0.277778 0.027500 0.093333
1 0.546875 0.253333 0.028750 0.102222
1 0.508125 0.162222 0.031250 0.066667
1 0.427500 0.146667 0.020000 0.066667
1 0.693125 0.228889 0.023750 0.080000
1 0.274375 0.104444 0.013750 0.040000
1 0.202500 0.132222 0.020000 0.060000
1 0.242500 0.085556 0.012500 0.028889
3 0.798125 0.266667 0.086250 0.142222
