1 0.615000 0.493333 0.100000 0.186667
1 0.425000 0.793333 0.087500 0.271111
1 0.106875 0.876667 0.203750 0.246667
1 0.286250 0.296667 0.037500 0.113333
1 0.151875 0.243333 0.038750 0.100000
1 0.036875 0.377778 0.068750 0.115556
1 0.065625 0.317778 0.061250 0.111111
1 0.217500 0.191111 0.032500 0.080000
1 0.280625 0.091111 0.013750 0.040000
1 0.241875 0.086667 0.013750 0.040000
1 0.424375 0.111111 0.018750 0.053333
1 0.692500 0.227778 0.022500 0.073333
0 0.259375 0.134444 0.043750 0.082222
3 0.795000 0.267778 0.082500 0.135556
