0 0.087891 0.406250 0.136719 0.208333
1 0.291016 0.784722 0.078125 0.263889
1 0.491211 0.659722 0.056641 0.194444
1 0.583984 0.909722 0.089844 0.180556
1 0.710938 0.913194 0.085938 0.173611
1 0.470703 0.451389 0.046875 0.145833
1 0.531250 0.348958 0.078125 0.121528
1 0.817383 0.468750 0.087891 0.118056
1 0.917969 0.413194 0.042969 0.118056
1 0.891602 0.361111 0.072266 0.104167
1 0.621094 0.192708 0.031250 0.093750
1 0.703125 0.187500 0.046875 0.083333
1 0.338867 0.194444 0.052734 0.076389
1 0.189453 0.274306 0.066406 0.097222
