0 0.292500 0.171111 0.047500 0.084444
0 0.255000 0.111111 0.032500 0.048889
1 0.821875 0.704444 0.066250 0.226667
1 0.980625 0.607778 0.038750 0.224444
1 0.906250 0.381111 0.072500 0.135556
1 0.696250 0.704444 0.082500 0.226667
1 0.694375 0.584444 0.116250 0.195556
1 0.615625 0.536667 0.101250 0.180000
1 0.266250 0.626667 0.140000 0.186667
1 0.097500 0.674444 0.150000 0.202222
1 0.147500 0.241111 0.035000 0.100000
1 0.245625 0.237778 0.028750 0.097778
1 0.321875 0.261111 0.033750 0.095556
3 0.790625 0.271111 0.088750 0.137778
