1 0.665000 0.703333 0.155000 0.237778
1 0.878750 0.561111 0.102500 0.188889
1 0.973750 0.657778 0.052500 0.177778
1 0.615625 0.472222 0.066250 0.157778
1 0.656250 0.271111 0.047500 0.115556
1 0.479375 0.204444 0.031250 0.071111
1 0.468125 0.154444 0.021250 0.051111
1 0.432500 0.133333 0.025000 0.048889
1 0.420000 0.115556 0.015000 0.040000
1 0.343750 0.066667 0.012500 0.031111
1 0.370000 0.070000 0.012500 0.028889
1 0.285000 0.297778 0.037500 0.111111
1 0.341250 0.314444 0.050000 0.117778
1 0.029375 0.335556 0.053750 0.115556
1 0.222500 0.167778 0.017500 0.064444
1 0.243750 0.127778 0.015000 0.051111
1 0.263750 0.076667 0.015000 0.037778
1 0.243125 0.091111 0.011250 0.031111
1 0.573750 0.295556 0.045000 0.111111
1 0.600000 0.251111 0.032500 0.097778
1 0.555000 0.238889 0.047500 0.108889
3 0.795625 0.270000 0.078750 0.135556
