1 0.178750 0.884444 0.195000 0.231111
1 0.173750 0.748889 0.177500 0.226667
1 0.774375 0.775556 0.151250 0.262222
1 0.888125 0.593333 0.111250 0.204444
1 0.660000 0.696667 0.137500 0.215556
1 0.641250 0.551111 0.127500 0.195556
1 0.527500 0.202222 0.027500 0.075556
1 0.243125 0.306667 0.046250 0.124444
1 0.337500 0.221111 0.027500 0.086667
1 0.181250 0.244444 0.037500 0.111111
1 0.100000 0.297778 0.045000 0.102222
1 0.029375 0.350000 0.053750 0.135556
3 0.283125 0.144444 0.063750 0.124444
2 0.667500 0.250000 0.022500 0.073333
3 0.793125 0.264444 0.091250 0.137778
