0 0.179688 0.331597 0.148438 0.142361
0 0.209961 0.236111 0.158203 0.131944
1 0.621094 0.819444 0.089844 0.215278
1 0.642578 0.940972 0.085938 0.118056
1 0.770508 0.850694 0.103516 0.208333
1 0.771484 0.958333 0.097656 0.083333
1 0.811523 0.468750 0.107422 0.125000
1 0.789062 0.392361 0.085938 0.090278
1 0.617188 0.192708 0.027344 0.079861
1 0.517578 0.210069 0.074219 0.107639
1 0.368164 0.298611 0.052734 0.111111
1 0.406250 0.210069 0.058594 0.086806
1 0.054688 0.189236 0.039062 0.072917
1 0.048828 0.366319 0.042969 0.107639
1 0.029297 0.277778 0.039062 0.076389
1 0.127930 0.251736 0.052734 0.065972
