0 0.321289 0.451389 0.162109 0.222222
0 0.420898 0.263889 0.158203 0.131944
3 0.679688 0.262153 0.128906 0.149306
0 0.507812 0.217014 0.140625 0.114583
0 0.185547 0.237847 0.156250 0.107639
1 0.221680 0.788194 0.080078 0.243056
1 0.260742 0.607639 0.068359 0.187500
1 0.576172 0.885417 0.078125 0.229167
1 0.677734 0.897569 0.074219 0.204861
1 0.806641 0.918403 0.113281 0.163194
1 0.814453 0.473958 0.101562 0.121528
1 0.606445 0.178819 0.033203 0.086806
1 0.158203 0.310764 0.046875 0.086806
1 0.208008 0.331597 0.052734 0.100694
1 0.241211 0.298611 0.044922 0.083333
1 0.173828 0.269097 0.042969 0.072917
1 0.093750 0.300347 0.062500 0.086806
1 0.062500 0.256944 0.035156 0.055556
1 0.068359 0.194444 0.042969 0.069444
1 0.246094 0.192708 0.058594 0.079861
1 0.164062 0.182292 0.031250 0.052083
