1 0.464844 0.673611 0.066406 0.201389
1 0.455078 0.496528 0.050781 0.145833
1 0.503906 0.411458 0.046875 0.142361
1 0.811523 0.465278 0.099609 0.125000
1 0.660156 0.189236 0.027344 0.086806
1 0.845703 0.253472 0.050781 0.076389
1 0.833008 0.197917 0.033203 0.069444
1 0.406250 0.201389 0.054688 0.076389
1 0.458984 0.298611 0.042969 0.118056
1 0.396484 0.324653 0.042969 0.128472
1 0.378906 0.454861 0.046875 0.152778
1 0.315430 0.407986 0.044922 0.135417
1 0.330078 0.315972 0.039062 0.104167
1 0.343750 0.281250 0.042969 0.111111
1 0.275391 0.307292 0.035156 0.107639
1 0.202148 0.326389 0.037109 0.111111
1 0.234375 0.243056 0.039062 0.090278
1 0.138672 0.303819 0.039062 0.093750
1 0.130859 0.246528 0.035156 0.083333
1 0.062500 0.385417 0.054688 0.111111
