1 0.243164 0.602431 0.072266 0.218750
1 0.633789 0.904514 0.099609 0.190972
1 0.823242 0.935764 0.126953 0.128472
1 0.811523 0.465278 0.095703 0.125000
1 0.846680 0.317708 0.076172 0.121528
1 0.627930 0.336806 0.083984 0.125000
1 0.662109 0.310764 0.074219 0.128472
1 0.504883 0.201389 0.052734 0.083333
1 0.346680 0.324653 0.068359 0.107639
1 0.303711 0.281250 0.052734 0.097222
1 0.340820 0.258681 0.052734 0.107639
1 0.159180 0.324653 0.072266 0.107639
1 0.040039 0.282986 0.056641 0.093750
0 0.161133 0.258681 0.146484 0.107639
