1 0.581055 0.937500 0.091797 0.125000
1 0.666992 0.869792 0.103516 0.260417
1 0.812500 0.463542 0.101562 0.121528
1 0.706055 0.355903 0.068359 0.100694
1 0.692383 0.319444 0.056641 0.097222
1 0.637695 0.296875 0.060547 0.107639
1 0.645508 0.253472 0.072266 0.083333
1 0.555664 0.215278 0.056641 0.083333
1 0.539062 0.315972 0.066406 0.104167
1 0.475586 0.328125 0.083984 0.121528
1 0.338867 0.315972 0.072266 0.104167
1 0.242188 0.467014 0.058594 0.163194
1 0.140625 0.425347 0.093750 0.135417
1 0.167969 0.359375 0.062500 0.107639
1 0.150391 0.279514 0.058594 0.100694
1 0.177734 0.250000 0.066406 0.111111
1 0.034180 0.319444 0.052734 0.111111
1 0.759766 0.352431 0.054688 0.142361
0 0.355469 0.664931 0.167969 0.364583
