1 0.493164 0.680556 0.068359 0.201389
1 0.536133 0.873264 0.072266 0.246528
1 0.625000 0.817708 0.085938 0.218750
1 0.643555 0.939236 0.080078 0.121528
1 0.765625 0.843750 0.097656 0.194444
1 0.766602 0.961806 0.091797 0.076389
1 0.539062 0.284722 0.066406 0.097222
1 0.444336 0.206597 0.052734 0.072917
1 0.295898 0.293403 0.056641 0.086806
1 0.308594 0.208333 0.050781 0.083333
1 0.194336 0.286458 0.060547 0.100694
1 0.105469 0.312500 0.058594 0.090278
1 0.102539 0.272569 0.048828 0.079861
1 0.031250 0.328125 0.054688 0.100694
1 0.614258 0.189236 0.025391 0.086806
1 0.690430 0.190972 0.041016 0.083333
1 0.817383 0.461806 0.083984 0.131944
1 0.916992 0.397569 0.044922 0.135417
3 0.324219 0.390625 0.179688 0.274306
3 0.120117 0.211806 0.193359 0.180556
