1 0.258789 0.928819 0.091797 0.142361
1 0.410156 0.913194 0.066406 0.173611
1 0.656250 0.965278 0.074219 0.069444
1 0.510742 0.659722 0.068359 0.187500
1 0.402344 0.519097 0.054688 0.177083
1 0.462891 0.473958 0.046875 0.149306
1 0.518555 0.425347 0.052734 0.149306
1 0.708008 0.406250 0.044922 0.145833
1 0.811523 0.468750 0.095703 0.138889
1 0.912109 0.404514 0.058594 0.128472
1 0.522461 0.241319 0.048828 0.107639
1 0.654297 0.203125 0.066406 0.093750
1 0.390625 0.279514 0.046875 0.100694
1 0.352539 0.375000 0.044922 0.125000
1 0.269531 0.451389 0.062500 0.152778
1 0.200195 0.513889 0.056641 0.187500
1 0.220703 0.390625 0.050781 0.121528
1 0.331055 0.296875 0.041016 0.107639
1 0.357422 0.234375 0.046875 0.100694
1 0.255859 0.277778 0.054688 0.090278
1 0.242188 0.229167 0.035156 0.069444
1 0.162109 0.229167 0.050781 0.083333
1 0.196289 0.324653 0.056641 0.114583
1 0.154297 0.329861 0.050781 0.118056
1 0.104492 0.366319 0.091797 0.107639
1 0.078125 0.291667 0.046875 0.083333
1 0.130859 0.215278 0.046875 0.076389
