1 0.552734 0.859375 0.085938 0.260417
1 0.697266 0.909722 0.125000 0.180556
1 0.815430 0.467014 0.099609 0.107639
1 0.888672 0.364583 0.078125 0.138889
1 0.813477 0.343750 0.072266 0.118056
1 0.740234 0.317708 0.054688 0.114583
1 0.635742 0.335069 0.076172 0.121528
1 0.656250 0.284722 0.046875 0.104167
1 0.683594 0.201389 0.039062 0.083333
1 0.705078 0.197917 0.031250 0.083333
1 0.723633 0.196181 0.033203 0.079861
1 0.593750 0.230903 0.062500 0.093750
1 0.517578 0.298611 0.058594 0.111111
1 0.378906 0.345486 0.070312 0.107639
1 0.434570 0.262153 0.068359 0.107639
1 0.327148 0.225694 0.056641 0.083333
1 0.349609 0.190972 0.042969 0.076389
1 0.289062 0.211806 0.046875 0.076389
1 0.273438 0.197917 0.039062 0.069444
1 0.213867 0.251736 0.060547 0.086806
1 0.227539 0.208333 0.041016 0.083333
1 0.151367 0.286458 0.060547 0.114583
1 0.087891 0.310764 0.062500 0.100694
1 0.101562 0.197917 0.035156 0.076389
