2 0.588750 0.226667 0.032500 0.093333
1 0.421250 0.627778 0.095000 0.242222
1 0.288750 0.617778 0.115000 0.208889
1 0.259375 0.918889 0.141250 0.162222
1 0.270625 0.342222 0.051250 0.137778
1 0.309375 0.141111 0.016250 0.064444
1 0.253750 0.184444 0.022500 0.080000
1 0.190625 0.233333 0.028750 0.093333
1 0.128125 0.285556 0.046250 0.108889
1 0.026875 0.322222 0.051250 0.115556
1 0.634375 0.283333 0.048750 0.104444
1 0.690625 0.233333 0.028750 0.066667
1 0.445625 0.136667 0.018750 0.055556
1 0.420625 0.113333 0.016250 0.048889
1 0.268125 0.080000 0.011250 0.035556
1 0.245625 0.093333 0.013750 0.044444
1 0.228750 0.101111 0.012500 0.046667
3 0.791875 0.265556 0.083750 0.140000
