1 0.577148 0.934028 0.080078 0.131944
1 0.668945 0.871528 0.099609 0.250000
1 0.819336 0.468750 0.083984 0.125000
1 0.827148 0.326389 0.072266 0.118056
1 0.911133 0.343750 0.048828 0.125000
1 0.767578 0.223958 0.050781 0.045139
1 0.502930 0.302083 0.076172 0.118056
1 0.448242 0.328125 0.072266 0.107639
1 0.382812 0.335069 0.066406 0.121528
1 0.295898 0.295139 0.068359 0.104167
1 0.290039 0.197917 0.048828 0.083333
1 0.225586 0.201389 0.052734 0.083333
1 0.089844 0.303819 0.074219 0.107639
1 0.058594 0.199653 0.046875 0.072917
1 0.100586 0.190972 0.052734 0.069444
0 0.333008 0.888889 0.197266 0.222222
0 0.675781 0.282986 0.187500 0.156250
0 0.856445 0.246528 0.130859 0.104167
1 0.624023 0.199653 0.041016 0.038194
