1 0.184375 0.657778 0.156250 0.226667
1 0.074375 0.867778 0.146250 0.255556
1 0.966875 0.587778 0.066250 0.197778
1 0.501250 0.373333 0.040000 0.133333
1 0.410625 0.428889 0.061250 0.155556
1 0.340625 0.315556 0.053750 0.106667
1 0.264375 0.335556 0.046250 0.133333
1 0.285625 0.300000 0.038750 0.106667
1 0.333750 0.217778 0.022500 0.084444
1 0.292500 0.232222 0.030000 0.082222
1 0.223125 0.214444 0.031250 0.082222
1 0.215625 0.334444 0.053750 0.117778
1 0.133750 0.253333 0.035000 0.102222
1 0.231875 0.282222 0.026250 0.071111
1 0.236875 0.148889 0.011250 0.048889
1 0.248750 0.124444 0.012500 0.044444
1 0.222500 0.115556 0.012500 0.044444
1 0.253750 0.085556 0.010000 0.042222
1 0.273125 0.084444 0.016250 0.044444
1 0.420625 0.178889 0.018750 0.068889
1 0.445000 0.273333 0.030000 0.097778
1 0.498125 0.235556 0.023750 0.075556
1 0.511250 0.195556 0.020000 0.080000
1 0.443125 0.163333 0.013750 0.064444
1 0.463750 0.146667 0.017500 0.066667
1 0.406250 0.088889 0.017500 0.035556
3 0.543125 0.290000 0.066250 0.140000
0 0.281250 0.171111 0.052500 0.084444
3 0.790625 0.267778 0.083750 0.144444
