0 0.757812 0.265625 0.148438 0.121528
0 0.413086 0.215278 0.130859 0.090278
0 0.238281 0.256944 0.144531 0.131944
0 0.127930 0.312500 0.154297 0.138889
1 0.667969 0.937500 0.101562 0.125000
1 0.751953 0.822917 0.097656 0.243056
1 0.810547 0.470486 0.105469 0.121528
1 0.284180 0.750000 0.076172 0.256944
1 0.247070 0.557292 0.064453 0.184028
1 0.171875 0.435764 0.058594 0.149306
1 0.107422 0.399306 0.050781 0.125000
1 0.034180 0.428819 0.064453 0.114583
1 0.024414 0.277778 0.041016 0.069444
1 0.057617 0.236111 0.041016 0.062500
1 0.172852 0.189236 0.044922 0.072917
1 0.619141 0.178819 0.042969 0.079861
1 0.655273 0.187500 0.029297 0.083333
1 0.833984 0.227431 0.050781 0.093750
