1 0.674805 0.696181 0.080078 0.218750
1 0.502930 0.324653 0.068359 0.114583
1 0.421875 0.314236 0.058594 0.107639
1 0.470703 0.272569 0.062500 0.107639
1 0.388672 0.289931 0.058594 0.100694
1 0.372070 0.213542 0.056641 0.093750
1 0.546875 0.168403 0.042969 0.072917
1 0.610352 0.180556 0.029297 0.062500
1 0.799805 0.206597 0.044922 0.072917
1 0.873047 0.359375 0.078125 0.121528
1 0.874023 0.319444 0.076172 0.111111
1 0.733398 0.369792 0.072266 0.121528
1 0.812500 0.472222 0.097656 0.125000
1 0.668945 0.333333 0.068359 0.111111
1 0.714844 0.310764 0.058594 0.100694
1 0.725586 0.263889 0.060547 0.097222
1 0.244141 0.307292 0.066406 0.114583
1 0.135742 0.543403 0.056641 0.170139
1 0.215820 0.192708 0.048828 0.079861
1 0.284180 0.203125 0.037109 0.065972
1 0.266602 0.178819 0.029297 0.065972
1 0.159180 0.197917 0.041016 0.076389
1 0.136719 0.182292 0.027344 0.059028
1 0.076172 0.189236 0.035156 0.065972
1 0.103516 0.194444 0.027344 0.062500
2 0.203125 0.699653 0.066406 0.246528
0 0.649414 0.230903 0.154297 0.135417
0 0.126953 0.255208 0.144531 0.107639
2 0.033203 0.329861 0.050781 0.104167
2 0.077148 0.300347 0.072266 0.114583
