1 0.174805 0.576389 0.083984 0.201389
1 0.357422 0.453125 0.054688 0.156250
1 0.372070 0.303819 0.052734 0.114583
1 0.310547 0.253472 0.042969 0.097222
1 0.267578 0.282986 0.046875 0.100694
1 0.193359 0.230903 0.042969 0.079861
1 0.176758 0.187500 0.029297 0.055556
1 0.146484 0.265625 0.046875 0.100694
1 0.077148 0.220486 0.048828 0.079861
1 0.601562 0.348958 0.042969 0.142361
1 0.626953 0.250000 0.031250 0.111111
1 0.723633 0.343750 0.068359 0.131944
1 0.815430 0.463542 0.083984 0.121528
1 0.838867 0.234375 0.056641 0.093750
