1 0.346250 0.491111 0.077500 0.177778
1 0.660000 0.484444 0.115000 0.191111
1 0.859375 0.595556 0.121250 0.226667
1 0.426875 0.328889 0.051250 0.120000
1 0.406250 0.115556 0.017500 0.053333
1 0.163125 0.282222 0.046250 0.102222
1 0.278125 0.382222 0.046250 0.146667
1 0.140625 0.262222 0.038750 0.111111
1 0.190000 0.197778 0.025000 0.088889
1 0.225000 0.137778 0.015000 0.057778
1 0.266875 0.130000 0.021250 0.064444
1 0.243125 0.077778 0.013750 0.040000
1 0.688125 0.225556 0.033750 0.077778
3 0.793750 0.271111 0.082500 0.133333
