1 0.261719 0.697917 0.070312 0.236111
1 0.353516 0.939236 0.082031 0.121528
1 0.553711 0.862847 0.083984 0.274306
1 0.697266 0.902778 0.097656 0.194444
1 0.660156 0.505208 0.046875 0.170139
1 0.809570 0.463542 0.107422 0.114583
1 0.681641 0.204861 0.042969 0.083333
1 0.702148 0.204861 0.033203 0.076389
1 0.719727 0.196181 0.033203 0.072917
1 0.796875 0.234375 0.050781 0.107639
1 0.432617 0.288194 0.072266 0.097222
1 0.484375 0.213542 0.058594 0.086806
1 0.337891 0.199653 0.050781 0.079861
1 0.067383 0.317708 0.068359 0.107639
1 0.083984 0.270833 0.062500 0.097222
1 0.111328 0.250000 0.050781 0.090278
1 0.122070 0.197917 0.044922 0.076389
1 0.067383 0.182292 0.044922 0.072917
