1 0.551758 0.864583 0.099609 0.270833
1 0.813477 0.475694 0.099609 0.111111
1 0.584961 0.321181 0.068359 0.121528
1 0.439453 0.326389 0.066406 0.118056
1 0.478516 0.307292 0.066406 0.093750
1 0.484375 0.272569 0.058594 0.086806
1 0.124023 0.401042 0.064453 0.128472
1 0.107422 0.270833 0.054688 0.097222
1 0.082031 0.293403 0.054688 0.093750
1 0.032227 0.305556 0.044922 0.104167
1 0.071289 0.189236 0.044922 0.065972
1 0.680664 0.206597 0.041016 0.086806
1 0.704102 0.196181 0.037109 0.079861
1 0.740234 0.220486 0.058594 0.086806
1 0.788086 0.355903 0.087891 0.093750
1 0.785156 0.277778 0.054688 0.076389
1 0.883789 0.335069 0.056641 0.086806
2 0.554688 0.348958 0.085938 0.107639
0 0.309570 0.215278 0.158203 0.125000
