0 0.293750 0.167778 0.052500 0.082222
4 0.486875 0.531111 0.186250 0.302222
0 0.239375 0.173333 0.041250 0.066667
0 0.290625 0.112222 0.028750 0.046667
0 0.294375 0.085556 0.026250 0.042222
1 0.212500 0.678889 0.122500 0.228889
1 0.623125 0.848889 0.103750 0.257778
1 0.745000 0.668889 0.075000 0.226667
1 0.656875 0.284444 0.063750 0.115556
1 0.563125 0.208889 0.028750 0.075556
1 0.517500 0.267778 0.042500 0.095556
1 0.503750 0.205556 0.037500 0.086667
1 0.458750 0.135556 0.022500 0.080000
1 0.250625 0.233333 0.028750 0.093333
1 0.323125 0.258889 0.028750 0.095556
1 0.185000 0.204444 0.017500 0.066667
1 0.194375 0.181111 0.013750 0.060000
1 0.201875 0.128889 0.013750 0.057778
1 0.218750 0.232222 0.030000 0.082222
3 0.406875 0.153333 0.066250 0.151111
3 0.357500 0.080000 0.042500 0.057778
1 0.979375 0.411111 0.041250 0.115556
3 0.795000 0.271111 0.090000 0.137778
