1 0.283750 0.366667 0.060000 0.151111
1 0.213125 0.337778 0.033750 0.120000
1 0.138750 0.271111 0.040000 0.106667
1 0.270000 0.177778 0.017500 0.080000
1 0.296250 0.192222 0.020000 0.086667
1 0.325000 0.194444 0.022500 0.086667
1 0.225000 0.121111 0.017500 0.055556
1 0.295625 0.110000 0.018750 0.051111
1 0.425625 0.116667 0.013750 0.060000
1 0.365000 0.072222 0.012500 0.037778
1 0.403750 0.068889 0.012500 0.026667
1 0.868750 0.362222 0.080000 0.124444
1 0.955625 0.602222 0.086250 0.208889
1 0.808125 0.291111 0.051250 0.102222
4 0.553125 0.741111 0.721250 0.517778
4 0.672500 0.311111 0.237500 0.235556
