1 0.890625 0.600000 0.126250 0.208889
1 0.658125 0.575556 0.076250 0.208889
1 0.393125 0.732222 0.131250 0.251111
1 0.472500 0.656667 0.105000 0.237778
1 0.542500 0.577778 0.095000 0.208889
1 0.421250 0.533333 0.085000 0.160000
1 0.482500 0.450000 0.102500 0.193333
1 0.511250 0.386667 0.042500 0.106667
1 0.344375 0.318889 0.043750 0.108889
1 0.301875 0.237778 0.043750 0.111111
1 0.542500 0.247778 0.030000 0.082222
1 0.596875 0.232222 0.041250 0.095556
1 0.509375 0.188889 0.031250 0.084444
1 0.265000 0.177778 0.020000 0.066667
1 0.196875 0.178889 0.026250 0.068889
1 0.146875 0.241111 0.036250 0.082222
1 0.026875 0.328889 0.051250 0.128889
1 0.240625 0.146667 0.016250 0.053333
1 0.252500 0.101111 0.015000 0.055556
1 0.281875 0.071111 0.008750 0.035556
0 0.218125 0.257778 0.093750 0.137778
2 0.675625 0.243333 0.018750 0.073333
3 0.793125 0.270000 0.078750 0.135556
