0 0.318359 0.666667 0.183594 0.381944
3 0.312500 0.220486 0.226562 0.218750
4 0.763672 0.267361 0.207031 0.187500
0 0.830078 0.225694 0.078125 0.097222
0 0.113281 0.309028 0.140625 0.118056
0 0.193359 0.225694 0.066406 0.083333
1 0.554688 0.857639 0.085938 0.270833
1 0.648438 0.557292 0.054688 0.177083
1 0.538086 0.352431 0.083984 0.135417
1 0.439453 0.354167 0.074219 0.118056
1 0.499023 0.206597 0.060547 0.086806
1 0.628906 0.350694 0.066406 0.118056
1 0.702148 0.342014 0.068359 0.121528
1 0.815430 0.465278 0.087891 0.118056
1 0.907227 0.354167 0.076172 0.125000
1 0.629883 0.289931 0.056641 0.086806
1 0.131836 0.401042 0.064453 0.135417
1 0.052734 0.343750 0.062500 0.118056
1 0.023438 0.260417 0.039062 0.104167
1 0.170898 0.190972 0.044922 0.062500
2 0.698242 0.453125 0.072266 0.156250
