3 0.481250 0.229167 0.153125 0.108333
3 0.371875 0.155556 0.040625 0.077778
3 0.296094 0.143056 0.035937 0.069444
3 0.340625 0.115278 0.034375 0.041667
3 0.225000 0.134722 0.050000 0.080556
3 0.203125 0.058333 0.025000 0.033333
3 0.233594 0.076389 0.035937 0.063889
3 0.273438 0.068056 0.028125 0.047222
1 0.065625 0.209722 0.018750 0.058333
1 0.077344 0.181944 0.014063 0.047222
1 0.115625 0.161111 0.015625 0.044444
1 0.146094 0.130556 0.014063 0.038889
1 0.170313 0.116667 0.012500 0.033333
1 0.259375 0.223611 0.100000 0.058333
1 0.515625 0.105556 0.012500 0.027778
1 0.589844 0.138889 0.010937 0.038889
1 0.584375 0.368056 0.050000 0.097222
0 0.284375 0.101389 0.031250 0.041667
