3 0.211719 0.047222 0.029687 0.033333
3 0.225000 0.143056 0.065625 0.113889
3 0.293750 0.143056 0.043750 0.091667
3 0.317969 0.093056 0.035937 0.058333
3 0.343750 0.158333 0.040625 0.083333
3 0.358594 0.140278 0.039062 0.075000
3 0.892969 0.716667 0.214062 0.538889
1 0.175000 0.098611 0.015625 0.030556
1 0.156250 0.093056 0.006250 0.030556
1 0.131250 0.151389 0.015625 0.036111
1 0.154688 0.190278 0.018750 0.058333
1 0.215625 0.256944 0.025000 0.063889
1 0.329688 0.358333 0.031250 0.088889
1 0.331250 0.320833 0.034375 0.086111
1 0.076563 0.204167 0.018750 0.058333
1 0.559375 0.136111 0.009375 0.033333
0 0.381250 0.195833 0.040625 0.063889
