1 0.080469 0.469444 0.101562 0.138889
1 0.142969 0.551389 0.123438 0.163889
1 0.228125 0.480556 0.093750 0.144444
1 0.571094 0.472222 0.070312 0.144444
1 0.796875 0.347222 0.034375 0.094444
1 0.912500 0.115278 0.009375 0.041667
1 0.900000 0.106944 0.009375 0.041667
4 0.257812 0.786111 0.296875 0.355556
2 0.457031 0.466667 0.079687 0.144444
3 0.357812 0.245833 0.346875 0.291667
3 0.664062 0.202778 0.109375 0.116667
3 0.790625 0.152778 0.112500 0.138889
4 0.856250 0.129167 0.034375 0.052778
3 0.891406 0.091667 0.029687 0.055556
0 0.817969 0.072222 0.020313 0.016667
3 0.160938 0.097222 0.087500 0.055556
