3 0.135156 0.666667 0.267188 0.655556
3 0.066406 0.380556 0.129688 0.238889
3 0.215625 0.229167 0.071875 0.102778
3 0.234375 0.166667 0.050000 0.088889
3 0.359375 0.130556 0.034375 0.066667
3 0.549219 0.227778 0.132812 0.216667
3 0.771094 0.380556 0.164062 0.194444
3 0.964063 0.651389 0.071875 0.286111
3 0.443750 0.127778 0.043750 0.066667
3 0.625000 0.195833 0.075000 0.108333
1 0.175000 0.086111 0.006250 0.033333
1 0.170313 0.112500 0.009375 0.030556
1 0.162500 0.151389 0.025000 0.041667
1 0.159375 0.202778 0.009375 0.050000
1 0.136719 0.211111 0.017188 0.055556
1 0.131250 0.255556 0.021875 0.066667
1 0.117188 0.204167 0.015625 0.052778
1 0.092188 0.213889 0.015625 0.050000
1 0.081250 0.180556 0.015625 0.044444
1 0.106250 0.173611 0.015625 0.041667
1 0.117188 0.154167 0.012500 0.047222
1 0.125000 0.136111 0.012500 0.044444
0 0.365625 0.166667 0.037500 0.050000
0 0.388281 0.233333 0.070312 0.083333
