1 0.915625 0.106944 0.009375 0.036111
1 0.907813 0.140278 0.012500 0.036111
1 0.910156 0.159722 0.014063 0.041667
1 0.892969 0.166667 0.010937 0.044444
1 0.893750 0.204167 0.018750 0.063889
1 0.924219 0.222222 0.020313 0.061111
1 0.866406 0.215278 0.020313 0.058333
1 0.842187 0.222222 0.018750 0.061111
1 0.848437 0.236111 0.018750 0.066667
1 0.854688 0.291667 0.028125 0.077778
1 0.840625 0.350000 0.031250 0.094444
1 0.717187 0.447222 0.056250 0.133333
1 0.676562 0.387500 0.056250 0.113889
1 0.200781 0.375000 0.060937 0.133333
1 0.416406 0.388889 0.067187 0.111111
1 0.548438 0.351389 0.068750 0.097222
1 0.448437 0.431944 0.043750 0.125000
1 0.561719 0.772222 0.092188 0.222222
1 0.071094 0.777778 0.139063 0.227778
1 0.121875 0.575000 0.131250 0.183333
3 0.281250 0.584722 0.212500 0.202778
3 0.101562 0.466667 0.200000 0.200000
4 0.442188 0.216667 0.125000 0.111111
3 0.689063 0.275000 0.134375 0.172222
0 0.754687 0.227778 0.050000 0.077778
3 0.591406 0.175000 0.089063 0.111111
3 0.675000 0.127778 0.050000 0.066667
3 0.811719 0.138889 0.092188 0.122222
3 0.700781 0.109722 0.045312 0.080556
3 0.741406 0.090278 0.057813 0.091667
3 0.860156 0.098611 0.057813 0.091667
