3 0.202344 0.055556 0.029687 0.033333
3 0.242188 0.093056 0.037500 0.063889
3 0.237500 0.127778 0.050000 0.077778
3 0.274219 0.083333 0.039062 0.066667
3 0.296094 0.066667 0.042188 0.061111
3 0.317969 0.091667 0.035937 0.050000
3 0.353125 0.122222 0.043750 0.083333
3 0.285938 0.190278 0.068750 0.125000
3 0.203125 0.205556 0.062500 0.105556
3 0.159375 0.276389 0.087500 0.163889
3 0.386719 0.079167 0.042188 0.069444
3 0.474219 0.116667 0.048438 0.061111
3 0.550000 0.163889 0.068750 0.088889
3 0.631250 0.316667 0.184375 0.255556
3 0.718750 0.554167 0.203125 0.325000
3 0.886719 0.868056 0.226562 0.252778
1 0.165625 0.079167 0.015625 0.030556
1 0.178125 0.143056 0.015625 0.025000
1 0.123438 0.204167 0.025000 0.058333
1 0.548438 0.105556 0.018750 0.027778
1 0.652344 0.163889 0.010937 0.038889
1 0.681250 0.191667 0.018750 0.050000
1 0.767969 0.204167 0.017188 0.047222
0 0.362500 0.162500 0.034375 0.058333
4 0.481250 0.180556 0.050000 0.077778
