3 0.149219 0.565278 0.295312 0.352778
3 0.141406 0.095833 0.107813 0.063889
1 0.468750 0.550000 0.096875 0.161111
1 0.695312 0.680556 0.071875 0.205556
1 0.900000 0.388889 0.043750 0.116667
1 0.732812 0.402778 0.043750 0.116667
3 0.753125 0.268056 0.068750 0.113889
3 0.628125 0.186111 0.153125 0.161111
3 0.727344 0.101389 0.039062 0.063889
0 0.735156 0.144444 0.051562 0.055556
3 0.768750 0.084722 0.028125 0.047222
3 0.796875 0.093056 0.037500 0.052778
1 0.826562 0.181944 0.015625 0.052778
1 0.884375 0.130556 0.015625 0.044444
1 0.910937 0.126389 0.009375 0.036111
1 0.896094 0.113889 0.007812 0.027778
1 0.859375 0.106944 0.009375 0.030556
4 0.854688 0.069444 0.021875 0.033333
