3 0.236719 0.143056 0.035937 0.069444
4 0.300000 0.179167 0.046875 0.080556
3 0.356250 0.141667 0.043750 0.077778
3 0.298438 0.118056 0.046875 0.091667
3 0.248438 0.126389 0.031250 0.063889
3 0.243750 0.084722 0.037500 0.069444
3 0.211719 0.066667 0.026562 0.044444
3 0.200000 0.055556 0.025000 0.038889
1 0.159375 0.087500 0.006250 0.025000
1 0.171094 0.102778 0.007812 0.027778
1 0.152344 0.201389 0.017188 0.052778
1 0.134375 0.280556 0.043750 0.066667
1 0.205469 0.266667 0.026562 0.072222
1 0.270313 0.268056 0.025000 0.075000
1 0.109375 0.193056 0.021875 0.052778
1 0.099219 0.163889 0.017188 0.038889
