3 0.177344 0.052778 0.020313 0.033333
3 0.207813 0.054167 0.034375 0.041667
3 0.239844 0.105556 0.045312 0.094444
3 0.306250 0.168056 0.062500 0.125000
3 0.239063 0.243056 0.084375 0.147222
3 0.364063 0.155556 0.043750 0.077778
3 0.824219 0.776389 0.348438 0.436111
3 0.861719 0.454167 0.232813 0.241667
3 0.671094 0.248611 0.129688 0.158333
3 0.577344 0.180556 0.076563 0.100000
3 0.500000 0.081944 0.034375 0.041667
3 0.407813 0.097222 0.037500 0.044444
1 0.174219 0.080556 0.010937 0.027778
1 0.171875 0.141667 0.018750 0.055556
1 0.149219 0.129167 0.014063 0.041667
1 0.527344 0.129167 0.010937 0.036111
1 0.543750 0.118056 0.012500 0.030556
1 0.604688 0.130556 0.018750 0.033333
1 0.571094 0.118056 0.010937 0.030556
1 0.959375 0.355556 0.037500 0.083333
1 0.880469 0.263889 0.023438 0.061111
0 0.453906 0.141667 0.039062 0.044444
0 0.524219 0.247222 0.064062 0.066667
0 0.043750 0.472222 0.084375 0.177778
