3 0.171875 0.043056 0.028125 0.030556
3 0.237500 0.088889 0.025000 0.050000
3 0.240625 0.068056 0.028125 0.041667
3 0.290625 0.070833 0.040625 0.058333
3 0.367188 0.155556 0.037500 0.072222
3 0.353125 0.133333 0.034375 0.083333
3 0.403125 0.101389 0.034375 0.063889
3 0.450000 0.079167 0.034375 0.052778
1 0.159375 0.079167 0.009375 0.025000
1 0.158594 0.127778 0.014063 0.038889
1 0.150000 0.180556 0.021875 0.050000
1 0.275000 0.227778 0.043750 0.061111
1 0.543750 0.119444 0.015625 0.038889
1 0.787500 0.230556 0.018750 0.055556
1 0.817969 0.251389 0.020313 0.063889
0 0.489063 0.140278 0.037500 0.036111
0 0.574219 0.201389 0.057813 0.063889
0 0.496875 0.097222 0.021875 0.033333
