1 0.221094 0.438889 0.098437 0.127778
1 0.564844 0.277778 0.042188 0.088889
1 0.596875 0.391667 0.056250 0.111111
1 0.759375 0.229167 0.021875 0.063889
1 0.764844 0.197222 0.020313 0.055556
1 0.834375 0.159722 0.015625 0.041667
1 0.925000 0.166667 0.018750 0.050000
1 0.868750 0.130556 0.009375 0.038889
1 0.854688 0.116667 0.012500 0.038889
1 0.896875 0.105556 0.006250 0.033333
1 0.912500 0.105556 0.006250 0.033333
0 0.370312 0.344444 0.203125 0.138889
3 0.233594 0.118056 0.117188 0.086111
4 0.875781 0.061111 0.026562 0.038889
3 0.817969 0.062500 0.023438 0.041667
