1 0.433594 0.570833 0.085938 0.163889
1 0.473438 0.458333 0.093750 0.138889
1 0.282813 0.468056 0.087500 0.141667
1 0.284375 0.240278 0.028125 0.069444
1 0.642188 0.354167 0.034375 0.091667
1 0.927344 0.387500 0.039062 0.108333
1 0.793750 0.234722 0.028125 0.069444
1 0.783594 0.301389 0.026562 0.086111
1 0.737500 0.341667 0.031250 0.088889
1 0.696094 0.277778 0.029687 0.077778
1 0.870313 0.109722 0.009375 0.030556
1 0.818750 0.141667 0.012500 0.044444
0 0.065625 0.163889 0.090625 0.050000
3 0.233594 0.118056 0.117188 0.086111
3 0.906250 0.063889 0.040625 0.066667
3 0.752344 0.095833 0.057813 0.058333
