1 0.218750 0.443056 0.109375 0.125000
1 0.285938 0.206944 0.028125 0.063889
1 0.730469 0.525000 0.048438 0.144444
1 0.853125 0.294444 0.028125 0.088889
1 0.821875 0.190278 0.018750 0.063889
1 0.850000 0.179167 0.018750 0.052778
1 0.878125 0.166667 0.018750 0.055556
1 0.893750 0.179167 0.015625 0.052778
1 0.930469 0.391667 0.042188 0.122222
1 0.898438 0.259722 0.028125 0.080556
1 0.918750 0.118056 0.012500 0.036111
1 0.849219 0.122222 0.010937 0.033333
1 0.867188 0.118056 0.009375 0.041667
1 0.825000 0.152778 0.015625 0.038889
3 0.626563 0.206944 0.325000 0.258333
3 0.396875 0.330556 0.212500 0.244444
3 0.234375 0.115278 0.121875 0.086111
