1 0.140625 0.323611 0.056250 0.108333
1 0.389844 0.462500 0.082812 0.130556
1 0.568750 0.404167 0.059375 0.125000
1 0.558594 0.922222 0.092188 0.155556
1 0.890625 0.129167 0.015625 0.047222
1 0.884375 0.166667 0.018750 0.055556
1 0.846875 0.219444 0.018750 0.061111
1 0.878125 0.223611 0.018750 0.069444
1 0.784375 0.190278 0.015625 0.058333
1 0.792969 0.265278 0.026562 0.075000
1 0.918750 0.362500 0.037500 0.108333
3 0.843750 0.075000 0.028125 0.038889
3 0.796875 0.070833 0.034375 0.047222
3 0.761719 0.106944 0.060937 0.086111
3 0.721094 0.097222 0.042188 0.066667
0 0.651563 0.148611 0.059375 0.058333
0 0.522656 0.351389 0.170313 0.125000
3 0.419531 0.238889 0.148438 0.138889
3 0.135937 0.100000 0.081250 0.061111
0 0.234375 0.102778 0.050000 0.033333
4 0.293750 0.098611 0.053125 0.030556
