3 0.243750 0.154167 0.037500 0.063889
3 0.298438 0.141667 0.037500 0.083333
3 0.275000 0.105556 0.028125 0.061111
3 0.231250 0.127778 0.043750 0.066667
3 0.500000 0.116667 0.050000 0.061111
3 0.206250 0.052778 0.021875 0.022222
1 0.852344 0.668056 0.107813 0.141667
1 0.667188 0.613889 0.096875 0.150000
1 0.631250 0.784722 0.112500 0.180556
1 0.749219 0.929167 0.142187 0.136111
1 0.171875 0.111111 0.009375 0.033333
1 0.165625 0.087500 0.009375 0.025000
1 0.159375 0.101389 0.009375 0.036111
1 0.131250 0.118056 0.012500 0.041667
1 0.062500 0.202778 0.021875 0.055556
1 0.031250 0.241667 0.021875 0.066667
0 0.326562 0.068056 0.021875 0.019444
