4 0.302344 0.163889 0.045312 0.077778
3 0.356250 0.143056 0.040625 0.075000
3 0.236719 0.143056 0.032813 0.063889
3 0.249219 0.118056 0.032813 0.058333
3 0.242188 0.079167 0.040625 0.063889
1 0.158594 0.079167 0.014063 0.030556
1 0.146094 0.097222 0.007812 0.033333
1 0.155469 0.127778 0.014063 0.038889
1 0.221875 0.243056 0.031250 0.069444
1 0.171875 0.218056 0.021875 0.058333
1 0.156250 0.184722 0.015625 0.058333
1 0.139844 0.179167 0.014063 0.052778
1 0.062500 0.202778 0.025000 0.077778
1 0.092969 0.180556 0.014063 0.050000
1 0.115625 0.181944 0.018750 0.058333
1 0.593750 0.154167 0.031250 0.047222
0 0.374219 0.181944 0.042188 0.052778
