3 0.234375 0.077778 0.043750 0.061111
3 0.246094 0.141667 0.082812 0.111111
3 0.345313 0.144444 0.037500 0.066667
3 0.359375 0.129167 0.031250 0.063889
3 0.187500 0.438889 0.253125 0.538889
3 0.097656 0.305556 0.192188 0.277778
3 0.800000 0.394444 0.156250 0.183333
3 0.708594 0.616667 0.229687 0.383333
3 0.578125 0.319444 0.096875 0.183333
3 0.500000 0.202778 0.068750 0.100000
3 0.558594 0.168056 0.054688 0.075000
3 0.614844 0.216667 0.073438 0.100000
3 0.610938 0.118056 0.090625 0.091667
3 0.415625 0.093056 0.040625 0.058333
1 0.781250 0.220833 0.015625 0.058333
1 0.739844 0.234722 0.017188 0.058333
1 0.175000 0.087500 0.015625 0.030556
1 0.148438 0.133333 0.012500 0.050000
0 0.304688 0.088889 0.021875 0.033333
0 0.324219 0.101389 0.023438 0.030556
0 0.382812 0.194444 0.043750 0.061111
0 0.464062 0.115278 0.028125 0.036111
