3 0.210938 0.209722 0.059375 0.108333
3 0.240625 0.101389 0.028125 0.052778
3 0.349219 0.122222 0.035937 0.066667
3 0.333594 0.104167 0.026562 0.047222
1 0.167969 0.080556 0.007812 0.022222
1 0.156250 0.097222 0.009375 0.033333
1 0.155469 0.138889 0.007812 0.027778
1 0.165625 0.152778 0.015625 0.038889
1 0.154688 0.154167 0.009375 0.047222
1 0.140625 0.180556 0.015625 0.050000
1 0.478125 0.530556 0.065625 0.133333
1 0.890625 0.311111 0.028125 0.083333
1 0.631250 0.159722 0.015625 0.030556
1 0.555469 0.113889 0.010937 0.027778
1 0.490625 0.091667 0.006250 0.022222
1 0.478125 0.097222 0.006250 0.033333
4 0.299219 0.102778 0.026562 0.044444
0 0.371094 0.156944 0.035937 0.047222
0 0.403125 0.093056 0.028125 0.030556
