3 0.103125 0.654167 0.203125 0.586111
3 0.168750 0.245833 0.115625 0.191667
3 0.234375 0.130556 0.034375 0.072222
3 0.301563 0.154167 0.053125 0.119444
3 0.367188 0.158333 0.040625 0.083333
3 0.353125 0.129167 0.034375 0.063889
3 0.340625 0.105556 0.025000 0.044444
3 0.503125 0.201389 0.056250 0.102778
3 0.602344 0.218056 0.064062 0.125000
3 0.892969 0.554167 0.214062 0.502778
3 0.471875 0.105556 0.050000 0.077778
3 0.542969 0.129167 0.051562 0.075000
3 0.187500 0.055556 0.025000 0.027778
1 0.618750 0.141667 0.028125 0.044444
1 0.600000 0.129167 0.015625 0.036111
1 0.584375 0.119444 0.012500 0.033333
1 0.515625 0.106944 0.009375 0.036111
1 0.162500 0.098611 0.015625 0.030556
1 0.179688 0.090278 0.009375 0.030556
1 0.143750 0.077778 0.006250 0.027778
0 0.235156 0.200000 0.020313 0.072222
0 0.257031 0.130556 0.014063 0.038889
