3 0.710938 0.491667 0.171875 0.277778
3 0.871094 0.455556 0.217188 0.266667
3 0.565625 0.281944 0.150000 0.269444
3 0.662500 0.218056 0.075000 0.119444
3 0.506250 0.129167 0.053125 0.069444
3 0.403125 0.069444 0.034375 0.066667
3 0.234375 0.141667 0.040625 0.072222
3 0.290625 0.098611 0.040625 0.080556
3 0.264844 0.079167 0.023438 0.047222
3 0.215625 0.048611 0.040625 0.041667
1 0.934375 0.336111 0.031250 0.044444
1 0.883594 0.297222 0.023438 0.066667
1 0.568750 0.137500 0.015625 0.041667
1 0.603125 0.143056 0.025000 0.041667
1 0.465625 0.088889 0.009375 0.027778
1 0.153125 0.102778 0.006250 0.033333
1 0.164844 0.108333 0.010937 0.033333
1 0.134375 0.136111 0.012500 0.044444
1 0.156250 0.198611 0.018750 0.058333
1 0.130469 0.223611 0.020313 0.069444
0 0.375000 0.094444 0.025000 0.027778
