3 0.678125 0.255556 0.096875 0.127778
3 0.792969 0.352778 0.148438 0.183333
3 0.506250 0.193056 0.096875 0.136111
3 0.571875 0.180556 0.059375 0.088889
3 0.090625 0.330556 0.178125 0.344444
3 0.196875 0.229167 0.037500 0.113889
3 0.280469 0.305556 0.079687 0.133333
3 0.287500 0.191667 0.081250 0.150000
3 0.234375 0.116667 0.050000 0.105556
3 0.349219 0.119444 0.035937 0.066667
1 0.178125 0.637500 0.056250 0.180556
1 0.161719 0.086111 0.010937 0.044444
1 0.167969 0.122222 0.014063 0.044444
1 0.518750 0.116667 0.012500 0.033333
1 0.580469 0.130556 0.014063 0.033333
1 0.684375 0.180556 0.018750 0.027778
1 0.753125 0.206944 0.018750 0.047222
1 0.759375 0.241667 0.025000 0.038889
1 0.818750 0.254167 0.034375 0.052778
1 0.907813 0.368056 0.053125 0.091667
1 0.943750 0.316667 0.031250 0.083333
1 0.985938 0.379167 0.028125 0.086111
0 0.371094 0.162500 0.032813 0.047222
