1 0.131250 0.330556 0.062500 0.105556
1 0.909375 0.130556 0.012500 0.038889
1 0.905469 0.163889 0.014063 0.050000
1 0.887500 0.172222 0.021875 0.044444
1 0.840625 0.251389 0.025000 0.075000
1 0.800000 0.391667 0.040625 0.111111
1 0.704688 0.191667 0.028125 0.061111
0 0.393750 0.237500 0.121875 0.097222
3 0.597656 0.358333 0.179688 0.183333
3 0.586719 0.198611 0.170313 0.169444
0 0.817187 0.162500 0.053125 0.058333
0 0.711719 0.125000 0.051562 0.050000
3 0.750000 0.076389 0.059375 0.091667
3 0.800781 0.097222 0.035937 0.061111
3 0.853125 0.113889 0.040625 0.066667
0 0.898438 0.079167 0.015625 0.025000
