1 0.907813 0.141667 0.012500 0.038889
1 0.911719 0.104167 0.010937 0.030556
1 0.876563 0.109722 0.009375 0.030556
1 0.861719 0.119444 0.010937 0.038889
1 0.849219 0.165278 0.014063 0.047222
1 0.796094 0.166667 0.020313 0.050000
1 0.965625 0.316667 0.059375 0.088889
1 0.742188 0.213889 0.028125 0.061111
1 0.703125 0.244444 0.028125 0.072222
1 0.521094 0.326389 0.051562 0.086111
1 0.450000 0.298611 0.053125 0.069444
1 0.362500 0.366667 0.071875 0.105556
3 0.234375 0.116667 0.118750 0.077778
3 0.064062 0.097222 0.125000 0.072222
