1 0.776563 0.331944 0.071875 0.091667
1 0.912500 0.113889 0.009375 0.038889
1 0.899219 0.104167 0.007812 0.036111
1 0.893750 0.129167 0.012500 0.041667
1 0.871094 0.122222 0.014063 0.044444
1 0.875000 0.156944 0.012500 0.041667
1 0.828125 0.194444 0.018750 0.061111
0 0.284375 0.375000 0.234375 0.150000
3 0.494531 0.337500 0.157812 0.186111
3 0.580469 0.152778 0.170313 0.188889
3 0.637500 0.204167 0.078125 0.091667
3 0.713281 0.155556 0.060937 0.072222
3 0.764844 0.077778 0.064062 0.077778
0 0.850000 0.116667 0.028125 0.044444
3 0.818750 0.151389 0.031250 0.047222
0 0.819531 0.072222 0.023438 0.027778
0 0.848437 0.075000 0.021875 0.022222
3 0.874219 0.093056 0.029687 0.052778
