1 0.526563 0.398611 0.062500 0.119444
1 0.906250 0.152778 0.012500 0.038889
1 0.890625 0.129167 0.009375 0.041667
1 0.868750 0.136111 0.009375 0.033333
1 0.850000 0.168056 0.015625 0.036111
1 0.850000 0.191667 0.015625 0.044444
1 0.881250 0.215278 0.018750 0.058333
1 0.823438 0.179167 0.018750 0.052778
1 0.771094 0.191667 0.023438 0.055556
1 0.737500 0.173611 0.028125 0.041667
3 0.233594 0.115278 0.114062 0.075000
4 0.370312 0.136111 0.100000 0.061111
3 0.369531 0.268056 0.185938 0.180556
0 0.789844 0.112500 0.039062 0.041667
0 0.746875 0.109722 0.040625 0.036111
