3 0.234375 0.102778 0.037500 0.061111
3 0.268750 0.088889 0.031250 0.050000
3 0.336719 0.101389 0.032813 0.052778
3 0.353125 0.118056 0.034375 0.063889
3 0.430469 0.205556 0.157812 0.155556
3 0.240625 0.159722 0.043750 0.069444
3 0.080469 0.243056 0.157812 0.108333
1 0.177344 0.079167 0.010937 0.030556
1 0.150000 0.119444 0.009375 0.027778
1 0.162500 0.131944 0.015625 0.041667
1 0.139063 0.166667 0.015625 0.044444
1 0.125000 0.147222 0.018750 0.044444
1 0.290625 0.398611 0.040625 0.108333
1 0.367969 0.468056 0.060937 0.125000
1 0.462500 0.436111 0.056250 0.116667
1 0.867969 0.654167 0.123438 0.163889
1 0.746875 0.227778 0.028125 0.055556
0 0.311719 0.170833 0.042188 0.058333
