3 0.199219 0.054167 0.035937 0.052778
3 0.239063 0.141667 0.043750 0.083333
3 0.301563 0.140278 0.056250 0.086111
3 0.283594 0.084722 0.051562 0.069444
3 0.232813 0.118056 0.050000 0.080556
1 0.012500 0.309722 0.021875 0.108333
1 0.277344 0.368056 0.039062 0.102778
1 0.104688 0.155556 0.012500 0.038889
1 0.127344 0.204167 0.014063 0.052778
1 0.158594 0.201389 0.020313 0.052778
1 0.164844 0.104167 0.010937 0.030556
3 0.396094 0.055556 0.042188 0.033333
1 0.090625 0.156944 0.015625 0.047222
0 0.372656 0.213889 0.048438 0.077778
0 0.363281 0.162500 0.042188 0.047222
