1 0.903125 0.109722 0.006250 0.030556
1 0.862500 0.133333 0.012500 0.038889
1 0.881250 0.154167 0.015625 0.041667
1 0.834375 0.145833 0.015625 0.036111
1 0.837500 0.179167 0.015625 0.041667
1 0.815625 0.176389 0.015625 0.047222
1 0.574219 0.383333 0.070312 0.116667
1 0.496875 0.330556 0.056250 0.105556
1 0.339844 0.254167 0.029687 0.080556
1 0.311719 0.280556 0.032813 0.077778
1 0.312500 0.356944 0.075000 0.102778
1 0.046094 0.547222 0.089063 0.155556
3 0.233594 0.118056 0.110937 0.086111
0 0.753125 0.104167 0.034375 0.041667
0 0.640625 0.158333 0.056250 0.044444
