1 0.928125 0.387500 0.037500 0.108333
1 0.877344 0.106944 0.014063 0.036111
1 0.862500 0.130556 0.015625 0.044444
1 0.831250 0.131944 0.009375 0.036111
1 0.840625 0.152778 0.015625 0.050000
1 0.833594 0.206944 0.020313 0.052778
1 0.876563 0.186111 0.018750 0.055556
1 0.852344 0.304167 0.032813 0.091667
1 0.762500 0.195833 0.025000 0.058333
1 0.753125 0.236111 0.025000 0.066667
1 0.731250 0.302778 0.040625 0.077778
1 0.675000 0.287500 0.065625 0.080556
1 0.392188 0.301389 0.040625 0.097222
1 0.425000 0.316667 0.043750 0.105556
3 0.232031 0.120833 0.120313 0.075000
0 0.771875 0.087500 0.037500 0.030556
0 0.821094 0.097222 0.032813 0.033333
