1 0.846875 0.122222 0.009375 0.044444
1 0.900000 0.130556 0.009375 0.038889
1 0.912500 0.118056 0.009375 0.036111
1 0.931250 0.143056 0.015625 0.041667
1 0.883594 0.129167 0.010937 0.036111
1 0.881250 0.154167 0.012500 0.047222
1 0.889844 0.180556 0.014063 0.050000
1 0.817969 0.184722 0.014063 0.058333
1 0.830469 0.202778 0.017188 0.061111
1 0.725000 0.279167 0.031250 0.080556
1 0.696094 0.305556 0.039062 0.083333
1 0.450000 0.333333 0.056250 0.100000
1 0.293750 0.391667 0.071875 0.116667
3 0.109375 0.455556 0.209375 0.216667
0 0.642188 0.204167 0.071875 0.058333
0 0.710938 0.150000 0.050000 0.050000
3 0.803906 0.094444 0.032813 0.055556
3 0.833594 0.080556 0.029687 0.044444
0 0.857031 0.065278 0.026562 0.025000
