3 0.093750 0.747222 0.181250 0.505556
3 0.728125 0.830556 0.506250 0.338889
3 0.139063 0.154167 0.053125 0.091667
3 0.230469 0.119444 0.042188 0.083333
3 0.293750 0.143056 0.043750 0.086111
3 0.368750 0.151389 0.040625 0.075000
1 0.008594 0.244444 0.014063 0.066667
1 0.086719 0.262500 0.026562 0.086111
1 0.136719 0.348611 0.039062 0.091667
1 0.122656 0.233333 0.020313 0.061111
1 0.137500 0.212500 0.025000 0.075000
1 0.164062 0.201389 0.018750 0.047222
1 0.177344 0.145833 0.020313 0.058333
1 0.161719 0.065278 0.007812 0.025000
1 0.185156 0.225000 0.023438 0.066667
1 0.232813 0.287500 0.034375 0.080556
1 0.261719 0.270833 0.026562 0.069444
1 0.283594 0.408333 0.054688 0.105556
1 0.432812 0.312500 0.034375 0.086111
1 0.819531 0.286111 0.017188 0.061111
1 0.565625 0.130556 0.009375 0.033333
1 0.503125 0.102778 0.009375 0.027778
