3 0.233594 0.143056 0.032813 0.075000
3 0.248438 0.119444 0.034375 0.066667
3 0.243750 0.091667 0.037500 0.066667
3 0.218750 0.066667 0.025000 0.044444
3 0.299219 0.116667 0.051562 0.088889
4 0.300000 0.166667 0.040625 0.077778
3 0.358594 0.141667 0.039062 0.083333
3 0.327344 0.095833 0.035937 0.091667
3 0.174219 0.043056 0.023438 0.036111
1 0.162500 0.079167 0.006250 0.025000
1 0.179688 0.091667 0.006250 0.022222
1 0.158594 0.113889 0.010937 0.027778
1 0.158594 0.188889 0.017188 0.050000
1 0.125000 0.191667 0.015625 0.050000
1 0.033594 0.229167 0.023438 0.058333
1 0.092188 0.191667 0.025000 0.061111
1 0.131250 0.154167 0.037500 0.047222
1 0.487500 0.079167 0.009375 0.025000
1 0.829688 0.863889 0.109375 0.211111
0 0.646094 0.244444 0.114062 0.061111
