1 0.884375 0.115278 0.009375 0.030556
1 0.862500 0.129167 0.015625 0.041667
1 0.877344 0.144444 0.007812 0.033333
1 0.837500 0.140278 0.012500 0.036111
1 0.821094 0.193056 0.017188 0.047222
1 0.812500 0.229167 0.025000 0.058333
1 0.860938 0.233333 0.021875 0.077778
1 0.896094 0.188889 0.017188 0.061111
1 0.743750 0.193056 0.021875 0.058333
0 0.317969 0.640278 0.285938 0.263889
3 0.232813 0.118056 0.115625 0.086111
1 0.193750 0.183333 0.031250 0.044444
0 0.820312 0.172222 0.053125 0.061111
3 0.757031 0.084722 0.067187 0.091667
4 0.835156 0.073611 0.029687 0.052778
