1 0.865625 0.136111 0.009375 0.044444
1 0.887500 0.151389 0.012500 0.041667
1 0.909375 0.144444 0.012500 0.038889
1 0.927344 0.134722 0.014063 0.030556
1 0.917188 0.202778 0.025000 0.050000
1 0.840625 0.211111 0.018750 0.055556
1 0.814063 0.229167 0.025000 0.069444
1 0.800000 0.331944 0.040625 0.091667
1 0.925000 0.390278 0.034375 0.108333
1 0.585938 0.316667 0.053125 0.094444
1 0.398438 0.366667 0.065625 0.111111
1 0.412500 0.748611 0.084375 0.208333
1 0.630469 0.768056 0.076563 0.230556
1 0.187500 0.404167 0.090625 0.119444
3 0.232031 0.116667 0.114062 0.077778
3 0.714063 0.188889 0.046875 0.077778
3 0.819531 0.143056 0.057813 0.091667
3 0.817969 0.069444 0.032813 0.044444
