1 0.889844 0.204167 0.017188 0.058333
1 0.903125 0.234722 0.021875 0.069444
1 0.852344 0.229167 0.020313 0.069444
1 0.861719 0.247222 0.020313 0.066667
1 0.811719 0.255556 0.026562 0.072222
1 0.812500 0.326389 0.034375 0.097222
1 0.742188 0.284722 0.028125 0.080556
1 0.658594 0.350000 0.042188 0.100000
1 0.581250 0.345833 0.043750 0.108333
1 0.421094 0.430556 0.076563 0.122222
1 0.465625 0.379167 0.053125 0.119444
1 0.646875 0.640278 0.062500 0.191667
1 0.129688 0.379167 0.034375 0.125000
0 0.771094 0.094444 0.023438 0.022222
3 0.871875 0.104167 0.037500 0.058333
3 0.829688 0.136111 0.053125 0.077778
0 0.834375 0.186111 0.059375 0.061111
0 0.692187 0.218056 0.106250 0.086111
3 0.472656 0.201389 0.151562 0.186111
3 0.209375 0.276389 0.218750 0.180556
