3 0.337500 0.095833 0.056250 0.108333
3 0.281250 0.143056 0.059375 0.136111
3 0.228125 0.104167 0.053125 0.108333
3 0.196094 0.054167 0.029687 0.041667
3 0.565625 0.219444 0.181250 0.116667
3 0.774219 0.179167 0.126562 0.113889
3 0.395313 0.066667 0.043750 0.061111
1 0.153125 0.084722 0.006250 0.030556
1 0.159375 0.105556 0.006250 0.027778
1 0.146875 0.204167 0.018750 0.052778
1 0.154688 0.183333 0.015625 0.050000
1 0.121875 0.180556 0.012500 0.044444
1 0.115625 0.154167 0.015625 0.047222
1 0.018750 0.220833 0.018750 0.058333
1 0.037500 0.245833 0.021875 0.063889
1 0.715625 0.412500 0.059375 0.108333
0 0.370312 0.205556 0.046875 0.061111
0 0.368750 0.161111 0.037500 0.044444
