3 0.293750 0.102778 0.046875 0.077778
3 0.239063 0.130556 0.037500 0.061111
3 0.265625 0.079167 0.021875 0.047222
3 0.211719 0.054167 0.042188 0.047222
3 0.567969 0.284722 0.148438 0.269444
3 0.714844 0.501389 0.173437 0.275000
3 0.662500 0.226389 0.075000 0.125000
3 0.875000 0.454167 0.225000 0.263889
3 0.503125 0.127778 0.053125 0.061111
3 0.406250 0.068056 0.043750 0.063889
1 0.164844 0.104167 0.010937 0.030556
1 0.153125 0.102778 0.006250 0.033333
1 0.134375 0.138889 0.012500 0.038889
1 0.156250 0.201389 0.018750 0.052778
1 0.131250 0.226389 0.018750 0.052778
1 0.568750 0.137500 0.018750 0.041667
1 0.603125 0.143056 0.018750 0.041667
1 0.883594 0.295833 0.029687 0.063889
1 0.934375 0.341667 0.028125 0.061111
0 0.375781 0.097222 0.023438 0.033333
