1 0.867969 0.131944 0.010937 0.041667
1 0.830469 0.138889 0.010937 0.038889
1 0.884375 0.130556 0.009375 0.038889
1 0.884375 0.161111 0.015625 0.044444
1 0.846875 0.200000 0.025000 0.050000
1 0.792188 0.204167 0.018750 0.058333
1 0.749219 0.218056 0.020313 0.052778
1 0.637500 0.241667 0.031250 0.072222
1 0.589063 0.230556 0.037500 0.072222
1 0.536719 0.309722 0.042188 0.080556
1 0.496094 0.427778 0.067187 0.116667
3 0.364063 0.354167 0.087500 0.091667
3 0.717187 0.338889 0.084375 0.133333
3 0.231250 0.115278 0.115625 0.086111
