3 0.100000 0.172222 0.059375 0.094444
3 0.149219 0.147222 0.045312 0.083333
3 0.236719 0.129167 0.048438 0.097222
3 0.299219 0.143056 0.042188 0.091667
3 0.367969 0.155556 0.039062 0.083333
3 0.231250 0.091667 0.050000 0.083333
3 0.277344 0.079167 0.045312 0.080556
3 0.546875 0.140278 0.059375 0.063889
3 0.628125 0.183333 0.037500 0.083333
1 0.181250 0.131944 0.018750 0.041667
1 0.179688 0.086111 0.009375 0.033333
1 0.156250 0.091667 0.015625 0.033333
0 0.325000 0.101389 0.021875 0.025000
0 0.346875 0.118056 0.028125 0.036111
