3 0.227344 0.155556 0.060937 0.111111
3 0.240625 0.104167 0.028125 0.058333
3 0.302344 0.116667 0.051562 0.094444
3 0.360938 0.130556 0.043750 0.072222
3 0.192969 0.055556 0.035937 0.044444
1 0.156250 0.120833 0.009375 0.036111
1 0.162500 0.066667 0.009375 0.027778
1 0.177344 0.141667 0.014063 0.038889
1 0.150000 0.155556 0.012500 0.038889
1 0.109375 0.162500 0.015625 0.041667
1 0.083594 0.172222 0.014063 0.055556
1 0.579688 0.119444 0.021875 0.050000
0 0.296875 0.168056 0.037500 0.058333
0 0.366406 0.166667 0.039062 0.055556
