1 0.881250 0.129167 0.015625 0.036111
1 0.867969 0.137500 0.010937 0.030556
1 0.868750 0.159722 0.012500 0.041667
1 0.878125 0.168056 0.015625 0.041667
1 0.893750 0.144444 0.015625 0.038889
1 0.906250 0.169444 0.015625 0.050000
1 0.736719 0.293056 0.057813 0.086111
1 0.808594 0.405556 0.045312 0.127778
1 0.287500 0.479167 0.093750 0.136111
1 0.683594 0.736111 0.073438 0.205556
3 0.803125 0.223611 0.050000 0.075000
3 0.820312 0.140278 0.053125 0.080556
3 0.630469 0.138889 0.060937 0.088889
3 0.676562 0.129167 0.050000 0.075000
3 0.704688 0.111111 0.046875 0.077778
0 0.121094 0.116667 0.054688 0.033333
1 0.033594 0.158333 0.039062 0.050000
3 0.067187 0.384722 0.131250 0.191667
4 0.785156 0.104167 0.039062 0.052778
0 0.761719 0.097222 0.023438 0.033333
3 0.881250 0.084722 0.028125 0.052778
3 0.785156 0.066667 0.042188 0.055556
