3 0.180469 0.041667 0.035937 0.050000
3 0.271094 0.129167 0.057813 0.113889
3 0.317969 0.091667 0.026562 0.050000
3 0.353125 0.129167 0.040625 0.080556
1 0.160938 0.072222 0.009375 0.033333
1 0.167969 0.158333 0.014063 0.038889
1 0.124219 0.216667 0.023438 0.055556
1 0.139844 0.193056 0.014063 0.058333
1 0.139063 0.144444 0.012500 0.038889
1 0.121875 0.130556 0.012500 0.033333
1 0.183594 0.204167 0.017188 0.058333
1 0.061719 0.218056 0.020313 0.052778
1 0.031250 0.209722 0.015625 0.058333
1 0.900000 0.334722 0.034375 0.080556
0 0.366406 0.163889 0.039062 0.050000
