3 0.080469 0.666667 0.157812 0.488889
3 0.646094 0.429167 0.242188 0.452778
3 0.528125 0.206944 0.100000 0.169444
3 0.471094 0.105556 0.076563 0.094444
3 0.296875 0.116667 0.050000 0.094444
3 0.349219 0.118056 0.035937 0.075000
3 0.239844 0.091667 0.035937 0.050000
1 0.161719 0.075000 0.007812 0.033333
1 0.156250 0.129167 0.012500 0.041667
1 0.093750 0.193056 0.015625 0.058333
1 0.415625 0.079167 0.009375 0.025000
1 0.402344 0.069444 0.007812 0.027778
1 0.521875 0.104167 0.012500 0.036111
0 0.371875 0.158333 0.037500 0.038889
