1 0.890625 0.104167 0.006250 0.025000
1 0.912500 0.130556 0.012500 0.044444
1 0.893750 0.154167 0.009375 0.047222
1 0.881250 0.129167 0.009375 0.036111
1 0.875000 0.148611 0.015625 0.041667
1 0.868750 0.179167 0.018750 0.052778
1 0.836719 0.136111 0.010937 0.044444
1 0.818750 0.141667 0.012500 0.044444
1 0.827344 0.154167 0.010937 0.047222
1 0.803125 0.170833 0.012500 0.058333
1 0.739844 0.216667 0.023438 0.072222
1 0.709375 0.243056 0.028125 0.080556
1 0.799219 0.402778 0.042188 0.116667
1 0.530469 0.819444 0.085938 0.238889
1 0.228125 0.273611 0.034375 0.091667
1 0.262500 0.193056 0.025000 0.058333
3 0.356250 0.379167 0.221875 0.269444
3 0.233594 0.116667 0.110937 0.083333
