3 0.139063 0.315278 0.118750 0.197222
3 0.196094 0.204167 0.070312 0.119444
3 0.290625 0.193056 0.068750 0.136111
3 0.231250 0.116667 0.034375 0.061111
3 0.300000 0.105556 0.040625 0.050000
1 0.165625 0.091667 0.009375 0.027778
1 0.131250 0.150000 0.015625 0.044444
1 0.154688 0.200000 0.015625 0.050000
1 0.096094 0.170833 0.017188 0.041667
1 0.540625 0.116667 0.009375 0.033333
1 0.690625 0.216667 0.021875 0.050000
1 0.746875 0.218056 0.018750 0.052778
1 0.792969 0.256944 0.023438 0.063889
1 0.837500 0.288889 0.025000 0.072222
1 0.859375 0.330556 0.034375 0.072222
1 0.962500 0.323611 0.028125 0.069444
0 0.555469 0.194444 0.048438 0.050000
