3 0.200000 0.211111 0.109375 0.205556
3 0.271875 0.283333 0.075000 0.150000
3 0.301563 0.127778 0.053125 0.127778
3 0.368750 0.159722 0.040625 0.080556
3 0.350000 0.130556 0.034375 0.066667
3 0.234375 0.076389 0.031250 0.047222
3 0.267188 0.070833 0.043750 0.063889
3 0.179688 0.045833 0.025000 0.036111
1 0.925000 0.337500 0.028125 0.086111
1 0.875000 0.359722 0.031250 0.086111
1 0.157812 0.101389 0.012500 0.030556
1 0.135156 0.126389 0.010937 0.036111
1 0.119531 0.159722 0.014063 0.047222
1 0.103906 0.180556 0.020313 0.055556
1 0.057813 0.195833 0.018750 0.052778
1 0.026562 0.241667 0.025000 0.066667
