3 0.179688 0.052778 0.025000 0.038889
3 0.228125 0.141667 0.059375 0.105556
3 0.293750 0.154167 0.050000 0.086111
3 0.335938 0.102778 0.031250 0.061111
3 0.317969 0.093056 0.032813 0.052778
3 0.290625 0.079167 0.021875 0.041667
3 0.589844 0.118056 0.039062 0.052778
3 0.432812 0.493056 0.131250 0.141667
1 0.158594 0.104167 0.010937 0.030556
1 0.164062 0.116667 0.009375 0.033333
1 0.133594 0.130556 0.014063 0.044444
1 0.040625 0.243056 0.025000 0.063889
1 0.546094 0.127778 0.010937 0.033333
0 0.353125 0.133333 0.034375 0.050000
0 0.771094 0.534722 0.173437 0.169444
