1 0.627344 0.500000 0.051562 0.155556
1 0.828125 0.318056 0.031250 0.097222
1 0.760938 0.248611 0.025000 0.080556
1 0.753125 0.205556 0.021875 0.055556
1 0.867188 0.205556 0.018750 0.055556
1 0.862500 0.158333 0.015625 0.050000
1 0.834375 0.154167 0.012500 0.041667
1 0.881250 0.136111 0.015625 0.044444
1 0.908594 0.120833 0.010937 0.036111
1 0.918750 0.133333 0.012500 0.038889
0 0.512500 0.270833 0.093750 0.086111
4 0.367969 0.134722 0.098437 0.058333
3 0.235156 0.115278 0.114062 0.086111
3 0.837500 0.070833 0.031250 0.052778
3 0.738281 0.098611 0.051562 0.058333
