1 0.068750 0.497222 0.109375 0.155556
1 0.096875 0.593056 0.140625 0.169444
1 0.317969 0.486111 0.089063 0.133333
1 0.329688 0.413889 0.084375 0.100000
1 0.492969 0.486111 0.089063 0.155556
1 0.405469 0.569444 0.110937 0.172222
1 0.580469 0.315278 0.051562 0.091667
1 0.839063 0.343056 0.034375 0.102778
1 0.855469 0.211111 0.020313 0.066667
1 0.862500 0.266667 0.025000 0.072222
1 0.846094 0.123611 0.010937 0.041667
1 0.855469 0.118056 0.007812 0.030556
1 0.853125 0.141667 0.009375 0.038889
1 0.901563 0.137500 0.009375 0.030556
1 0.927344 0.166667 0.014063 0.055556
1 0.871875 0.143056 0.015625 0.047222
3 0.235156 0.113889 0.117188 0.077778
4 0.367969 0.131944 0.098437 0.058333
4 0.232031 0.305556 0.210938 0.161111
0 0.548438 0.248611 0.093750 0.075000
0 0.822656 0.240278 0.064062 0.069444
0 0.837500 0.206944 0.059375 0.036111
0 0.714844 0.233333 0.089063 0.077778
0 0.767969 0.126389 0.035937 0.036111
0 0.732812 0.111111 0.050000 0.038889
