3 0.187500 0.054167 0.021875 0.036111
3 0.233594 0.095833 0.029687 0.041667
3 0.283594 0.116667 0.054688 0.088889
3 0.359375 0.130556 0.043750 0.066667
3 0.199219 0.229167 0.073438 0.141667
3 0.199219 0.484722 0.229687 0.330556
3 0.571094 0.290278 0.089063 0.136111
3 0.517969 0.216667 0.076563 0.116667
3 0.596875 0.191667 0.100000 0.127778
3 0.687500 0.268056 0.109375 0.141667
3 0.932813 0.805556 0.134375 0.316667
1 0.155469 0.075000 0.007812 0.033333
1 0.175000 0.116667 0.021875 0.038889
1 0.134375 0.130556 0.009375 0.033333
1 0.093750 0.168056 0.012500 0.041667
1 0.152344 0.141667 0.014063 0.033333
1 0.149219 0.175000 0.014063 0.044444
1 0.131250 0.254167 0.025000 0.063889
1 0.117969 0.204167 0.014063 0.052778
1 0.081250 0.204167 0.015625 0.052778
1 0.062500 0.176389 0.018750 0.052778
1 0.012500 0.230556 0.018750 0.055556
1 0.034375 0.241667 0.025000 0.061111
1 0.678125 0.169444 0.015625 0.038889
1 0.915625 0.325000 0.034375 0.083333
0 0.824219 0.513889 0.151562 0.161111
0 0.519531 0.740278 0.248438 0.241667
0 0.242969 0.204167 0.026562 0.052778
0 0.364844 0.168056 0.035937 0.047222
0 0.385937 0.229167 0.065625 0.080556
