3 0.285938 0.322222 0.121875 0.255556
3 0.202344 0.230556 0.064062 0.122222
3 0.242969 0.166667 0.057813 0.116667
3 0.299219 0.138889 0.042188 0.072222
3 0.359375 0.130556 0.037500 0.066667
3 0.306250 0.193056 0.043750 0.063889
3 0.103125 0.693056 0.203125 0.491667
3 0.431250 0.122222 0.053125 0.066667
3 0.461719 0.105556 0.048438 0.066667
1 0.071875 0.215278 0.015625 0.058333
1 0.131250 0.254167 0.025000 0.063889
1 0.117969 0.204167 0.017188 0.052778
1 0.158594 0.204167 0.017188 0.058333
1 0.096875 0.180556 0.015625 0.044444
1 0.090625 0.154167 0.009375 0.036111
1 0.165625 0.081944 0.018750 0.041667
1 0.508594 0.105556 0.010937 0.033333
1 0.964844 0.329167 0.026562 0.080556
0 0.366406 0.163889 0.035937 0.050000
0 0.385937 0.229167 0.065625 0.080556
0 0.600781 0.833333 0.273438 0.272222
0 0.824219 0.704167 0.235937 0.258333
