1 0.212500 0.487500 0.096875 0.141667
1 0.901563 0.115278 0.012500 0.036111
1 0.917188 0.111111 0.009375 0.033333
1 0.887500 0.156944 0.015625 0.047222
1 0.041406 0.545833 0.079687 0.158333
0 0.185938 0.672222 0.290625 0.261111
3 0.128125 0.100000 0.096875 0.061111
3 0.044531 0.102778 0.085938 0.055556
3 0.394531 0.345833 0.217188 0.258333
3 0.352344 0.262500 0.164062 0.175000
0 0.558594 0.279167 0.107813 0.102778
3 0.503906 0.211111 0.110937 0.116667
0 0.774219 0.197222 0.070312 0.066667
0 0.892188 0.094444 0.025000 0.027778
3 0.867188 0.113889 0.037500 0.061111
3 0.617969 0.134722 0.095312 0.119444
3 0.814844 0.080556 0.042188 0.066667
