3 0.150000 0.143056 0.043750 0.063889
3 0.221094 0.197222 0.073438 0.144444
3 0.301563 0.159722 0.053125 0.108333
3 0.368750 0.152778 0.037500 0.083333
3 0.286719 0.087500 0.042188 0.080556
3 0.230469 0.095833 0.048438 0.063889
3 0.552344 0.168056 0.060937 0.080556
3 0.612500 0.454167 0.140625 0.202778
3 0.670312 0.250000 0.087500 0.122222
1 0.942969 0.348611 0.032813 0.080556
1 0.934375 0.291667 0.021875 0.066667
1 0.842187 0.254167 0.018750 0.063889
1 0.787500 0.251389 0.028125 0.058333
1 0.600781 0.176389 0.014063 0.047222
1 0.646875 0.176389 0.015625 0.047222
1 0.690625 0.179167 0.025000 0.047222
1 0.721875 0.193056 0.018750 0.052778
1 0.600781 0.143056 0.010937 0.036111
1 0.589844 0.141667 0.010937 0.038889
1 0.148438 0.201389 0.012500 0.047222
1 0.120313 0.206944 0.015625 0.052778
1 0.111719 0.187500 0.014063 0.052778
1 0.051562 0.236111 0.021875 0.066667
1 0.166406 0.081944 0.010937 0.030556
1 0.120313 0.134722 0.012500 0.041667
1 0.176563 0.116667 0.015625 0.044444
