3 0.180469 0.045833 0.026562 0.041667
3 0.196094 0.054167 0.026562 0.041667
3 0.240625 0.080556 0.021875 0.044444
3 0.217188 0.169444 0.075000 0.116667
3 0.290625 0.179167 0.050000 0.097222
3 0.251563 0.068056 0.025000 0.041667
3 0.293750 0.066667 0.050000 0.066667
3 0.317969 0.093056 0.026562 0.047222
3 0.349219 0.122222 0.042188 0.083333
3 0.085938 0.327778 0.118750 0.172222
3 0.454688 0.141667 0.040625 0.066667
3 0.393750 0.054167 0.043750 0.036111
3 0.517969 0.129167 0.042188 0.052778
3 0.508594 0.201389 0.064062 0.102778
3 0.579688 0.198611 0.056250 0.069444
3 0.653125 0.243056 0.109375 0.147222
3 0.614062 0.380556 0.118750 0.172222
3 0.871094 0.866667 0.257812 0.266667
1 0.073438 0.218056 0.018750 0.058333
1 0.154688 0.066667 0.012500 0.033333
1 0.724219 0.226389 0.017188 0.052778
1 0.734375 0.204167 0.009375 0.036111
1 0.602344 0.138889 0.007812 0.038889
1 0.712500 0.166667 0.012500 0.033333
1 0.649219 0.154167 0.014063 0.041667
0 0.242969 0.336111 0.089063 0.122222
0 0.491406 0.108333 0.026562 0.033333
0 0.365625 0.165278 0.034375 0.058333
