1 0.871875 0.130556 0.015625 0.038889
1 0.871875 0.155556 0.012500 0.050000
1 0.905469 0.143056 0.010937 0.041667
1 0.892188 0.179167 0.018750 0.052778
1 0.892969 0.211111 0.017188 0.066667
1 0.843750 0.155556 0.015625 0.050000
1 0.825000 0.143056 0.012500 0.041667
1 0.821875 0.191667 0.015625 0.055556
1 0.792969 0.229167 0.026562 0.063889
1 0.846875 0.223611 0.025000 0.069444
1 0.817969 0.280556 0.029687 0.077778
1 0.843750 0.305556 0.025000 0.083333
1 0.860938 0.334722 0.037500 0.091667
1 0.780469 0.318056 0.032813 0.091667
1 0.752344 0.366667 0.035937 0.111111
1 0.181250 0.318056 0.037500 0.091667
0 0.091406 0.112500 0.070312 0.041667
4 0.123438 0.155556 0.100000 0.061111
0 0.402344 0.088889 0.051562 0.033333
0 0.695312 0.129167 0.046875 0.052778
0 0.758594 0.115278 0.032813 0.041667
3 0.600781 0.319444 0.192188 0.183333
3 0.602344 0.209722 0.160938 0.080556
3 0.757812 0.191667 0.084375 0.122222
3 0.768750 0.081944 0.037500 0.058333
3 0.813281 0.087500 0.035937 0.063889
3 0.860938 0.065278 0.028125 0.041667
0 0.897656 0.084722 0.023438 0.025000
