1 0.542969 0.293056 0.042188 0.086111
1 0.465625 0.323611 0.059375 0.091667
1 0.408594 0.386111 0.067187 0.116667
1 0.850000 0.370833 0.034375 0.091667
1 0.765625 0.291667 0.034375 0.088889
1 0.855469 0.286111 0.029687 0.083333
1 0.887500 0.118056 0.009375 0.036111
1 0.892188 0.129167 0.009375 0.036111
1 0.912500 0.104167 0.009375 0.030556
1 0.931250 0.097222 0.009375 0.033333
1 0.902344 0.147222 0.017188 0.044444
1 0.850000 0.154167 0.015625 0.052778
1 0.793750 0.170833 0.015625 0.058333
1 0.768750 0.205556 0.021875 0.066667
1 0.057813 0.148611 0.031250 0.041667
1 0.203125 0.186111 0.021875 0.055556
0 0.690625 0.126389 0.056250 0.047222
3 0.719531 0.104167 0.039062 0.058333
3 0.784375 0.091667 0.056250 0.083333
0 0.819531 0.093056 0.020313 0.030556
3 0.878906 0.093056 0.029687 0.047222
3 0.839063 0.077778 0.025000 0.033333
