3 0.240625 0.116667 0.050000 0.116667
3 0.296875 0.143056 0.040625 0.069444
3 0.364844 0.154167 0.039062 0.075000
3 0.350000 0.134722 0.034375 0.069444
3 0.261719 0.068056 0.042188 0.069444
3 0.193750 0.054167 0.028125 0.036111
3 0.340625 0.066667 0.037500 0.033333
1 0.185156 0.105556 0.010937 0.033333
1 0.108594 0.159722 0.017188 0.047222
1 0.154688 0.179167 0.015625 0.047222
1 0.213281 0.336111 0.029687 0.088889
1 0.210156 0.440278 0.045312 0.108333
1 0.321875 0.320833 0.053125 0.108333
1 0.867969 0.665278 0.117188 0.180556
1 0.813281 0.558333 0.092188 0.138889
1 0.541406 0.565278 0.082812 0.147222
1 0.522656 0.113889 0.010937 0.033333
