3 0.105469 0.143056 0.051562 0.091667
3 0.227344 0.134722 0.057813 0.091667
3 0.234375 0.093056 0.040625 0.091667
3 0.209375 0.054167 0.037500 0.052778
3 0.293750 0.140278 0.046875 0.086111
3 0.340625 0.108333 0.031250 0.066667
1 0.162500 0.083333 0.009375 0.033333
1 0.167969 0.104167 0.014063 0.036111
1 0.140625 0.165278 0.015625 0.047222
1 0.154688 0.151389 0.015625 0.041667
1 0.017188 0.229167 0.021875 0.069444
1 0.793750 0.205556 0.018750 0.050000
1 0.778125 0.216667 0.021875 0.050000
0 0.370312 0.158333 0.037500 0.038889
0 0.418750 0.090278 0.031250 0.030556
