3 0.085938 0.294444 0.159375 0.266667
3 0.356250 0.218056 0.231250 0.208333
3 0.356250 0.106944 0.059375 0.091667
3 0.227344 0.131944 0.051562 0.108333
3 0.205469 0.065278 0.026562 0.036111
3 0.246094 0.065278 0.042188 0.047222
3 0.192969 0.204167 0.048438 0.075000
3 0.596875 0.340278 0.103125 0.141667
1 0.150000 0.136111 0.015625 0.044444
1 0.839063 0.279167 0.046875 0.063889
1 0.784375 0.234722 0.031250 0.058333
1 0.768750 0.211111 0.015625 0.055556
1 0.730469 0.190278 0.014063 0.047222
1 0.652344 0.165278 0.014063 0.041667
1 0.625000 0.144444 0.012500 0.038889
1 0.593750 0.138889 0.012500 0.050000
1 0.553125 0.109722 0.012500 0.030556
1 0.489844 0.104167 0.010937 0.036111
1 0.505469 0.116667 0.007812 0.033333
0 0.778125 0.426389 0.103125 0.113889
0 0.920312 0.655556 0.159375 0.222222
