1 0.842969 0.213889 0.020313 0.061111
1 0.837500 0.301389 0.025000 0.086111
1 0.814063 0.234722 0.021875 0.069444
1 0.737500 0.275000 0.028125 0.083333
1 0.828125 0.186111 0.025000 0.055556
1 0.871875 0.119444 0.012500 0.038889
1 0.885938 0.097222 0.009375 0.033333
1 0.905469 0.101389 0.007812 0.025000
1 0.923438 0.105556 0.012500 0.033333
3 0.135156 0.368056 0.267188 0.263889
3 0.070312 0.158333 0.056250 0.050000
0 0.435156 0.252778 0.110937 0.072222
3 0.609375 0.265278 0.156250 0.158333
0 0.756250 0.126389 0.043750 0.052778
0 0.729688 0.108333 0.037500 0.038889
3 0.728906 0.184722 0.048438 0.058333
3 0.840625 0.116667 0.053125 0.088889
0 0.805469 0.079167 0.023438 0.025000
3 0.828125 0.050000 0.037500 0.061111
3 0.853906 0.061111 0.035937 0.055556
