1 0.909375 0.127778 0.015625 0.044444
1 0.889844 0.118056 0.014063 0.036111
1 0.854688 0.118056 0.012500 0.041667
1 0.868750 0.141667 0.012500 0.033333
1 0.896094 0.168056 0.014063 0.052778
1 0.867969 0.161111 0.014063 0.044444
1 0.846875 0.154167 0.015625 0.047222
1 0.781250 0.216667 0.021875 0.072222
1 0.821094 0.329167 0.035937 0.102778
1 0.734375 0.305556 0.065625 0.094444
1 0.633594 0.256944 0.039062 0.075000
3 0.135156 0.456944 0.267188 0.430556
3 0.235937 0.118056 0.118750 0.080556
3 0.835938 0.077778 0.034375 0.050000
0 0.882812 0.097222 0.028125 0.033333
