1 0.048438 0.441667 0.093750 0.138889
1 0.489063 0.293056 0.050000 0.075000
1 0.705469 0.291667 0.048438 0.083333
1 0.850000 0.120833 0.009375 0.036111
1 0.867188 0.127778 0.009375 0.038889
1 0.892969 0.116667 0.010937 0.033333
1 0.896094 0.154167 0.014063 0.047222
1 0.887500 0.176389 0.015625 0.052778
1 0.854688 0.143056 0.009375 0.036111
3 0.261719 0.465278 0.264062 0.280556
4 0.371094 0.133333 0.101562 0.066667
3 0.507031 0.200000 0.145313 0.133333
3 0.233594 0.116667 0.120313 0.094444
3 0.776563 0.081944 0.040625 0.047222
