3 0.083594 0.793056 0.157812 0.408333
3 0.043750 0.393056 0.084375 0.341667
3 0.246094 0.379167 0.157812 0.247222
3 0.652344 0.241667 0.114062 0.144444
3 0.218750 0.162500 0.068750 0.125000
3 0.312500 0.193056 0.062500 0.136111
3 0.371875 0.152778 0.043750 0.077778
3 0.150000 0.141667 0.046875 0.083333
3 0.228125 0.065278 0.037500 0.063889
3 0.473438 0.168056 0.068750 0.097222
3 0.428125 0.093056 0.034375 0.047222
1 0.527344 0.104167 0.007812 0.030556
1 0.512500 0.094444 0.006250 0.033333
1 0.496094 0.088889 0.007812 0.027778
1 0.468750 0.083333 0.009375 0.033333
1 0.068750 0.213889 0.018750 0.061111
1 0.099219 0.230556 0.020313 0.066667
1 0.125000 0.205556 0.018750 0.055556
1 0.136719 0.204167 0.017188 0.058333
1 0.146875 0.179167 0.015625 0.047222
1 0.121094 0.155556 0.014063 0.044444
1 0.179688 0.152778 0.012500 0.050000
1 0.164844 0.083333 0.010937 0.033333
0 0.139844 0.286111 0.082812 0.094444
0 0.196094 0.061111 0.023438 0.027778
0 0.256250 0.138889 0.015625 0.038889
0 0.352344 0.129167 0.023438 0.041667
