3 0.237500 0.143056 0.037500 0.069444
3 0.243750 0.104167 0.031250 0.058333
3 0.356250 0.130556 0.037500 0.072222
3 0.333594 0.105556 0.026562 0.050000
3 0.271094 0.080556 0.035937 0.066667
3 0.199219 0.052778 0.045312 0.044444
4 0.299219 0.155556 0.048438 0.066667
1 0.152344 0.084722 0.010937 0.030556
1 0.149219 0.129167 0.010937 0.036111
1 0.161719 0.181944 0.017188 0.058333
1 0.142969 0.180556 0.014063 0.050000
1 0.131250 0.191667 0.015625 0.055556
1 0.118750 0.191667 0.015625 0.050000
1 0.128125 0.143056 0.015625 0.041667
1 0.115625 0.134722 0.009375 0.041667
3 0.092188 0.205556 0.046875 0.072222
1 0.093750 0.155556 0.015625 0.033333
0 0.374219 0.177778 0.042188 0.044444
