3 0.146875 0.433333 0.162500 0.266667
3 0.130469 0.280556 0.095312 0.155556
3 0.246094 0.291667 0.085938 0.122222
4 0.285938 0.229167 0.056250 0.108333
3 0.183594 0.205556 0.057813 0.111111
3 0.275000 0.166667 0.050000 0.100000
3 0.231250 0.166667 0.034375 0.072222
3 0.355469 0.127778 0.057813 0.127778
3 0.208594 0.066667 0.023438 0.033333
3 0.689844 0.468056 0.295312 0.491667
3 0.855469 0.413889 0.170313 0.211111
3 0.771094 0.244444 0.329688 0.183333
3 0.964844 0.580556 0.070312 0.283333
3 0.893750 0.893056 0.209375 0.208333
3 0.436719 0.095833 0.035937 0.058333
1 0.162500 0.098611 0.009375 0.030556
1 0.154688 0.076389 0.006250 0.025000
1 0.096094 0.193056 0.014063 0.041667
1 0.131250 0.186111 0.015625 0.033333
1 0.115625 0.155556 0.009375 0.038889
1 0.143750 0.155556 0.015625 0.038889
1 0.096875 0.154167 0.012500 0.036111
1 0.058594 0.202778 0.039062 0.055556
1 0.471094 0.088889 0.007812 0.027778
1 0.492188 0.116667 0.009375 0.027778
1 0.521094 0.105556 0.007812 0.033333
1 0.536719 0.116667 0.007812 0.033333
1 0.589844 0.130556 0.010937 0.038889
0 0.381250 0.193056 0.043750 0.058333
