1 0.431250 0.379167 0.059375 0.113889
1 0.558594 0.330556 0.051562 0.105556
1 0.706250 0.293056 0.031250 0.091667
1 0.743750 0.223611 0.034375 0.069444
1 0.929688 0.391667 0.037500 0.105556
1 0.808594 0.191667 0.017188 0.050000
1 0.845313 0.179167 0.015625 0.047222
1 0.868750 0.168056 0.015625 0.047222
1 0.854688 0.130556 0.012500 0.038889
1 0.878125 0.138889 0.009375 0.038889
1 0.924219 0.127778 0.014063 0.033333
1 0.896875 0.109722 0.009375 0.030556
3 0.232813 0.118056 0.112500 0.086111
3 0.280469 0.140278 0.082812 0.091667
