3 0.110156 0.668056 0.217188 0.647222
3 0.202344 0.230556 0.098437 0.150000
3 0.290625 0.116667 0.050000 0.083333
3 0.353125 0.129167 0.037500 0.080556
3 0.292969 0.066667 0.042188 0.050000
3 0.335938 0.054167 0.056250 0.047222
3 0.486719 0.104167 0.082812 0.097222
1 0.125000 0.215278 0.028125 0.063889
1 0.176563 0.091667 0.009375 0.027778
1 0.179688 0.111111 0.012500 0.033333
1 0.168750 0.127778 0.009375 0.033333
1 0.178125 0.152778 0.009375 0.033333
1 0.796875 0.231944 0.018750 0.047222
0 0.365625 0.163889 0.040625 0.055556
0 0.485156 0.154167 0.048438 0.052778
0 0.423438 0.131944 0.040625 0.052778
