1 0.835938 0.123611 0.009375 0.041667
1 0.843750 0.118056 0.009375 0.036111
1 0.862500 0.109722 0.009375 0.030556
1 0.821094 0.154167 0.014063 0.047222
1 0.812500 0.218056 0.025000 0.069444
1 0.859375 0.229167 0.025000 0.069444
1 0.925000 0.387500 0.031250 0.108333
1 0.771094 0.255556 0.029687 0.077778
1 0.815625 0.448611 0.043750 0.130556
1 0.696875 0.266667 0.034375 0.083333
1 0.631250 0.306944 0.043750 0.091667
1 0.400000 0.419444 0.078125 0.127778
1 0.443750 0.352778 0.056250 0.105556
1 0.254688 0.343056 0.065625 0.108333
1 0.196094 0.593056 0.139063 0.163889
1 0.048438 0.408333 0.093750 0.133333
3 0.235156 0.113889 0.114062 0.083333
0 0.663281 0.209722 0.064062 0.069444
0 0.650781 0.152778 0.054688 0.044444
