1 0.893750 0.129167 0.015625 0.041667
1 0.868750 0.123611 0.015625 0.041667
1 0.875000 0.159722 0.012500 0.041667
1 0.828125 0.195833 0.018750 0.063889
1 0.775000 0.330556 0.068750 0.083333
0 0.285156 0.375000 0.232813 0.144444
3 0.494531 0.338889 0.151562 0.188889
3 0.643750 0.198611 0.087500 0.080556
3 0.578906 0.155556 0.167187 0.188889
3 0.714063 0.155556 0.056250 0.066667
3 0.764844 0.075000 0.064062 0.083333
0 0.850000 0.116667 0.028125 0.044444
3 0.820312 0.150000 0.031250 0.050000
0 0.820312 0.070833 0.021875 0.025000
0 0.850000 0.075000 0.025000 0.022222
3 0.875000 0.095833 0.028125 0.052778
