1 0.934375 0.116667 0.015625 0.033333
1 0.874219 0.106944 0.010937 0.036111
1 0.903125 0.161111 0.015625 0.055556
1 0.893750 0.197222 0.018750 0.055556
1 0.808594 0.193056 0.020313 0.058333
3 0.485156 0.338889 0.517188 0.400000
0 0.255469 0.858333 0.467187 0.283333
0 0.041406 0.119444 0.079687 0.038889
3 0.579688 0.177778 0.059375 0.100000
3 0.628125 0.155556 0.062500 0.116667
0 0.679688 0.125000 0.046875 0.027778
0 0.742188 0.144444 0.043750 0.050000
3 0.717969 0.095833 0.064062 0.086111
3 0.775781 0.106944 0.045312 0.075000
0 0.807031 0.101389 0.026562 0.030556
3 0.824219 0.076389 0.045312 0.063889
