1 0.893750 0.119444 0.009375 0.033333
1 0.881250 0.115278 0.006250 0.025000
1 0.861719 0.137500 0.010937 0.041667
1 0.821094 0.136111 0.010937 0.033333
1 0.839063 0.166667 0.015625 0.044444
1 0.846094 0.181944 0.017188 0.052778
1 0.835938 0.209722 0.018750 0.058333
1 0.818750 0.241667 0.018750 0.061111
1 0.827344 0.294444 0.023438 0.088889
1 0.925000 0.391667 0.037500 0.111111
1 0.778125 0.230556 0.025000 0.077778
1 0.765625 0.198611 0.025000 0.069444
1 0.714844 0.223611 0.029687 0.069444
1 0.703125 0.280556 0.037500 0.077778
1 0.750000 0.340278 0.034375 0.108333
1 0.762500 0.505556 0.043750 0.144444
1 0.656250 0.269444 0.034375 0.072222
1 0.562500 0.309722 0.050000 0.091667
1 0.540625 0.368056 0.053125 0.097222
1 0.431250 0.430556 0.065625 0.122222
1 0.468750 0.330556 0.050000 0.094444
1 0.429688 0.318056 0.056250 0.097222
1 0.333594 0.302778 0.057813 0.088889
1 0.304688 0.380556 0.071875 0.111111
3 0.230469 0.118056 0.120313 0.080556
