3 0.325000 0.091667 0.034375 0.055556
3 0.293750 0.143056 0.040625 0.075000
3 0.150000 0.118056 0.050000 0.069444
3 0.227344 0.134722 0.057813 0.091667
3 0.234375 0.093056 0.040625 0.080556
1 0.024219 0.254167 0.023438 0.069444
1 0.093750 0.159722 0.012500 0.041667
1 0.143750 0.165278 0.009375 0.047222
1 0.154688 0.061111 0.009375 0.033333
1 0.627344 0.145833 0.032813 0.052778
0 0.358594 0.134722 0.032813 0.036111
0 0.370312 0.200000 0.046875 0.072222
0 0.403125 0.262500 0.071875 0.075000
0 0.590625 0.252778 0.121875 0.072222
