1 0.907813 0.129167 0.009375 0.041667
1 0.893750 0.138889 0.015625 0.038889
1 0.868750 0.116667 0.009375 0.033333
1 0.871875 0.130556 0.015625 0.038889
1 0.755469 0.166667 0.039062 0.055556
1 0.573438 0.329167 0.040625 0.102778
1 0.753125 0.455556 0.056250 0.127778
1 0.778125 0.655556 0.059375 0.194444
1 0.434375 0.340278 0.056250 0.102778
1 0.453125 0.920833 0.103125 0.158333
0 0.891406 0.088889 0.023438 0.033333
3 0.839063 0.070833 0.025000 0.047222
0 0.818750 0.091667 0.028125 0.033333
3 0.803906 0.063889 0.042188 0.055556
0 0.788281 0.109722 0.039062 0.041667
3 0.757812 0.081944 0.040625 0.058333
0 0.634375 0.238889 0.078125 0.077778
0 0.621094 0.175000 0.054688 0.050000
3 0.102344 0.334722 0.201563 0.241667
