3 0.227344 0.152778 0.070312 0.105556
3 0.461719 0.155556 0.067187 0.088889
3 0.414844 0.091667 0.039062 0.061111
3 0.496875 0.116667 0.084375 0.111111
3 0.349219 0.065278 0.048438 0.052778
3 0.675000 0.266667 0.156250 0.183333
1 0.164062 0.091667 0.006250 0.033333
1 0.137500 0.129167 0.009375 0.036111
1 0.160938 0.129167 0.012500 0.036111
1 0.160938 0.201389 0.012500 0.052778
1 0.150000 0.193056 0.009375 0.047222
1 0.131250 0.255556 0.021875 0.066667
1 0.137500 0.206944 0.021875 0.058333
1 0.117969 0.202778 0.014063 0.055556
1 0.103125 0.159722 0.015625 0.041667
1 0.024219 0.263889 0.023438 0.072222
1 0.033594 0.218056 0.017188 0.063889
1 0.058594 0.180556 0.014063 0.050000
1 0.090625 0.187500 0.018750 0.041667
1 0.333594 0.441667 0.051562 0.111111
1 0.621094 0.131944 0.010937 0.036111
0 0.557031 0.112500 0.023438 0.030556
0 0.368750 0.180556 0.034375 0.055556
0 0.387500 0.233333 0.062500 0.077778
3 0.357812 0.138889 0.040625 0.077778
0 0.199219 0.068056 0.023438 0.030556
