1 0.105469 0.591667 0.135937 0.166667
1 0.431250 0.411111 0.078125 0.127778
1 0.515625 0.316667 0.059375 0.088889
1 0.524219 0.265278 0.045312 0.075000
1 0.623437 0.230556 0.034375 0.066667
1 0.621094 0.776389 0.070312 0.213889
1 0.930469 0.390278 0.042188 0.108333
1 0.783594 0.383333 0.035937 0.111111
1 0.686719 0.233333 0.029687 0.061111
1 0.734375 0.204167 0.021875 0.063889
1 0.812500 0.193056 0.015625 0.058333
1 0.908594 0.179167 0.017188 0.052778
1 0.875000 0.129167 0.015625 0.041667
3 0.232031 0.115278 0.117188 0.080556
