3 0.934375 0.579167 0.131250 0.269444
3 0.693750 0.254167 0.153125 0.197222
3 0.428125 0.102778 0.050000 0.094444
3 0.379688 0.072222 0.043750 0.066667
3 0.349219 0.119444 0.035937 0.066667
3 0.174219 0.047222 0.020313 0.033333
1 0.154688 0.068056 0.009375 0.036111
1 0.156250 0.130556 0.012500 0.044444
1 0.143750 0.176389 0.015625 0.047222
3 0.078125 0.193056 0.037500 0.069444
0 0.232813 0.079167 0.028125 0.036111
4 0.258594 0.068056 0.026562 0.036111
0 0.312500 0.093056 0.021875 0.025000
0 0.371094 0.159722 0.032813 0.041667
0 0.454688 0.154167 0.034375 0.047222
