1 0.852344 0.122222 0.010937 0.044444
1 0.868750 0.137500 0.012500 0.041667
1 0.890625 0.118056 0.015625 0.041667
1 0.912500 0.125000 0.012500 0.044444
1 0.900000 0.143056 0.015625 0.047222
1 0.896094 0.172222 0.014063 0.044444
1 0.865625 0.159722 0.018750 0.041667
1 0.846875 0.154167 0.018750 0.052778
1 0.782813 0.218056 0.018750 0.063889
1 0.821094 0.329167 0.032813 0.097222
1 0.733594 0.304167 0.064062 0.086111
1 0.634375 0.259722 0.040625 0.080556
3 0.136719 0.461111 0.270313 0.472222
3 0.236719 0.116667 0.114062 0.083333
3 0.835156 0.075000 0.042188 0.050000
0 0.883594 0.097222 0.032813 0.038889
