1 0.523438 0.341667 0.056250 0.105556
1 0.880469 0.116667 0.010937 0.033333
1 0.870313 0.150000 0.012500 0.044444
1 0.776563 0.240278 0.025000 0.058333
1 0.774219 0.273611 0.026562 0.080556
1 0.724219 0.240278 0.023438 0.069444
3 0.164844 0.147222 0.107813 0.100000
3 0.106250 0.091667 0.209375 0.094444
3 0.524219 0.519444 0.173437 0.222222
3 0.674219 0.150000 0.110937 0.166667
3 0.747656 0.120833 0.048438 0.069444
0 0.871875 0.106944 0.031250 0.030556
3 0.904687 0.068056 0.028125 0.047222
3 0.877344 0.055556 0.035937 0.038889
