3 0.081250 0.181944 0.068750 0.108333
3 0.148438 0.144444 0.046875 0.083333
3 0.236719 0.129167 0.042188 0.097222
3 0.302344 0.141667 0.048438 0.094444
3 0.371094 0.151389 0.039062 0.075000
3 0.281250 0.080556 0.043750 0.072222
3 0.223438 0.091667 0.050000 0.088889
1 0.120313 0.141667 0.012500 0.044444
1 0.146875 0.202778 0.009375 0.050000
1 0.137500 0.198611 0.012500 0.041667
1 0.170313 0.080556 0.009375 0.027778
1 0.225000 0.218056 0.025000 0.052778
1 0.715625 0.466667 0.059375 0.116667
1 0.446875 0.827778 0.121875 0.194444
1 0.506250 0.913889 0.112500 0.172222
0 0.352344 0.133333 0.023438 0.044444
