1 0.906250 0.112500 0.006250 0.030556
1 0.890625 0.116667 0.009375 0.033333
1 0.896094 0.147222 0.010937 0.044444
1 0.837500 0.151389 0.009375 0.036111
1 0.829688 0.191667 0.018750 0.061111
1 0.808594 0.206944 0.017188 0.063889
1 0.721094 0.254167 0.023438 0.075000
1 0.603125 0.316667 0.037500 0.088889
1 0.543750 0.372222 0.059375 0.116667
1 0.377344 0.405556 0.070312 0.116667
1 0.724219 0.779167 0.076563 0.236111
1 0.062500 0.563889 0.121875 0.166667
0 0.275781 0.376389 0.217188 0.141667
3 0.119531 0.108333 0.073438 0.055556
3 0.853906 0.113889 0.026562 0.038889
4 0.724219 0.148611 0.048438 0.063889
3 0.771875 0.086111 0.040625 0.061111
3 0.817187 0.086111 0.031250 0.055556
3 0.789844 0.072222 0.039062 0.061111
1 0.917969 0.087500 0.007812 0.025000
1 0.931250 0.106944 0.009375 0.030556
