3 0.243750 0.880556 0.484375 0.238889
3 0.362500 0.152778 0.037500 0.072222
3 0.350000 0.127778 0.037500 0.066667
3 0.242969 0.095833 0.035937 0.063889
3 0.446875 0.087500 0.056250 0.075000
3 0.215625 0.065278 0.025000 0.041667
1 0.178906 0.081944 0.007812 0.019444
1 0.171875 0.093056 0.009375 0.025000
1 0.186719 0.095833 0.007812 0.030556
1 0.170313 0.122222 0.012500 0.033333
1 0.158594 0.108333 0.010937 0.038889
1 0.151562 0.200000 0.021875 0.061111
1 0.129688 0.206944 0.025000 0.058333
1 0.098437 0.198611 0.018750 0.058333
1 0.090625 0.256944 0.028125 0.063889
1 0.577344 0.136111 0.014063 0.038889
1 0.920312 0.313889 0.031250 0.072222
1 0.844531 0.294444 0.035937 0.066667
