1 0.150000 0.409722 0.090625 0.119444
1 0.550000 0.480556 0.068750 0.155556
1 0.927344 0.379167 0.045312 0.102778
1 0.907813 0.141667 0.012500 0.038889
1 0.909375 0.116667 0.009375 0.038889
1 0.793750 0.180556 0.015625 0.044444
1 0.831250 0.195833 0.015625 0.058333
1 0.868750 0.186111 0.018750 0.055556
1 0.730469 0.229167 0.035937 0.063889
3 0.234375 0.113889 0.115625 0.077778
0 0.503125 0.300000 0.115625 0.116667
3 0.854688 0.100000 0.062500 0.116667
3 0.778906 0.097222 0.051562 0.077778
3 0.725781 0.134722 0.060937 0.091667
3 0.680469 0.122222 0.057813 0.077778
