3 0.228125 0.055556 0.043750 0.066667
3 0.283594 0.105556 0.048438 0.088889
3 0.309375 0.165278 0.100000 0.180556
3 0.187500 0.204167 0.087500 0.113889
3 0.096875 0.401389 0.143750 0.147222
3 0.074219 0.705556 0.145313 0.533333
3 0.427344 0.104167 0.067187 0.097222
3 0.500000 0.130556 0.050000 0.072222
3 0.556250 0.155556 0.059375 0.066667
3 0.557813 0.265278 0.128125 0.202778
3 0.640625 0.230556 0.081250 0.127778
3 0.751563 0.343056 0.109375 0.158333
3 0.850000 0.741667 0.296875 0.472222
1 0.068750 0.193056 0.015625 0.058333
1 0.083594 0.229167 0.020313 0.063889
1 0.127344 0.205556 0.017188 0.061111
1 0.117188 0.154167 0.012500 0.041667
1 0.802344 0.269444 0.017188 0.061111
0 0.382031 0.197222 0.045312 0.055556
0 0.707031 0.245833 0.054688 0.069444
0 0.892969 0.506944 0.176563 0.169444
