3 0.293750 0.116667 0.034375 0.066667
3 0.349219 0.129167 0.029687 0.063889
3 0.364844 0.154167 0.035937 0.075000
3 0.450000 0.091667 0.043750 0.061111
3 0.389844 0.091667 0.045312 0.055556
1 0.170313 0.081944 0.009375 0.025000
1 0.160938 0.115278 0.012500 0.036111
1 0.150000 0.197222 0.021875 0.055556
1 0.129688 0.168056 0.015625 0.041667
1 0.132812 0.205556 0.018750 0.055556
1 0.109375 0.204167 0.012500 0.058333
1 0.096875 0.229167 0.018750 0.063889
1 0.087500 0.254167 0.025000 0.069444
1 0.081250 0.175000 0.018750 0.050000
1 0.010156 0.243056 0.017188 0.069444
1 0.787500 0.225000 0.021875 0.055556
0 0.685937 0.345833 0.087500 0.102778
0 0.494531 0.137500 0.039062 0.047222
