1 0.892969 0.131944 0.017188 0.041667
1 0.865625 0.123611 0.009375 0.030556
1 0.856250 0.118056 0.009375 0.036111
1 0.825000 0.143056 0.012500 0.036111
1 0.845313 0.156944 0.015625 0.047222
1 0.887500 0.168056 0.015625 0.047222
1 0.884375 0.198611 0.018750 0.058333
1 0.828125 0.198611 0.025000 0.069444
1 0.793750 0.159722 0.015625 0.041667
1 0.776563 0.191667 0.021875 0.055556
1 0.753125 0.216667 0.021875 0.061111
1 0.784375 0.233333 0.021875 0.061111
1 0.778125 0.281944 0.025000 0.080556
1 0.887500 0.356944 0.056250 0.097222
1 0.662500 0.223611 0.034375 0.069444
1 0.681250 0.323611 0.037500 0.108333
1 0.706250 0.379167 0.034375 0.108333
1 0.523438 0.318056 0.053125 0.102778
1 0.228125 0.363889 0.087500 0.111111
3 0.234375 0.115278 0.118750 0.080556
3 0.735156 0.088889 0.064062 0.088889
0 0.785937 0.083333 0.028125 0.033333
