3 0.231250 0.072222 0.037500 0.055556
3 0.237500 0.129167 0.037500 0.075000
3 0.212500 0.173611 0.071875 0.130556
3 0.262500 0.077778 0.028125 0.055556
3 0.292969 0.097222 0.042188 0.083333
3 0.296875 0.148611 0.043750 0.080556
3 0.360938 0.129167 0.040625 0.075000
3 0.290625 0.293056 0.100000 0.180556
1 0.168750 0.108333 0.025000 0.038889
1 0.090625 0.155556 0.018750 0.038889
1 0.148438 0.145833 0.015625 0.036111
1 0.109375 0.181944 0.018750 0.047222
1 0.062500 0.180556 0.018750 0.044444
1 0.159375 0.204167 0.025000 0.052778
1 0.131250 0.254167 0.025000 0.069444
1 0.021094 0.258333 0.023438 0.066667
1 0.555469 0.143056 0.010937 0.036111
1 0.600000 0.184722 0.015625 0.041667
1 0.634375 0.186111 0.015625 0.055556
1 0.643750 0.170833 0.015625 0.041667
1 0.724219 0.213889 0.023438 0.050000
1 0.800000 0.277778 0.025000 0.066667
1 0.862500 0.266667 0.025000 0.061111
1 0.852344 0.354167 0.029687 0.086111
1 0.900000 0.311111 0.025000 0.072222
1 0.940625 0.366667 0.034375 0.083333
1 0.968750 0.340278 0.028125 0.075000
0 0.366406 0.168056 0.039062 0.047222
0 0.385937 0.234722 0.065625 0.086111
0 0.918750 0.597222 0.162500 0.200000
