3 0.196094 0.054167 0.026562 0.041667
3 0.228125 0.118056 0.046875 0.091667
3 0.237500 0.143056 0.037500 0.086111
3 0.301563 0.141667 0.053125 0.083333
1 0.164844 0.105556 0.004687 0.033333
1 0.153125 0.119444 0.006250 0.033333
1 0.142969 0.127778 0.010937 0.033333
1 0.125000 0.143056 0.012500 0.041667
1 0.158594 0.204167 0.020313 0.047222
1 0.092188 0.156944 0.012500 0.041667
1 0.105469 0.155556 0.010937 0.044444
1 0.055469 0.200000 0.017188 0.050000
1 0.011719 0.262500 0.020313 0.075000
1 0.565625 0.243056 0.040625 0.063889
0 0.367969 0.202778 0.051562 0.061111
0 0.366406 0.163889 0.039062 0.044444
