3 0.058594 0.423611 0.114062 0.269444
3 0.259375 0.268056 0.121875 0.213889
3 0.246875 0.144444 0.046875 0.066667
3 0.267188 0.073611 0.034375 0.058333
3 0.243750 0.065278 0.025000 0.047222
3 0.361719 0.154167 0.042188 0.080556
3 0.915625 0.555556 0.165625 0.294444
3 0.650000 0.241667 0.106250 0.133333
3 0.418750 0.104167 0.053125 0.080556
3 0.475000 0.111111 0.062500 0.083333
1 0.174219 0.080556 0.017188 0.027778
1 0.178125 0.118056 0.012500 0.030556
1 0.165625 0.138889 0.015625 0.038889
1 0.150000 0.193056 0.021875 0.063889
1 0.125000 0.202778 0.018750 0.055556
1 0.553125 0.129167 0.015625 0.036111
0 0.528125 0.159722 0.046875 0.047222
0 0.567187 0.201389 0.056250 0.052778
0 0.648438 0.415278 0.103125 0.125000
