3 0.429688 0.202778 0.165625 0.155556
3 0.086719 0.241667 0.170313 0.116667
3 0.239844 0.158333 0.045312 0.066667
3 0.234375 0.095833 0.034375 0.058333
3 0.267969 0.084722 0.029687 0.058333
3 0.353125 0.127778 0.028125 0.066667
3 0.339844 0.097222 0.035937 0.055556
3 0.375000 0.077778 0.046875 0.055556
1 0.176563 0.077778 0.009375 0.033333
1 0.149219 0.119444 0.010937 0.027778
1 0.162500 0.131944 0.012500 0.036111
1 0.125000 0.147222 0.015625 0.044444
1 0.136719 0.166667 0.014063 0.044444
1 0.290625 0.393056 0.034375 0.119444
1 0.364844 0.462500 0.057813 0.119444
1 0.465625 0.429167 0.050000 0.108333
1 0.867969 0.655556 0.123438 0.161111
1 0.746875 0.230556 0.034375 0.055556
0 0.314063 0.170833 0.043750 0.058333
