1 0.892969 0.093056 0.007812 0.025000
1 0.915625 0.130556 0.012500 0.038889
1 0.878125 0.237500 0.025000 0.069444
1 0.846094 0.343056 0.032813 0.097222
1 0.753125 0.295833 0.028125 0.091667
1 0.689844 0.320833 0.042188 0.091667
1 0.627344 0.272222 0.032813 0.083333
1 0.518750 0.240278 0.037500 0.069444
1 0.406250 0.198611 0.028125 0.058333
1 0.212500 0.441667 0.090625 0.127778
1 0.142969 0.602778 0.132812 0.172222
1 0.293750 0.468056 0.093750 0.147222
1 0.415625 0.393056 0.071875 0.119444
1 0.714844 0.497222 0.054688 0.144444
0 0.318750 0.295833 0.143750 0.113889
4 0.268750 0.177778 0.090625 0.088889
3 0.125781 0.102778 0.085938 0.055556
4 0.202344 0.100000 0.060937 0.044444
3 0.642188 0.133333 0.090625 0.127778
3 0.806250 0.086111 0.046875 0.061111
3 0.769531 0.077778 0.032813 0.055556
3 0.849219 0.063889 0.045312 0.061111
