1 0.850000 0.127778 0.012500 0.033333
1 0.871875 0.122222 0.015625 0.044444
1 0.903125 0.123611 0.012500 0.041667
1 0.852344 0.148611 0.017188 0.041667
1 0.829688 0.162500 0.012500 0.041667
1 0.843750 0.218056 0.021875 0.063889
1 0.901563 0.193056 0.018750 0.052778
1 0.760938 0.255556 0.034375 0.061111
1 0.808594 0.280556 0.029687 0.072222
1 0.714063 0.294444 0.034375 0.083333
1 0.671094 0.273611 0.032813 0.080556
1 0.554688 0.322222 0.043750 0.094444
1 0.627344 0.779167 0.076563 0.219444
4 0.646094 0.229167 0.129688 0.113889
4 0.802344 0.086111 0.064062 0.066667
3 0.233594 0.118056 0.114062 0.086111
