3 0.290625 0.091667 0.043750 0.088889
3 0.225000 0.155556 0.068750 0.111111
3 0.379688 0.191667 0.053125 0.111111
1 0.158594 0.090278 0.004687 0.025000
1 0.162500 0.109722 0.006250 0.030556
1 0.179688 0.130556 0.009375 0.038889
1 0.152344 0.143056 0.014063 0.047222
1 0.087500 0.166667 0.015625 0.044444
1 0.111719 0.155556 0.017188 0.061111
1 0.171875 0.254167 0.025000 0.069444
1 0.142969 0.186111 0.032813 0.055556
1 0.193750 0.319444 0.025000 0.083333
1 0.211719 0.291667 0.026562 0.077778
1 0.256250 0.338889 0.034375 0.088889
1 0.325000 0.266667 0.043750 0.066667
1 0.324219 0.341667 0.042188 0.083333
1 0.384375 0.259722 0.046875 0.069444
1 0.756250 0.234722 0.018750 0.058333
1 0.825000 0.566667 0.078125 0.144444
1 0.050000 0.204167 0.015625 0.052778
0 0.252344 0.072222 0.026562 0.027778
0 0.296875 0.166667 0.040625 0.055556
0 0.573438 0.170833 0.053125 0.052778
