1 0.890625 0.104167 0.006250 0.030556
1 0.871875 0.094444 0.006250 0.027778
1 0.900000 0.104167 0.006250 0.030556
1 0.890625 0.161111 0.015625 0.044444
1 0.776563 0.366667 0.037500 0.105556
1 0.665625 0.265278 0.031250 0.075000
1 0.530469 0.479167 0.064062 0.102778
1 0.521875 0.406944 0.059375 0.113889
1 0.478125 0.354167 0.075000 0.097222
1 0.378125 0.416667 0.078125 0.122222
4 0.093750 0.344444 0.184375 0.294444
3 0.232031 0.119444 0.120313 0.083333
3 0.600781 0.170833 0.151562 0.147222
0 0.786719 0.109722 0.042188 0.030556
