3 0.600000 0.279167 0.190625 0.291667
3 0.087500 0.668056 0.171875 0.402778
3 0.100000 0.331944 0.131250 0.208333
3 0.208594 0.202778 0.054688 0.111111
3 0.296094 0.177778 0.048438 0.105556
3 0.368750 0.154167 0.037500 0.086111
3 0.296094 0.104167 0.045312 0.063889
3 0.239063 0.090278 0.028125 0.058333
3 0.148438 0.141667 0.050000 0.083333
3 0.426563 0.102778 0.062500 0.094444
1 0.058594 0.226389 0.023438 0.075000
1 0.139844 0.204167 0.017188 0.052778
1 0.123438 0.204167 0.009375 0.047222
1 0.112500 0.209722 0.012500 0.030556
1 0.178125 0.147222 0.015625 0.044444
1 0.183594 0.105556 0.020313 0.044444
1 0.152344 0.072222 0.007812 0.033333
1 0.962500 0.355556 0.034375 0.094444
1 0.871875 0.268056 0.028125 0.063889
1 0.789844 0.247222 0.023438 0.055556
1 0.724219 0.201389 0.017188 0.047222
1 0.671094 0.170833 0.017188 0.041667
1 0.630469 0.151389 0.007812 0.036111
0 0.246094 0.373611 0.110937 0.191667
0 0.228125 0.141667 0.034375 0.044444
0 0.504687 0.137500 0.037500 0.047222
