3 0.208594 0.055556 0.020313 0.038889
3 0.234375 0.077778 0.043750 0.072222
3 0.361719 0.191667 0.057813 0.116667
3 0.340625 0.105556 0.028125 0.050000
3 0.360938 0.129167 0.046875 0.063889
3 0.693750 0.155556 0.140625 0.122222
1 0.896094 0.554167 0.082812 0.141667
1 0.049219 0.201389 0.017188 0.052778
1 0.086719 0.212500 0.023438 0.058333
1 0.115625 0.131944 0.009375 0.041667
1 0.131250 0.119444 0.006250 0.027778
1 0.130469 0.154167 0.020313 0.041667
1 0.150000 0.179167 0.028125 0.052778
1 0.712500 0.223611 0.021875 0.058333
0 0.278906 0.101389 0.020313 0.025000
0 0.291406 0.130556 0.032813 0.044444
0 0.512500 0.340278 0.112500 0.130556
