3 0.165625 0.518056 0.196875 0.369444
3 0.542969 0.241667 0.082812 0.133333
3 0.492969 0.166667 0.060937 0.094444
3 0.596094 0.202778 0.085938 0.116667
3 0.456250 0.130556 0.065625 0.072222
1 0.181250 0.086111 0.009375 0.033333
1 0.168750 0.093056 0.009375 0.030556
1 0.156250 0.086111 0.009375 0.033333
1 0.131250 0.155556 0.012500 0.044444
1 0.156250 0.201389 0.018750 0.052778
1 0.684375 0.168056 0.015625 0.047222
1 0.946094 0.295833 0.026562 0.075000
0 0.074219 0.387500 0.114062 0.136111
0 0.203125 0.261111 0.062500 0.072222
0 0.685937 0.370833 0.106250 0.113889
