0 0.553750 0.534444 0.225000 0.233333
3 0.831250 0.417778 0.182500 0.191111
1 0.063125 0.662222 0.118750 0.173333
1 0.218750 0.421111 0.072500 0.113333
1 0.451250 0.334444 0.042500 0.082222
1 0.424375 0.322222 0.046250 0.093333
1 0.509375 0.288889 0.031250 0.084444
1 0.565625 0.332222 0.036250 0.086667
1 0.636875 0.336667 0.026250 0.077778
1 0.627500 0.302222 0.025000 0.080000
1 0.597500 0.284444 0.030000 0.084444
1 0.645000 0.260000 0.032500 0.057778
1 0.550000 0.178889 0.015000 0.028889
1 0.511875 0.172222 0.016250 0.037778
1 0.476250 0.155556 0.017500 0.031111
1 0.784375 0.242222 0.008750 0.026667
1 0.816250 0.251111 0.017500 0.031111
1 0.679375 0.214444 0.011250 0.024444
