3 0.828750 0.408889 0.182500 0.195556
0 0.553750 0.541111 0.225000 0.215556
1 0.065000 0.663333 0.117500 0.184444
1 0.220000 0.424444 0.077500 0.120000
1 0.449375 0.334444 0.043750 0.082222
1 0.425000 0.320000 0.045000 0.093333
1 0.509375 0.285556 0.036250 0.077778
1 0.565000 0.330000 0.040000 0.086667
1 0.638125 0.335556 0.023750 0.080000
1 0.626875 0.310000 0.023750 0.082222
1 0.598750 0.286667 0.030000 0.066667
1 0.650000 0.260000 0.025000 0.071111
1 0.551875 0.177778 0.011250 0.031111
1 0.512500 0.168889 0.017500 0.035556
1 0.499375 0.158889 0.008750 0.028889
1 0.479375 0.160000 0.018750 0.040000
1 0.681875 0.214444 0.013750 0.028889
1 0.785000 0.241111 0.010000 0.020000
1 0.814375 0.252222 0.016250 0.024444
