0 0.331875 0.252222 0.108750 0.091111
3 0.130000 0.287778 0.122500 0.108889
3 0.009375 0.307778 0.016250 0.068889
1 0.185000 0.477778 0.065000 0.102222
1 0.222500 0.423333 0.052500 0.091111
1 0.499375 0.205556 0.033750 0.068889
1 0.661875 0.254444 0.033750 0.077778
1 0.642500 0.198889 0.025000 0.064444
1 0.653125 0.177778 0.023750 0.062222
1 0.695625 0.174444 0.026250 0.060000
1 0.718750 0.186667 0.027500 0.080000
1 0.754375 0.205556 0.033750 0.077778
1 0.801250 0.185556 0.027500 0.064444
1 0.821875 0.166667 0.026250 0.053333
1 0.820000 0.127778 0.017500 0.055556
1 0.845625 0.073333 0.016250 0.044444
1 0.746250 0.087778 0.012500 0.042222
1 0.716250 0.066667 0.012500 0.031111
1 0.442500 0.135556 0.022500 0.040000
