0 0.127500 0.540000 0.160000 0.182222
1 0.311250 0.644444 0.055000 0.146667
1 0.273125 0.394444 0.043750 0.077778
1 0.258750 0.385556 0.047500 0.095556
1 0.176250 0.360000 0.040000 0.075556
1 0.201250 0.325556 0.047500 0.073333
1 0.417500 0.174444 0.022500 0.046667
1 0.683750 0.371111 0.032500 0.097778
1 0.806875 0.208889 0.021250 0.066667
1 0.844375 0.166667 0.016250 0.071111
1 0.875000 0.146667 0.015000 0.057778
1 0.877500 0.070000 0.012500 0.042222
1 0.989375 0.124444 0.021250 0.066667
0 0.010000 0.325556 0.017500 0.055556
0 0.035000 0.203333 0.037500 0.037778
