1 0.053750 0.195556 0.012500 0.048889
1 0.161250 0.108889 0.007500 0.022222
1 0.152500 0.097778 0.007500 0.017778
1 0.138750 0.087778 0.002500 0.011111
1 0.265625 0.238889 0.016250 0.068889
1 0.248125 0.248889 0.018750 0.071111
1 0.220000 0.210000 0.015000 0.060000
1 0.118125 0.235556 0.021250 0.062222
1 0.163125 0.268889 0.016250 0.071111
1 0.128750 0.278889 0.020000 0.068889
1 0.083125 0.320000 0.018750 0.080000
1 0.154375 0.197778 0.013750 0.057778
1 0.901875 0.508889 0.048750 0.151111
1 0.464375 0.775556 0.063750 0.248889
1 0.552500 0.896667 0.150000 0.206667
1 0.098750 0.468889 0.077500 0.111111
0 0.925000 0.356667 0.147500 0.117778
3 0.422500 0.440000 0.245000 0.262222
0 0.134375 0.113333 0.021250 0.031111
0 0.181250 0.221111 0.045000 0.064444
0 0.254375 0.184444 0.043750 0.048889
0 0.314375 0.195556 0.048750 0.048889
