1 0.114375 0.187778 0.013750 0.042222
1 0.166250 0.115556 0.007500 0.026667
1 0.196875 0.131111 0.008750 0.026667
1 0.217500 0.150000 0.007500 0.037778
1 0.223750 0.137778 0.007500 0.031111
1 0.353125 0.188889 0.013750 0.048889
1 0.587500 0.316667 0.045000 0.086667
1 0.719375 0.335556 0.061250 0.088889
1 0.751875 0.427778 0.051250 0.122222
1 0.888750 0.311111 0.035000 0.088889
1 0.948750 0.300000 0.025000 0.080000
1 0.990000 0.310000 0.020000 0.086667
0 0.373750 0.311111 0.090000 0.097778
0 0.079375 0.124444 0.021250 0.035556
