1 0.101250 0.110000 0.007500 0.020000
1 0.085000 0.140000 0.007500 0.031111
1 0.073750 0.137778 0.007500 0.031111
1 0.080625 0.156667 0.008750 0.037778
1 0.140000 0.092222 0.007500 0.020000
1 0.199375 0.126667 0.008750 0.031111
1 0.089375 0.212222 0.018750 0.046667
1 0.075000 0.258889 0.017500 0.060000
1 0.099375 0.258889 0.018750 0.060000
1 0.101250 0.295556 0.020000 0.075556
1 0.074375 0.328889 0.026250 0.080000
1 0.130000 0.257778 0.017500 0.066667
1 0.139375 0.285556 0.018750 0.073333
1 0.131250 0.340000 0.020000 0.088889
1 0.196250 0.312222 0.022500 0.091111
1 0.255000 0.267778 0.022500 0.077778
1 0.291875 0.337778 0.026250 0.093333
2 0.104375 0.515556 0.031250 0.160000
1 0.260000 0.477778 0.037500 0.137778
1 0.417500 0.280000 0.027500 0.071111
0 0.147500 0.158889 0.037500 0.042222
0 0.261250 0.246667 0.052500 0.071111
0 0.183125 0.238889 0.048750 0.068889
0 0.130000 0.197778 0.040000 0.062222
0 0.142500 0.176667 0.032500 0.046667
1 0.932500 0.331111 0.042500 0.084444
