1 0.083125 0.145556 0.008750 0.033333
1 0.096250 0.166667 0.007500 0.031111
1 0.076250 0.215556 0.015000 0.044444
1 0.129375 0.238889 0.013750 0.060000
1 0.156250 0.152222 0.007500 0.033333
1 0.100000 0.110000 0.005000 0.020000
1 0.140000 0.095556 0.005000 0.017778
1 0.187500 0.115556 0.005000 0.022222
1 0.213125 0.208889 0.011250 0.048889
1 0.238750 0.140000 0.010000 0.031111
1 0.263125 0.167778 0.011250 0.037778
1 0.272500 0.160000 0.007500 0.040000
1 0.205625 0.297778 0.021250 0.084444
1 0.188125 0.340000 0.023750 0.093333
1 0.153125 0.391111 0.028750 0.111111
1 0.310000 0.287778 0.025000 0.086667
1 0.258750 0.541111 0.050000 0.175556
1 0.380000 0.258889 0.017500 0.060000
1 0.398750 0.278889 0.020000 0.068889
1 0.421875 0.268889 0.018750 0.062222
1 0.443750 0.261111 0.025000 0.068889
1 0.451250 0.288889 0.025000 0.080000
1 0.501250 0.302222 0.030000 0.075556
1 0.506250 0.276667 0.027500 0.068889
1 0.535625 0.297778 0.033750 0.084444
1 0.656875 0.370000 0.036250 0.100000
1 0.967500 0.527778 0.065000 0.144444
1 0.832500 0.478889 0.072500 0.122222
1 0.862500 0.325556 0.032500 0.091111
1 0.908125 0.316667 0.023750 0.082222
1 0.941875 0.305556 0.038750 0.091111
1 0.973750 0.350000 0.052500 0.100000
1 0.973750 0.306667 0.050000 0.093333
0 0.870000 0.661111 0.260000 0.277778
0 0.418125 0.492222 0.156250 0.211111
0 0.401250 0.767778 0.200000 0.366667
0 0.550000 0.388889 0.135000 0.151111
0 0.131875 0.138889 0.028750 0.037778
0 0.085000 0.125556 0.025000 0.037778
0 0.085000 0.085556 0.012500 0.020000
