1 0.146875 0.101111 0.003750 0.020000
1 0.089375 0.120000 0.006250 0.026667
1 0.081250 0.122222 0.005000 0.022222
1 0.079375 0.141111 0.008750 0.028889
1 0.089375 0.145556 0.006250 0.024444
1 0.086875 0.161111 0.006250 0.024444
1 0.081875 0.174444 0.008750 0.033333
1 0.103750 0.174444 0.010000 0.042222
1 0.125000 0.156667 0.012500 0.037778
1 0.106250 0.206667 0.010000 0.035556
1 0.110000 0.255556 0.012500 0.062222
1 0.156250 0.270000 0.015000 0.068889
1 0.181875 0.242222 0.013750 0.062222
1 0.144375 0.188889 0.011250 0.048889
1 0.255625 0.251111 0.016250 0.066667
1 0.289375 0.186667 0.011250 0.044444
1 0.206875 0.127778 0.006250 0.028889
1 0.178125 0.114444 0.006250 0.024444
1 0.393750 0.226667 0.015000 0.053333
1 0.118125 0.467778 0.078750 0.131111
1 0.108750 0.443333 0.082500 0.108889
1 0.286875 0.417778 0.068750 0.120000
1 0.310625 0.440000 0.066250 0.111111
1 0.326250 0.466667 0.085000 0.133333
1 0.356250 0.397778 0.070000 0.102222
1 0.299375 0.777778 0.146250 0.208889
1 0.365625 0.688889 0.121250 0.182222
1 0.935000 0.605556 0.085000 0.166667
1 0.473125 0.401111 0.063750 0.108889
1 0.550625 0.308889 0.041250 0.080000
1 0.536875 0.395556 0.048750 0.084444
1 0.660000 0.390000 0.047500 0.100000
1 0.608750 0.346667 0.040000 0.062222
1 0.754375 0.394444 0.053750 0.100000
1 0.982500 0.424444 0.035000 0.120000
1 0.748125 0.366667 0.058750 0.097778
1 0.755000 0.343333 0.057500 0.086667
1 0.825625 0.374444 0.048750 0.100000
1 0.821250 0.344444 0.042500 0.088889
1 0.850000 0.354444 0.042500 0.095556
1 0.894375 0.338889 0.046250 0.086667
1 0.908125 0.361111 0.043750 0.095556
1 0.950000 0.342222 0.047500 0.088889
1 0.936250 0.320000 0.052500 0.088889
1 0.330625 0.905556 0.153750 0.188889
