1 0.081875 0.145556 0.008750 0.033333
1 0.092500 0.120000 0.005000 0.022222
1 0.093750 0.160000 0.010000 0.040000
1 0.103125 0.220000 0.013750 0.057778
1 0.163750 0.188889 0.012500 0.048889
1 0.170625 0.205556 0.011250 0.046667
1 0.101250 0.311111 0.020000 0.088889
1 0.273125 0.230000 0.018750 0.068889
1 0.335000 0.211111 0.015000 0.057778
1 0.355000 0.271111 0.025000 0.080000
1 0.385000 0.308889 0.030000 0.080000
1 0.393750 0.235556 0.017500 0.071111
1 0.326875 0.861111 0.081250 0.277778
1 0.923750 0.312222 0.040000 0.091111
1 0.950625 0.306667 0.031250 0.080000
0 0.238750 0.315556 0.067500 0.111111
3 0.328125 0.412222 0.091250 0.197778
