1 0.498750 0.860000 0.160000 0.222222
1 0.170625 0.821111 0.153750 0.224444
1 0.532500 0.952222 0.000000 0.002222
1 0.091875 0.138889 0.008750 0.028889
1 0.086875 0.190000 0.013750 0.046667
1 0.061250 0.255556 0.020000 0.057778
1 0.222500 0.216667 0.015000 0.055556
1 0.215000 0.155556 0.010000 0.040000
1 0.336250 0.191111 0.015000 0.048889
1 0.351250 0.188889 0.015000 0.048889
1 0.265625 0.280000 0.021250 0.080000
1 0.519375 0.307778 0.038750 0.086667
1 0.780625 0.328889 0.053750 0.080000
1 0.803125 0.371111 0.066250 0.097778
1 0.950000 0.301111 0.022500 0.082222
1 0.983750 0.301111 0.032500 0.077778
1 0.989375 0.310000 0.021250 0.077778
0 0.103125 0.107778 0.018750 0.024444
0 0.170625 0.137778 0.026250 0.035556
0 0.151250 0.231111 0.050000 0.075556
