1 0.160000 0.177778 0.012500 0.048889
1 0.169375 0.158889 0.011250 0.051111
1 0.309375 0.231111 0.016250 0.066667
1 0.370000 0.232222 0.017500 0.060000
1 0.411250 0.235556 0.022500 0.066667
1 0.440000 0.275556 0.027500 0.071111
1 0.457500 0.310000 0.030000 0.086667
1 0.505625 0.312222 0.038750 0.077778
1 0.631250 0.322222 0.052500 0.084444
1 0.820000 0.331111 0.040000 0.084444
1 0.833125 0.346667 0.046250 0.084444
1 0.878125 0.327778 0.046250 0.086667
1 0.922500 0.302222 0.040000 0.075556
1 0.938750 0.295556 0.025000 0.071111
1 0.963125 0.306667 0.033750 0.080000
0 0.091875 0.198889 0.041250 0.064444
0 0.143750 0.237778 0.045000 0.075556
0 0.206875 0.213333 0.043750 0.057778
