1 0.179375 0.132222 0.008750 0.033333
1 0.203125 0.143333 0.011250 0.037778
1 0.260625 0.157778 0.013750 0.040000
1 0.200625 0.194444 0.013750 0.051111
1 0.321875 0.182222 0.016250 0.048889
1 0.456250 0.266667 0.027500 0.071111
1 0.533750 0.307778 0.027500 0.082222
1 0.082500 0.157778 0.010000 0.044444
1 0.117500 0.175556 0.012500 0.044444
1 0.138125 0.241111 0.016250 0.064444
1 0.193125 0.121111 0.008750 0.028889
1 0.181250 0.406667 0.030000 0.120000
1 0.976250 0.330000 0.040000 0.086667
1 0.981250 0.304444 0.037500 0.075556
1 0.956250 0.300000 0.045000 0.075556
1 0.919375 0.300000 0.033750 0.080000
1 0.876875 0.321111 0.038750 0.082222
1 0.806875 0.323333 0.043750 0.086667
1 0.939375 0.423333 0.078750 0.117778
2 0.177500 0.718889 0.050000 0.224444
2 0.309375 0.718889 0.051250 0.242222
0 0.095625 0.082222 0.011250 0.017778
0 0.110000 0.092222 0.015000 0.024444
