1 0.080625 0.131111 0.008750 0.022222
1 0.126875 0.130000 0.008750 0.028889
1 0.177500 0.115556 0.010000 0.022222
1 0.163125 0.177778 0.013750 0.048889
1 0.126250 0.278889 0.017500 0.068889
1 0.174375 0.298889 0.021250 0.077778
1 0.250625 0.267778 0.021250 0.068889
1 0.306875 0.168889 0.011250 0.040000
1 0.236250 0.167778 0.012500 0.042222
1 0.454375 0.280000 0.026250 0.080000
1 0.463125 0.258889 0.021250 0.068889
1 0.600000 0.348889 0.042500 0.097778
1 0.803750 0.472222 0.070000 0.131111
1 0.939375 0.396667 0.038750 0.104444
1 0.961875 0.320000 0.041250 0.080000
1 0.917500 0.321111 0.040000 0.073333
1 0.860000 0.322222 0.047500 0.088889
0 0.319375 0.370000 0.103750 0.144444
0 0.400625 0.651111 0.183750 0.271111
0 0.518750 0.411111 0.137500 0.160000
0 0.896250 0.612222 0.207500 0.242222
