1 0.052500 0.161111 0.010000 0.037778
1 0.063125 0.166667 0.008750 0.035556
1 0.073125 0.201111 0.011250 0.051111
1 0.100625 0.105556 0.006250 0.020000
1 0.123125 0.126667 0.008750 0.031111
1 0.145625 0.108889 0.006250 0.022222
1 0.168750 0.110000 0.005000 0.020000
1 0.174375 0.116667 0.006250 0.024444
1 0.180625 0.127778 0.008750 0.028889
1 0.153125 0.166667 0.011250 0.044444
1 0.106250 0.240000 0.012500 0.057778
1 0.139375 0.238889 0.016250 0.060000
1 0.123750 0.276667 0.015000 0.064444
1 0.118750 0.302222 0.020000 0.066667
1 0.156250 0.268889 0.012500 0.062222
1 0.166250 0.256667 0.015000 0.064444
1 0.150625 0.227778 0.016250 0.064444
1 0.173750 0.197778 0.012500 0.053333
1 0.184375 0.240000 0.016250 0.057778
1 0.204375 0.232222 0.018750 0.064444
1 0.225000 0.251111 0.017500 0.071111
1 0.255000 0.250000 0.017500 0.068889
1 0.283125 0.192222 0.011250 0.046667
1 0.296875 0.176667 0.011250 0.042222
1 0.319375 0.186667 0.011250 0.053333
1 0.334375 0.236667 0.016250 0.064444
1 0.360000 0.760000 0.135000 0.177778
1 0.466250 0.782222 0.132500 0.137778
1 0.823750 0.488889 0.050000 0.142222
1 0.590000 0.381111 0.062500 0.091111
1 0.590000 0.367778 0.060000 0.086667
0 0.305625 0.492222 0.203750 0.184444
0 0.643125 0.491111 0.208750 0.231111
0 0.931250 0.383333 0.135000 0.144444
