1 0.966250 0.413333 0.067500 0.106667
1 0.888125 0.382222 0.076250 0.097778
1 0.728125 0.370000 0.061250 0.100000
1 0.635000 0.380000 0.065000 0.097778
1 0.332500 0.902222 0.075000 0.195556
1 0.346250 0.566667 0.045000 0.177778
1 0.245625 0.536667 0.038750 0.171111
1 0.228750 0.413333 0.035000 0.115556
1 0.170625 0.470000 0.033750 0.140000
1 0.100625 0.494444 0.061250 0.126667
1 0.055625 0.356667 0.031250 0.095556
1 0.088125 0.287778 0.016250 0.077778
1 0.074375 0.263333 0.013750 0.060000
1 0.078750 0.136667 0.010000 0.028889
1 0.101875 0.110000 0.006250 0.024444
1 0.078125 0.106667 0.006250 0.022222
0 0.125000 0.162222 0.030000 0.048889
0 0.195000 0.237778 0.050000 0.075556
0 0.215625 0.304444 0.076250 0.111111
