1 0.058750 0.201111 0.015000 0.051111
1 0.081875 0.200000 0.011250 0.040000
1 0.103750 0.231111 0.015000 0.066667
1 0.110625 0.210000 0.013750 0.051111
1 0.126250 0.228889 0.015000 0.057778
1 0.124375 0.275556 0.018750 0.062222
1 0.149375 0.208889 0.016250 0.057778
1 0.166250 0.208889 0.017500 0.057778
1 0.135000 0.217778 0.012500 0.062222
1 0.169375 0.120000 0.008750 0.035556
1 0.217500 0.135556 0.007500 0.031111
1 0.327500 0.177778 0.012500 0.048889
1 0.301250 0.270000 0.020000 0.068889
1 0.300000 0.247778 0.020000 0.060000
1 0.458750 0.276667 0.030000 0.068889
1 0.102500 0.395556 0.027500 0.106667
1 0.550625 0.342222 0.028750 0.102222
0 0.903125 0.535556 0.193750 0.213333
0 0.101250 0.085556 0.012500 0.015556
0 0.148750 0.195556 0.042500 0.062222
