1 0.070000 0.187778 0.012500 0.042222
1 0.085625 0.235556 0.013750 0.057778
1 0.113125 0.278889 0.016250 0.068889
1 0.160000 0.420000 0.030000 0.106667
1 0.213125 0.405556 0.036250 0.113333
1 0.160625 0.646667 0.036250 0.182222
1 0.267500 0.540000 0.045000 0.151111
1 0.288125 0.638889 0.041250 0.188889
1 0.385625 0.618889 0.058750 0.220000
1 0.145625 0.160000 0.008750 0.031111
1 0.180625 0.121111 0.006250 0.028889
1 0.211250 0.200000 0.015000 0.053333
1 0.315625 0.176667 0.011250 0.042222
1 0.941250 0.308889 0.040000 0.088889
1 0.896250 0.401111 0.077500 0.117778
1 0.740625 0.386667 0.066250 0.111111
0 0.093125 0.140000 0.026250 0.035556
0 0.133125 0.192222 0.033750 0.046667
0 0.161875 0.203333 0.038750 0.060000
0 0.201875 0.250000 0.053750 0.086667
0 0.255625 0.318889 0.071250 0.100000
