1 0.966250 0.317778 0.037500 0.080000
1 0.961875 0.301111 0.036250 0.077778
1 0.875000 0.346667 0.047500 0.088889
1 0.880000 0.311111 0.035000 0.080000
1 0.858125 0.322222 0.038750 0.080000
1 0.736250 0.352222 0.042500 0.091111
1 0.622500 0.320000 0.052500 0.080000
1 0.532500 0.307778 0.042500 0.077778
1 0.457500 0.258889 0.027500 0.068889
1 0.386875 0.236667 0.018750 0.060000
1 0.241250 0.155556 0.010000 0.044444
1 0.246875 0.148889 0.011250 0.040000
1 0.158125 0.316667 0.021250 0.082222
1 0.146875 0.160000 0.013750 0.040000
1 0.125000 0.157778 0.007500 0.035556
1 0.145625 0.230000 0.018750 0.060000
1 0.173750 0.112222 0.007500 0.024444
1 0.109375 0.131111 0.008750 0.026667
1 0.078125 0.127778 0.006250 0.028889
0 0.333750 0.244444 0.062500 0.088889
