1 0.943125 0.482222 0.046250 0.146667
1 0.916875 0.347778 0.046250 0.091111
1 0.984375 0.295556 0.031250 0.057778
1 0.598750 0.412222 0.070000 0.113333
1 0.407500 0.420000 0.067500 0.111111
1 0.479375 0.286667 0.028750 0.080000
1 0.124375 0.385556 0.023750 0.104444
1 0.157500 0.330000 0.030000 0.077778
1 0.175625 0.287778 0.016250 0.082222
1 0.195625 0.270000 0.018750 0.060000
1 0.231875 0.261111 0.016250 0.055556
1 0.238125 0.250000 0.016250 0.060000
1 0.250000 0.245556 0.012500 0.060000
1 0.258125 0.236667 0.016250 0.064444
1 0.276250 0.251111 0.015000 0.066667
1 0.301875 0.247778 0.018750 0.068889
1 0.280625 0.235556 0.021250 0.075556
1 0.158750 0.268889 0.020000 0.071111
1 0.132500 0.267778 0.017500 0.068889
1 0.110000 0.281111 0.017500 0.073333
1 0.080625 0.292222 0.018750 0.073333
1 0.070000 0.248889 0.017500 0.071111
1 0.100625 0.221111 0.018750 0.060000
1 0.126250 0.201111 0.012500 0.051111
1 0.211250 0.188889 0.015000 0.048889
1 0.203125 0.177778 0.013750 0.040000
1 0.154375 0.151111 0.011250 0.026667
1 0.170000 0.160000 0.010000 0.040000
1 0.236250 0.142222 0.010000 0.031111
1 0.315000 0.168889 0.012500 0.040000
1 0.135000 0.141111 0.010000 0.033333
1 0.115625 0.148889 0.008750 0.040000
1 0.111875 0.158889 0.011250 0.037778
1 0.090625 0.148889 0.011250 0.031111
1 0.091875 0.180000 0.008750 0.031111
1 0.069375 0.182222 0.021250 0.044444
1 0.071250 0.151111 0.010000 0.035556
0 0.131250 0.567778 0.260000 0.215556
0 0.183750 0.230000 0.047500 0.064444
0 0.162500 0.200000 0.045000 0.071111
0 0.110625 0.122222 0.018750 0.026667
0 0.106250 0.110000 0.020000 0.024444
0 0.100000 0.105556 0.017500 0.020000
0 0.095000 0.091111 0.017500 0.017778
0 0.166250 0.131111 0.025000 0.035556
