1 0.087500 0.131111 0.010000 0.031111
1 0.071875 0.191111 0.013750 0.048889
1 0.193750 0.182222 0.015000 0.048889
1 0.181250 0.135556 0.007500 0.031111
1 0.186250 0.115556 0.007500 0.026667
1 0.208750 0.133333 0.007500 0.031111
1 0.245000 0.140000 0.005000 0.022222
1 0.268125 0.185556 0.013750 0.051111
1 0.320000 0.215556 0.015000 0.057778
1 0.513125 0.311111 0.041250 0.088889
1 0.961875 0.307778 0.038750 0.073333
1 0.902500 0.333333 0.042500 0.084444
1 0.884375 0.315556 0.041250 0.084444
1 0.828750 0.338889 0.045000 0.091111
1 0.719375 0.366667 0.053750 0.097778
