1 0.282500 0.177778 0.012500 0.040000
1 0.275000 0.196667 0.012500 0.051111
1 0.221250 0.214444 0.015000 0.051111
1 0.282500 0.260000 0.017500 0.071111
1 0.205000 0.288889 0.027500 0.080000
1 0.204375 0.135556 0.008750 0.031111
1 0.185625 0.128889 0.008750 0.026667
1 0.168125 0.118889 0.008750 0.024444
1 0.114375 0.378889 0.053750 0.104444
1 0.335625 0.394444 0.066250 0.108889
1 0.036250 0.498889 0.070000 0.135556
1 0.175625 0.433333 0.086250 0.111111
1 0.221875 0.460000 0.083750 0.128889
1 0.518125 0.364444 0.028750 0.080000
1 0.520625 0.334444 0.036250 0.086667
1 0.613750 0.412222 0.067500 0.108889
1 0.655625 0.373333 0.053750 0.084444
1 0.671250 0.383333 0.055000 0.095556
1 0.665000 0.333333 0.060000 0.088889
1 0.723125 0.366667 0.056250 0.097778
1 0.773750 0.336667 0.060000 0.091111
1 0.802500 0.358889 0.052500 0.104444
1 0.840000 0.326667 0.045000 0.088889
1 0.859375 0.344444 0.046250 0.093333
1 0.921250 0.322222 0.052500 0.093333
1 0.978125 0.301111 0.043750 0.077778
1 0.811875 0.491111 0.068750 0.137778
1 0.848750 0.820000 0.125000 0.208889
1 0.177500 0.742222 0.137500 0.186667
1 0.345000 0.790000 0.132500 0.202222
1 0.465625 0.833333 0.131250 0.231111
1 0.530625 0.905556 0.141250 0.188889
0 0.931250 0.393333 0.137500 0.128889
0 0.230625 0.177778 0.038750 0.053333
0 0.136875 0.111111 0.023750 0.031111
