1 0.606250 0.921111 0.140000 0.157778
1 0.943750 0.636667 0.075000 0.171111
1 0.882500 0.326667 0.040000 0.088889
1 0.827500 0.325556 0.042500 0.082222
1 0.688750 0.346667 0.050000 0.093333
1 0.089375 0.475556 0.063750 0.133333
1 0.095625 0.277778 0.028750 0.075556
1 0.106250 0.225556 0.017500 0.060000
1 0.260625 0.251111 0.021250 0.066667
1 0.286875 0.248889 0.021250 0.066667
0 0.080625 0.170000 0.041250 0.046667
0 0.246875 0.190000 0.041250 0.042222
0 0.538750 0.333333 0.120000 0.093333
0 0.423125 0.486667 0.251250 0.200000
