1 0.091875 0.115556 0.006250 0.017778
1 0.076250 0.118889 0.010000 0.028889
1 0.075625 0.147778 0.011250 0.024444
1 0.060625 0.195556 0.016250 0.040000
1 0.094375 0.222222 0.011250 0.048889
1 0.121250 0.220000 0.012500 0.062222
1 0.335625 0.186667 0.011250 0.044444
1 0.373125 0.220000 0.016250 0.057778
2 0.408750 0.242222 0.015000 0.071111
3 0.940625 0.333333 0.118750 0.195556
0 0.100000 0.083333 0.012500 0.020000
1 0.106875 0.503333 0.088750 0.135556
1 0.316250 0.422222 0.077500 0.120000
1 0.364375 0.465556 0.078750 0.122222
1 0.375625 0.397778 0.071250 0.097778
1 0.454375 0.422222 0.078750 0.120000
2 0.336250 0.350000 0.060000 0.104444
1 0.492500 0.455556 0.077500 0.128889
1 0.544375 0.428889 0.068750 0.106667
1 0.581875 0.476667 0.073750 0.131111
1 0.553125 0.367778 0.056250 0.091111
1 0.588125 0.395556 0.061250 0.106667
1 0.611250 0.428889 0.060000 0.115556
1 0.652500 0.440000 0.077500 0.120000
1 0.669375 0.375556 0.063750 0.120000
1 0.735000 0.363333 0.057500 0.104444
1 0.700625 0.341111 0.053750 0.082222
1 0.820000 0.324444 0.040000 0.080000
1 0.840000 0.336667 0.047500 0.082222
1 0.890000 0.322222 0.037500 0.080000
