1 0.098125 0.122222 0.008750 0.026667
1 0.089375 0.137778 0.008750 0.031111
1 0.135000 0.140000 0.007500 0.031111
1 0.143125 0.168889 0.008750 0.040000
1 0.101250 0.191111 0.015000 0.053333
1 0.100625 0.227778 0.016250 0.060000
1 0.221250 0.147778 0.007500 0.037778
1 0.242500 0.147778 0.007500 0.028889
1 0.445000 0.280000 0.032500 0.080000
1 0.673750 0.367778 0.055000 0.100000
1 0.855625 0.361111 0.043750 0.095556
1 0.860625 0.328889 0.043750 0.080000
1 0.900000 0.338889 0.042500 0.091111
1 0.937500 0.322222 0.037500 0.084444
0 0.089375 0.094444 0.016250 0.024444
