1 0.187500 0.122222 0.007500 0.031111
1 0.206250 0.142222 0.010000 0.031111
1 0.243750 0.150000 0.010000 0.033333
1 0.268750 0.168889 0.010000 0.040000
1 0.356875 0.212222 0.016250 0.055556
1 0.314375 0.417778 0.071250 0.111111
1 0.393125 0.235556 0.021250 0.057778
1 0.466250 0.268889 0.025000 0.062222
1 0.623125 0.371111 0.041250 0.102222
1 0.838750 0.347778 0.050000 0.091111
1 0.870000 0.321111 0.040000 0.082222
1 0.896875 0.325556 0.043750 0.082222
0 0.085000 0.090000 0.015000 0.024444
0 0.108750 0.116667 0.020000 0.033333
0 0.081875 0.121111 0.018750 0.024444
