1 0.064375 0.147778 0.008750 0.037778
1 0.072500 0.131111 0.010000 0.022222
1 0.083125 0.115556 0.006250 0.022222
1 0.091875 0.110000 0.006250 0.028889
1 0.123125 0.127778 0.008750 0.028889
1 0.113125 0.197778 0.013750 0.048889
1 0.143125 0.100000 0.006250 0.022222
1 0.171875 0.111111 0.006250 0.026667
1 0.236250 0.145556 0.010000 0.033333
1 0.444375 0.265556 0.026250 0.073333
1 0.530625 0.308889 0.038750 0.080000
1 0.875000 0.341111 0.045000 0.091111
1 0.785625 0.338889 0.046250 0.082222
1 0.734375 0.357778 0.046250 0.093333
1 0.701875 0.330000 0.053750 0.082222
1 0.963125 0.315556 0.038750 0.075556
0 0.115625 0.094444 0.016250 0.024444
