1 0.081875 0.167778 0.008750 0.033333
1 0.092500 0.180000 0.012500 0.040000
1 0.096875 0.160000 0.008750 0.040000
1 0.124375 0.175556 0.013750 0.044444
1 0.156250 0.100000 0.007500 0.026667
1 0.245625 0.146667 0.008750 0.040000
1 0.372500 0.231111 0.015000 0.057778
1 0.264375 0.556667 0.078750 0.131111
1 0.516875 0.337778 0.031250 0.097778
1 0.645000 0.328889 0.050000 0.088889
1 0.851875 0.470000 0.068750 0.144444
1 0.920000 0.311111 0.032500 0.080000
1 0.943125 0.311111 0.033750 0.080000
1 0.981250 0.301111 0.032500 0.077778
0 0.109375 0.114444 0.018750 0.028889
0 0.101250 0.133333 0.025000 0.035556
