1 0.190000 0.123333 0.007500 0.028889
1 0.156250 0.221111 0.000000 0.002222
1 0.096875 0.113333 0.006250 0.022222
1 0.102500 0.112222 0.005000 0.024444
1 0.076250 0.134444 0.010000 0.028889
1 0.133750 0.143333 0.007500 0.033333
1 0.061875 0.146667 0.008750 0.031111
1 0.101250 0.170000 0.012500 0.042222
1 0.156875 0.161111 0.011250 0.042222
1 0.170625 0.171111 0.011250 0.040000
1 0.156875 0.204444 0.013750 0.040000
1 0.106250 0.216667 0.012500 0.046667
1 0.082500 0.264444 0.015000 0.066667
1 0.102500 0.268889 0.020000 0.071111
1 0.127500 0.262222 0.015000 0.066667
1 0.136875 0.275556 0.016250 0.066667
1 0.150625 0.261111 0.018750 0.073333
1 0.173125 0.273333 0.021250 0.075556
1 0.205625 0.268889 0.016250 0.071111
1 0.205000 0.198889 0.015000 0.051111
1 0.204375 0.230000 0.013750 0.055556
1 0.226250 0.230000 0.017500 0.051111
1 0.229375 0.260000 0.021250 0.071111
1 0.255000 0.255556 0.017500 0.066667
1 0.266875 0.244444 0.016250 0.071111
1 0.281875 0.261111 0.016250 0.068889
1 0.298125 0.250000 0.018750 0.064444
1 0.305625 0.284444 0.021250 0.075556
1 0.900625 0.350000 0.046250 0.100000
1 0.863125 0.325556 0.051250 0.091111
0 0.110000 0.091111 0.015000 0.022222
