1 0.078125 0.110000 0.006250 0.028889
1 0.086875 0.107778 0.006250 0.024444
1 0.163125 0.108889 0.008750 0.031111
1 0.094375 0.150000 0.008750 0.037778
1 0.093750 0.236667 0.015000 0.055556
1 0.106250 0.250000 0.017500 0.060000
1 0.115625 0.228889 0.016250 0.048889
1 0.127500 0.236667 0.012500 0.055556
1 0.137500 0.230000 0.012500 0.060000
1 0.290625 0.408889 0.073750 0.120000
1 0.555000 0.306667 0.037500 0.080000
1 0.541250 0.397778 0.060000 0.097778
1 0.846875 0.320000 0.036250 0.080000
0 0.307500 0.644444 0.307500 0.248889
0 0.688750 0.727778 0.195000 0.415556
0 0.110000 0.125556 0.020000 0.028889
0 0.131875 0.140000 0.026250 0.035556
0 0.125000 0.188889 0.042500 0.057778
0 0.165000 0.214444 0.042500 0.060000
0 0.101250 0.083333 0.012500 0.020000
