1 0.084375 0.130000 0.006250 0.028889
1 0.086250 0.175556 0.012500 0.040000
1 0.082500 0.188889 0.012500 0.040000
1 0.067500 0.277778 0.022500 0.071111
1 0.136875 0.278889 0.026250 0.068889
1 0.101250 0.211111 0.015000 0.057778
1 0.119375 0.191111 0.013750 0.053333
1 0.144375 0.188889 0.016250 0.057778
1 0.155625 0.240000 0.016250 0.062222
1 0.226250 0.142222 0.007500 0.031111
1 0.322500 0.178889 0.012500 0.037778
1 0.358750 0.190000 0.012500 0.046667
1 0.739375 0.701111 0.106250 0.197778
1 0.879375 0.336667 0.053750 0.095556
1 0.751250 0.348889 0.052500 0.097778
3 0.410625 0.591111 0.358750 0.360000
0 0.190000 0.230000 0.047500 0.073333
0 0.103125 0.106667 0.018750 0.026667
0 0.946875 0.358889 0.106250 0.144444
