1 0.983750 0.308889 0.032500 0.080000
1 0.945000 0.485556 0.042500 0.153333
1 0.920000 0.347778 0.045000 0.091111
1 0.596875 0.418889 0.066250 0.117778
1 0.408750 0.421111 0.067500 0.117778
1 0.479375 0.287778 0.026250 0.082222
1 0.124375 0.378889 0.028750 0.100000
1 0.158125 0.328889 0.031250 0.080000
1 0.176875 0.287778 0.016250 0.077778
1 0.196250 0.270000 0.015000 0.060000
1 0.231250 0.256667 0.012500 0.068889
1 0.238125 0.247778 0.021250 0.064444
1 0.251875 0.247778 0.013750 0.068889
1 0.260000 0.238889 0.020000 0.068889
1 0.277500 0.252222 0.015000 0.068889
1 0.302500 0.247778 0.015000 0.068889
1 0.280000 0.228889 0.022500 0.071111
1 0.210625 0.188889 0.011250 0.048889
1 0.201250 0.175556 0.012500 0.040000
1 0.160625 0.268889 0.016250 0.071111
1 0.136250 0.268889 0.020000 0.071111
1 0.111875 0.282222 0.021250 0.071111
1 0.084375 0.295556 0.016250 0.071111
1 0.071875 0.241111 0.016250 0.068889
1 0.100000 0.221111 0.015000 0.060000
1 0.125000 0.202222 0.015000 0.057778
1 0.109375 0.186667 0.008750 0.048889
1 0.091875 0.176667 0.013750 0.051111
1 0.068125 0.180000 0.011250 0.048889
1 0.169375 0.161111 0.013750 0.042222
1 0.153125 0.150000 0.008750 0.037778
1 0.135000 0.142222 0.010000 0.044444
1 0.116875 0.147778 0.011250 0.051111
1 0.111875 0.160000 0.013750 0.040000
1 0.090000 0.147778 0.012500 0.037778
1 0.070000 0.148889 0.012500 0.040000
1 0.236250 0.141111 0.010000 0.033333
1 0.315000 0.168889 0.012500 0.048889
0 0.093750 0.090000 0.015000 0.015556
0 0.098125 0.103333 0.016250 0.020000
0 0.106250 0.110000 0.017500 0.024444
0 0.111250 0.122222 0.017500 0.022222
0 0.160625 0.200000 0.038750 0.066667
0 0.186250 0.225556 0.047500 0.060000
0 0.128125 0.560000 0.253750 0.204444
