0 0.121875 0.098889 0.016250 0.020000
0 0.217500 0.217778 0.057500 0.062222
0 0.289375 0.208889 0.056250 0.062222
0 0.649375 0.442222 0.153750 0.137778
1 0.171875 0.116667 0.006250 0.024444
1 0.080625 0.116667 0.006250 0.024444
1 0.121875 0.267778 0.023750 0.068889
1 0.095000 0.281111 0.025000 0.073333
1 0.267500 0.168889 0.012500 0.044444
1 0.261250 0.253333 0.017500 0.066667
1 0.286875 0.250000 0.021250 0.064444
1 0.198125 0.846667 0.166250 0.244444
1 0.263750 0.453333 0.075000 0.120000
1 0.844375 0.652222 0.086250 0.184444
1 0.529375 0.385556 0.058750 0.113333
