1 0.086250 0.118889 0.010000 0.020000
1 0.070000 0.147778 0.010000 0.033333
1 0.092500 0.161111 0.010000 0.042222
1 0.196250 0.135556 0.007500 0.031111
1 0.226250 0.157778 0.010000 0.044444
1 0.239375 0.145556 0.011250 0.028889
1 0.251875 0.156667 0.008750 0.037778
1 0.362500 0.250000 0.015000 0.068889
1 0.358125 0.190000 0.011250 0.051111
1 0.796875 0.328889 0.046250 0.088889
1 0.850000 0.321111 0.037500 0.091111
1 0.892500 0.322222 0.050000 0.097778
1 0.906875 0.335556 0.043750 0.097778
1 0.949375 0.318889 0.043750 0.082222
1 0.969375 0.362222 0.046250 0.097778
4 0.142500 0.097778 0.022500 0.031111
0 0.128750 0.110000 0.017500 0.024444
0 0.168125 0.128889 0.026250 0.035556
0 0.123125 0.136667 0.026250 0.037778
0 0.100625 0.085556 0.013750 0.020000
