1 0.832500 0.728889 0.102500 0.200000
1 0.966875 0.303333 0.036250 0.073333
1 0.874375 0.344444 0.043750 0.084444
1 0.861875 0.332222 0.051250 0.095556
1 0.622500 0.382222 0.042500 0.115556
1 0.560625 0.416667 0.068750 0.122222
1 0.543750 0.295556 0.040000 0.088889
1 0.083750 0.137778 0.007500 0.026667
1 0.083750 0.211111 0.017500 0.053333
1 0.101875 0.177778 0.013750 0.044444
1 0.109375 0.163333 0.011250 0.037778
1 0.151250 0.162222 0.012500 0.040000
1 0.178125 0.202222 0.011250 0.048889
1 0.157500 0.310000 0.022500 0.082222
1 0.195625 0.188889 0.016250 0.053333
1 0.386250 0.252222 0.020000 0.073333
