2 0.248750 0.316667 0.040000 0.086667
1 0.734375 0.867778 0.118750 0.237778
1 0.083125 0.140000 0.008750 0.031111
1 0.100625 0.161111 0.008750 0.037778
1 0.116875 0.158889 0.008750 0.037778
1 0.116250 0.135556 0.007500 0.031111
1 0.092500 0.208889 0.015000 0.048889
1 0.101250 0.218889 0.015000 0.051111
1 0.130000 0.237778 0.015000 0.062222
1 0.151875 0.327778 0.023750 0.086667
1 0.210625 0.258889 0.023750 0.068889
1 0.296875 0.198889 0.016250 0.051111
1 0.231875 0.136667 0.011250 0.033333
1 0.188750 0.128889 0.010000 0.031111
1 0.163750 0.105556 0.005000 0.020000
1 0.156250 0.110000 0.005000 0.020000
3 0.511250 0.407778 0.285000 0.268889
0 0.534375 0.750000 0.293750 0.291111
0 0.333125 0.228889 0.071250 0.071111
0 0.103750 0.108889 0.012500 0.026667
0 0.092500 0.095556 0.015000 0.017778
1 0.087500 0.111111 0.007500 0.022222
