0 0.185000 0.245556 0.052500 0.073333
0 0.251875 0.183333 0.038750 0.051111
0 0.246250 0.322222 0.077500 0.111111
0 0.386875 0.290000 0.073750 0.086667
1 0.162500 0.111111 0.005000 0.022222
1 0.167500 0.118889 0.005000 0.024444
1 0.180000 0.118889 0.005000 0.024444
1 0.119375 0.223333 0.016250 0.055556
1 0.228125 0.144444 0.011250 0.031111
1 0.289375 0.181111 0.016250 0.042222
1 0.384375 0.224444 0.021250 0.053333
1 0.346875 0.345556 0.023750 0.100000
1 0.509375 0.318889 0.028750 0.086667
1 0.895000 0.507778 0.075000 0.148889
1 0.840625 0.348889 0.048750 0.097778
1 0.961250 0.305556 0.035000 0.082222
1 0.648750 0.364444 0.042500 0.102222
