1 0.068125 0.160000 0.011250 0.040000
1 0.140625 0.118889 0.011250 0.020000
1 0.083750 0.208889 0.015000 0.048889
1 0.176250 0.116667 0.010000 0.024444
1 0.131250 0.427778 0.072500 0.108889
1 0.160000 0.478889 0.087500 0.140000
1 0.328125 0.478889 0.083750 0.131111
1 0.406875 0.428889 0.071250 0.120000
1 0.441875 0.380000 0.056250 0.097778
1 0.508750 0.386667 0.070000 0.106667
1 0.588750 0.358889 0.065000 0.091111
1 0.557500 0.438889 0.075000 0.117778
1 0.172500 0.761111 0.145000 0.193333
1 0.708125 0.386667 0.051250 0.111111
1 0.743125 0.345556 0.036250 0.077778
1 0.781875 0.350000 0.048750 0.095556
1 0.862500 0.330000 0.055000 0.082222
1 0.889375 0.316667 0.036250 0.082222
3 0.961250 0.316667 0.077500 0.140000
0 0.088750 0.090000 0.020000 0.020000
