1 0.095000 0.137778 0.012500 0.031111
1 0.107500 0.148889 0.010000 0.040000
1 0.082500 0.191111 0.012500 0.040000
1 0.080625 0.215556 0.013750 0.048889
1 0.094375 0.190000 0.011250 0.042222
1 0.099375 0.180000 0.013750 0.040000
1 0.130625 0.232222 0.013750 0.055556
1 0.155000 0.218889 0.012500 0.051111
1 0.168750 0.215556 0.012500 0.048889
1 0.163750 0.152222 0.012500 0.033333
1 0.240625 0.256667 0.018750 0.068889
1 0.267500 0.250000 0.017500 0.068889
1 0.278125 0.231111 0.021250 0.071111
1 0.298750 0.241111 0.025000 0.077778
1 0.055000 0.208889 0.012500 0.048889
1 0.060625 0.145556 0.011250 0.037778
1 0.443125 0.265556 0.021250 0.068889
1 0.505000 0.288889 0.035000 0.080000
1 0.793750 0.338889 0.050000 0.091111
0 0.125000 0.136667 0.020000 0.028889
0 0.135625 0.171111 0.031250 0.035556
0 0.130625 0.203333 0.036250 0.055556
0 0.169375 0.193333 0.036250 0.053333
0 0.211250 0.185556 0.042500 0.064444
0 0.105625 0.254444 0.051250 0.086667
0 0.821250 0.403333 0.147500 0.135556
0 0.470000 0.466667 0.215000 0.195556
