1 0.876250 0.345556 0.050000 0.095556
1 0.625625 0.357778 0.051250 0.102222
1 0.243750 0.512222 0.040000 0.144444
1 0.296250 0.425556 0.035000 0.148889
1 0.370000 0.268889 0.025000 0.071111
1 0.130000 0.257778 0.017500 0.071111
1 0.215625 0.275556 0.018750 0.075556
1 0.265000 0.296667 0.020000 0.082222
1 0.258125 0.246667 0.018750 0.066667
1 0.168125 0.188889 0.013750 0.048889
1 0.192500 0.217778 0.015000 0.062222
1 0.088750 0.130000 0.007500 0.028889
1 0.094375 0.120000 0.006250 0.022222
1 0.079375 0.112222 0.008750 0.028889
0 0.157500 0.323333 0.065000 0.100000
0 0.431875 0.502222 0.141250 0.200000
