1 0.115000 0.158889 0.012500 0.042222
1 0.108125 0.198889 0.013750 0.051111
1 0.127500 0.277778 0.020000 0.066667
1 0.149375 0.232222 0.018750 0.068889
1 0.267500 0.248889 0.017500 0.071111
1 0.320625 0.270000 0.021250 0.077778
1 0.054375 0.418889 0.076250 0.091111
1 0.508125 0.326667 0.051250 0.088889
1 0.666250 0.370000 0.052500 0.082222
1 0.714375 0.335556 0.041250 0.062222
1 0.805625 0.351111 0.053750 0.093333
1 0.911250 0.395556 0.040000 0.115556
1 0.681875 0.858889 0.123750 0.211111
1 0.868125 0.848889 0.098750 0.231111
3 0.157500 0.675556 0.312500 0.480000
0 0.712500 0.430000 0.180000 0.148889
0 0.191875 0.243333 0.048750 0.073333
