1 0.441875 0.790000 0.078750 0.277778
1 0.573750 0.708889 0.082500 0.240000
1 0.347500 0.577778 0.052500 0.182222
1 0.413125 0.551111 0.056250 0.186667
1 0.270000 0.601111 0.050000 0.184444
1 0.183125 0.430000 0.028750 0.113333
1 0.291250 0.428889 0.030000 0.120000
1 0.366250 0.288889 0.020000 0.088889
1 0.435625 0.310000 0.036250 0.091111
1 0.410000 0.265556 0.025000 0.086667
1 0.535000 0.355556 0.057500 0.097778
1 0.690625 0.341111 0.053750 0.091111
1 0.806875 0.330000 0.051250 0.086667
1 0.910000 0.396667 0.080000 0.117778
1 0.885625 0.322222 0.046250 0.084444
1 0.984375 0.311111 0.031250 0.084444
1 0.077500 0.201111 0.012500 0.051111
1 0.104375 0.231111 0.013750 0.057778
1 0.280625 0.181111 0.016250 0.051111
1 0.338750 0.206667 0.015000 0.048889
0 0.106250 0.111111 0.017500 0.022222
0 0.087500 0.090000 0.015000 0.020000
