1 0.089375 0.110000 0.006250 0.020000
1 0.080000 0.121111 0.007500 0.024444
1 0.075625 0.147778 0.011250 0.033333
1 0.104375 0.176667 0.013750 0.042222
1 0.114375 0.158889 0.008750 0.042222
1 0.170625 0.111111 0.008750 0.031111
1 0.184375 0.315556 0.018750 0.080000
1 0.119375 0.310000 0.018750 0.077778
1 0.110000 0.441111 0.037500 0.126667
1 0.218750 0.435556 0.030000 0.133333
1 0.294375 0.450000 0.031250 0.122222
1 0.443750 0.288889 0.032500 0.080000
1 0.457500 0.780000 0.077500 0.248889
1 0.703125 0.807778 0.098750 0.268889
1 0.907500 0.437778 0.185000 0.133333
1 0.738750 0.381111 0.057500 0.122222
1 0.884375 0.325556 0.038750 0.091111
1 0.936250 0.310000 0.040000 0.082222
0 0.104375 0.102222 0.018750 0.026667
0 0.140000 0.142222 0.027500 0.044444
