1 0.157500 0.178889 0.012500 0.037778
1 0.101250 0.208889 0.017500 0.048889
1 0.116250 0.255556 0.015000 0.066667
1 0.069375 0.268889 0.018750 0.071111
1 0.132500 0.237778 0.017500 0.057778
1 0.220000 0.148889 0.010000 0.031111
1 0.191250 0.125556 0.005000 0.028889
1 0.089375 0.097778 0.006250 0.022222
0 0.178750 0.230000 0.050000 0.077778
0 0.275625 0.207778 0.051250 0.060000
0 0.402500 0.272222 0.095000 0.091111
0 0.337500 0.631111 0.300000 0.244444
0 0.605625 0.350000 0.156250 0.082222
0 0.891875 0.350000 0.173750 0.131111
