1 0.128750 0.088889 0.007500 0.017778
1 0.093750 0.148889 0.010000 0.031111
1 0.078750 0.135556 0.007500 0.031111
1 0.073750 0.147778 0.012500 0.033333
1 0.070000 0.167778 0.012500 0.037778
1 0.115000 0.500000 0.077500 0.133333
1 0.063750 0.558889 0.085000 0.171111
1 0.078125 0.617778 0.093750 0.182222
1 0.236875 0.798889 0.151250 0.211111
1 0.162500 0.911111 0.165000 0.173333
1 0.273125 0.940000 0.106250 0.120000
1 0.431250 0.787778 0.147500 0.215556
1 0.522500 0.838889 0.125000 0.228889
1 0.858125 0.327778 0.043750 0.077778
1 0.795625 0.298889 0.053750 0.060000
0 0.508750 0.615556 0.265000 0.240000
0 0.828125 0.736667 0.176250 0.380000
0 0.615000 0.361111 0.130000 0.091111
3 0.756875 0.413333 0.218750 0.173333
0 0.125000 0.181111 0.035000 0.042222
0 0.176875 0.115556 0.018750 0.022222
