1 0.186875 0.118889 0.006250 0.020000
1 0.193750 0.135556 0.010000 0.031111
1 0.213750 0.148889 0.012500 0.031111
1 0.336250 0.230000 0.017500 0.060000
1 0.367500 0.218889 0.015000 0.060000
1 0.680625 0.398889 0.066250 0.100000
1 0.789375 0.347778 0.048750 0.091111
1 0.811875 0.327778 0.041250 0.077778
1 0.843125 0.310000 0.033750 0.077778
1 0.891875 0.315556 0.041250 0.084444
1 0.923125 0.318889 0.028750 0.082222
1 0.943125 0.300000 0.023750 0.071111
1 0.963750 0.297778 0.030000 0.080000
1 0.966250 0.337778 0.050000 0.093333
0 0.083750 0.352222 0.092500 0.126667
0 0.106875 0.090000 0.013750 0.020000
0 0.098750 0.080000 0.012500 0.017778
