1 0.620000 0.846667 0.125000 0.231111
1 0.658125 0.736667 0.116250 0.171111
1 0.771250 0.820000 0.127500 0.222222
1 0.663125 0.652222 0.106250 0.162222
1 0.306250 0.510000 0.115000 0.148889
1 0.384375 0.470000 0.081250 0.117778
1 0.398750 0.385556 0.060000 0.095556
1 0.501875 0.412222 0.071250 0.108889
1 0.536250 0.352222 0.052500 0.091111
1 0.546875 0.392222 0.058750 0.104444
1 0.161250 0.486667 0.075000 0.137778
1 0.146875 0.432222 0.081250 0.100000
1 0.066875 0.408889 0.066250 0.088889
1 0.030625 0.441111 0.058750 0.104444
1 0.965000 0.305556 0.040000 0.086667
1 0.900625 0.315556 0.036250 0.080000
1 0.841250 0.328889 0.055000 0.088889
1 0.801250 0.325556 0.055000 0.086667
1 0.420625 0.268889 0.033750 0.071111
1 0.071875 0.127778 0.011250 0.028889
1 0.080625 0.138889 0.008750 0.028889
1 0.075625 0.185556 0.013750 0.046667
1 0.095000 0.188889 0.012500 0.048889
1 0.110625 0.170000 0.011250 0.042222
1 0.116875 0.192222 0.011250 0.051111
1 0.126875 0.228889 0.011250 0.062222
1 0.211250 0.232222 0.017500 0.064444
1 0.212500 0.146667 0.010000 0.031111
1 0.272500 0.166667 0.010000 0.040000
1 0.140000 0.097778 0.005000 0.022222
1 0.145625 0.097778 0.006250 0.022222
1 0.151875 0.102222 0.006250 0.022222
0 0.080000 0.720000 0.157500 0.235556
0 0.106250 0.255556 0.055000 0.088889
0 0.090000 0.091111 0.017500 0.017778
