0 0.721250 0.803333 0.342500 0.384444
0 0.086875 0.092222 0.013750 0.020000
0 0.095625 0.098889 0.016250 0.024444
1 0.121250 0.121111 0.020000 0.028889
1 0.168750 0.115556 0.007500 0.031111
1 0.183750 0.117778 0.007500 0.026667
1 0.215625 0.154444 0.011250 0.033333
1 0.263750 0.158889 0.012500 0.042222
1 0.274375 0.166667 0.011250 0.040000
1 0.317500 0.203333 0.015000 0.051111
1 0.116250 0.180000 0.010000 0.040000
1 0.118125 0.206667 0.011250 0.048889
1 0.182500 0.312222 0.020000 0.082222
1 0.241250 0.645556 0.047500 0.197778
1 0.473750 0.290000 0.030000 0.073333
1 0.840625 0.348889 0.051250 0.093333
1 0.963750 0.304444 0.032500 0.075556
