1 0.964375 0.705556 0.071250 0.197778
1 0.798125 0.571111 0.038750 0.177778
1 0.968125 0.348889 0.038750 0.088889
1 0.948125 0.338889 0.036250 0.091111
1 0.915625 0.310000 0.041250 0.077778
1 0.888750 0.356667 0.045000 0.104444
1 0.881250 0.338889 0.047500 0.100000
1 0.841250 0.337778 0.045000 0.102222
1 0.821875 0.336667 0.048750 0.091111
1 0.805000 0.378889 0.060000 0.108889
1 0.770000 0.367778 0.057500 0.091111
1 0.752500 0.337778 0.052500 0.088889
1 0.706875 0.360000 0.063750 0.093333
1 0.610000 0.386667 0.062500 0.106667
1 0.538125 0.308889 0.043750 0.080000
1 0.411250 0.277778 0.025000 0.057778
1 0.375000 0.447778 0.077500 0.117778
1 0.427500 0.392222 0.067500 0.108889
1 0.341875 0.192222 0.013750 0.046667
1 0.111250 0.245556 0.015000 0.060000
1 0.130000 0.237778 0.015000 0.062222
1 0.165625 0.228889 0.016250 0.062222
2 0.235625 0.196667 0.011250 0.064444
1 0.256875 0.165556 0.008750 0.037778
2 0.095000 0.271111 0.025000 0.080000
0 0.118125 0.095556 0.013750 0.022222
0 0.141250 0.098889 0.017500 0.024444
