1 0.058750 0.235556 0.017500 0.053333
1 0.070000 0.215556 0.015000 0.057778
1 0.073125 0.157778 0.013750 0.035556
1 0.100000 0.168889 0.012500 0.040000
1 0.200000 0.176667 0.012500 0.042222
1 0.217500 0.137778 0.010000 0.035556
1 0.265625 0.156667 0.008750 0.037778
1 0.188750 0.118889 0.007500 0.028889
1 0.101250 0.110000 0.010000 0.028889
1 0.083750 0.127778 0.007500 0.028889
1 0.130000 0.090000 0.007500 0.028889
1 0.140000 0.090000 0.005000 0.020000
1 0.120625 0.288889 0.018750 0.071111
1 0.123125 0.410000 0.028750 0.113333
1 0.416875 0.277778 0.023750 0.075556
1 0.380000 0.278889 0.027500 0.082222
1 0.233750 0.480000 0.037500 0.137778
1 0.257500 0.578889 0.037500 0.171111
1 0.254375 0.688889 0.053750 0.191111
1 0.935625 0.410000 0.076250 0.122222
1 0.974375 0.327778 0.041250 0.082222
1 0.787500 0.388889 0.070000 0.120000
0 0.163125 0.096667 0.016250 0.024444
0 0.122500 0.131111 0.025000 0.031111
0 0.210625 0.257778 0.056250 0.084444
0 0.156250 0.318889 0.052500 0.091111
3 0.318125 0.330000 0.111250 0.206667
