1 0.076250 0.147778 0.012500 0.033333
1 0.092500 0.148889 0.010000 0.031111
1 0.126250 0.138889 0.007500 0.028889
1 0.184375 0.112222 0.008750 0.024444
1 0.233750 0.156667 0.010000 0.042222
1 0.311875 0.170000 0.011250 0.042222
1 0.140000 0.271111 0.017500 0.062222
1 0.686875 0.380000 0.058750 0.120000
1 0.939375 0.397778 0.038750 0.102222
1 0.958750 0.308889 0.037500 0.080000
1 0.910625 0.327778 0.038750 0.086667
1 0.859375 0.320000 0.046250 0.088889
4 0.110625 0.117778 0.023750 0.040000
0 0.148125 0.123333 0.023750 0.033333
