1 0.756250 0.811111 0.112500 0.222222
1 0.161250 0.881111 0.172500 0.233333
1 0.278125 0.247778 0.018750 0.068889
1 0.268750 0.252222 0.020000 0.077778
1 0.241875 0.250000 0.016250 0.082222
1 0.191875 0.266667 0.018750 0.075556
1 0.164375 0.267778 0.018750 0.073333
1 0.130000 0.270000 0.017500 0.073333
1 0.140625 0.247778 0.018750 0.068889
1 0.241250 0.146667 0.007500 0.031111
1 0.116250 0.197778 0.012500 0.048889
1 0.101875 0.221111 0.013750 0.051111
1 0.083750 0.181111 0.010000 0.046667
1 0.089375 0.141111 0.006250 0.033333
1 0.078750 0.128889 0.007500 0.040000
1 0.096875 0.117778 0.006250 0.022222
0 0.333750 0.594444 0.305000 0.340000
0 0.083125 0.586667 0.163750 0.200000
0 0.488125 0.307778 0.108750 0.091111
0 0.773750 0.422222 0.160000 0.120000
0 0.160625 0.196667 0.038750 0.051111
0 0.138125 0.153333 0.026250 0.040000
0 0.115000 0.138889 0.025000 0.033333
