1 0.380000 0.416667 0.070000 0.108889
1 0.035625 0.451111 0.068750 0.102222
1 0.249375 0.421111 0.073750 0.113333
1 0.511875 0.315556 0.041250 0.080000
1 0.697500 0.362222 0.047500 0.102222
1 0.063750 0.145556 0.010000 0.033333
1 0.081250 0.155556 0.007500 0.026667
1 0.086875 0.176667 0.013750 0.037778
1 0.116875 0.182222 0.011250 0.044444
1 0.149375 0.228889 0.018750 0.062222
1 0.079375 0.125556 0.006250 0.020000
4 0.146250 0.152222 0.032500 0.060000
0 0.173750 0.203333 0.050000 0.068889
0 0.202500 0.248889 0.062500 0.093333
