1 0.670000 0.727778 0.110000 0.197778
1 0.075000 0.141111 0.015000 0.042222
1 0.094375 0.136667 0.006250 0.028889
1 0.148125 0.190000 0.011250 0.046667
1 0.154375 0.215556 0.011250 0.057778
1 0.133750 0.230000 0.015000 0.060000
1 0.243125 0.255556 0.021250 0.075556
1 0.165625 0.127778 0.008750 0.028889
1 0.157500 0.142222 0.012500 0.035556
1 0.182500 0.128889 0.007500 0.031111
1 0.195625 0.131111 0.011250 0.040000
1 0.216250 0.150000 0.010000 0.037778
1 0.222500 0.142222 0.007500 0.035556
1 0.233750 0.147778 0.012500 0.037778
1 0.245625 0.148889 0.008750 0.040000
0 0.143750 0.161111 0.030000 0.042222
0 0.105625 0.253333 0.053750 0.084444
0 0.106250 0.175556 0.032500 0.048889
0 0.119375 0.135556 0.026250 0.040000
0 0.102500 0.107778 0.017500 0.028889
0 0.091250 0.097778 0.017500 0.022222
