0 0.216250 0.218889 0.057500 0.068889
0 0.290000 0.207778 0.055000 0.064444
0 0.122500 0.098889 0.015000 0.020000
0 0.650000 0.438889 0.145000 0.148889
1 0.081250 0.116667 0.005000 0.028889
1 0.171875 0.116667 0.006250 0.024444
1 0.206250 0.131111 0.007500 0.026667
1 0.214375 0.133333 0.006250 0.031111
1 0.268125 0.166667 0.011250 0.040000
1 0.120000 0.267778 0.025000 0.073333
1 0.094375 0.280000 0.028750 0.071111
1 0.260625 0.254444 0.018750 0.068889
1 0.286875 0.250000 0.021250 0.068889
1 0.262500 0.454444 0.075000 0.126667
1 0.199375 0.842222 0.166250 0.248889
1 0.529375 0.382222 0.061250 0.111111
1 0.847500 0.652222 0.085000 0.188889
