1 0.070625 0.166667 0.011250 0.035556
1 0.061250 0.152222 0.007500 0.028889
1 0.101875 0.151111 0.013750 0.040000
1 0.088750 0.237778 0.017500 0.057778
1 0.220000 0.198889 0.015000 0.060000
1 0.148125 0.368889 0.026250 0.102222
1 0.108750 0.471111 0.032500 0.142222
1 0.231875 0.458889 0.031250 0.140000
1 0.176875 0.545556 0.036250 0.157778
1 0.278125 0.561111 0.043750 0.175556
1 0.163750 0.681111 0.057500 0.202222
1 0.353125 0.848889 0.076250 0.288889
1 0.349375 0.528889 0.046250 0.160000
1 0.383125 0.620000 0.053750 0.217778
1 0.521875 0.578889 0.061250 0.188889
1 0.430625 0.248889 0.016250 0.057778
1 0.447500 0.352222 0.045000 0.095556
1 0.535625 0.348889 0.058750 0.097778
1 0.765625 0.411111 0.073750 0.111111
3 0.139375 0.154444 0.033750 0.073333
4 0.157500 0.190000 0.045000 0.077778
0 0.084375 0.122222 0.018750 0.031111
0 0.106875 0.113333 0.018750 0.026667
0 0.116875 0.138889 0.023750 0.037778
0 0.195625 0.256667 0.058750 0.086667
0 0.312500 0.280000 0.072500 0.097778
0 0.315625 0.216667 0.056250 0.064444
