0 0.123750 0.718889 0.245000 0.237778
0 0.362500 0.256667 0.067500 0.073333
3 0.110625 0.120000 0.023750 0.035556
1 0.071875 0.120000 0.008750 0.022222
1 0.081875 0.150000 0.008750 0.028889
1 0.097500 0.178889 0.012500 0.042222
1 0.113125 0.168889 0.011250 0.035556
1 0.104375 0.235556 0.016250 0.066667
1 0.137500 0.236667 0.017500 0.064444
1 0.156250 0.238889 0.015000 0.060000
1 0.168750 0.231111 0.015000 0.057778
1 0.163125 0.202222 0.016250 0.044444
1 0.161875 0.367778 0.048750 0.091111
1 0.239375 0.230000 0.018750 0.060000
1 0.281875 0.286667 0.023750 0.080000
1 0.275625 0.246667 0.021250 0.066667
1 0.331250 0.215556 0.012500 0.048889
1 0.907500 0.398889 0.050000 0.108889
1 0.934375 0.328889 0.041250 0.093333
