1 0.086250 0.155556 0.010000 0.035556
1 0.061250 0.190000 0.012500 0.037778
1 0.085625 0.210000 0.011250 0.051111
1 0.090625 0.218889 0.011250 0.051111
1 0.115000 0.221111 0.012500 0.060000
1 0.076250 0.248889 0.015000 0.057778
1 0.091875 0.302222 0.018750 0.080000
1 0.119375 0.295556 0.018750 0.071111
1 0.140625 0.285556 0.021250 0.082222
1 0.144375 0.225556 0.016250 0.055556
1 0.156250 0.235556 0.015000 0.062222
1 0.166250 0.280000 0.022500 0.080000
1 0.182500 0.266667 0.015000 0.066667
1 0.210625 0.258889 0.016250 0.068889
1 0.238125 0.262222 0.023750 0.075556
1 0.264375 0.248889 0.021250 0.062222
1 0.268125 0.237778 0.011250 0.053333
1 0.281250 0.237778 0.015000 0.062222
1 0.291875 0.250000 0.016250 0.068889
2 0.325625 0.326667 0.048750 0.097778
1 0.191250 0.397778 0.030000 0.111111
1 0.193750 0.130000 0.007500 0.028889
1 0.178750 0.115556 0.007500 0.022222
0 0.120000 0.097778 0.015000 0.017778
0 0.219375 0.163333 0.038750 0.051111
0 0.182500 0.177778 0.032500 0.044444
0 0.176250 0.220000 0.040000 0.062222
0 0.158750 0.192222 0.030000 0.055556
0 0.108125 0.163333 0.031250 0.042222
