1 0.086875 0.097778 0.006250 0.022222
1 0.121250 0.086667 0.005000 0.017778
1 0.140000 0.097778 0.005000 0.017778
1 0.194375 0.120000 0.011250 0.026667
1 0.110000 0.245556 0.012500 0.064444
1 0.130000 0.285556 0.020000 0.077778
1 0.151875 0.242222 0.018750 0.062222
1 0.280625 0.191111 0.011250 0.053333
1 0.293750 0.207778 0.015000 0.055556
1 0.350000 0.230000 0.020000 0.060000
1 0.567500 0.312222 0.042500 0.082222
1 0.683125 0.330000 0.056250 0.082222
0 0.540000 0.691111 0.232500 0.306667
0 0.147500 0.122222 0.022500 0.035556
0 0.160625 0.200000 0.041250 0.066667
