1 0.175625 0.320000 0.028750 0.102222
1 0.270625 0.168889 0.011250 0.040000
1 0.361250 0.258889 0.020000 0.082222
1 0.373750 0.416667 0.070000 0.113333
1 0.455000 0.388889 0.062500 0.111111
1 0.435625 0.810000 0.136250 0.202222
1 0.030625 0.456667 0.058750 0.122222
1 0.721875 0.360000 0.061250 0.102222
1 0.740625 0.377778 0.068750 0.102222
1 0.772500 0.398889 0.070000 0.117778
1 0.740000 0.328889 0.037500 0.080000
1 0.814375 0.328889 0.043750 0.080000
1 0.858750 0.338889 0.047500 0.091111
1 0.901875 0.320000 0.041250 0.088889
1 0.931875 0.301111 0.036250 0.077778
1 0.072500 0.138889 0.010000 0.028889
0 0.180000 0.216667 0.057500 0.100000
