1 0.073125 0.138889 0.011250 0.028889
1 0.077500 0.130000 0.007500 0.028889
1 0.093750 0.127778 0.007500 0.028889
1 0.115625 0.120000 0.008750 0.022222
1 0.152500 0.112222 0.007500 0.024444
1 0.155625 0.107778 0.006250 0.020000
1 0.168125 0.112222 0.006250 0.020000
1 0.128750 0.138889 0.010000 0.028889
1 0.105000 0.161111 0.007500 0.037778
1 0.087500 0.172222 0.012500 0.037778
1 0.057500 0.226667 0.017500 0.053333
1 0.132500 0.235556 0.017500 0.057778
1 0.143125 0.160000 0.011250 0.040000
1 0.175625 0.327778 0.028750 0.086667
1 0.263125 0.240000 0.016250 0.062222
1 0.270000 0.188889 0.012500 0.048889
1 0.030000 0.405556 0.057500 0.104444
1 0.378125 0.396667 0.066250 0.100000
1 0.682500 0.331111 0.055000 0.088889
1 0.975625 0.325556 0.048750 0.091111
1 0.823750 0.328889 0.045000 0.088889
4 0.180625 0.215556 0.061250 0.093333
0 0.285625 0.476667 0.181250 0.180000
