1 0.153125 0.165556 0.011250 0.037778
1 0.180625 0.141111 0.008750 0.033333
1 0.198125 0.137778 0.008750 0.031111
1 0.230625 0.146667 0.011250 0.031111
1 0.107500 0.141111 0.010000 0.033333
1 0.083125 0.148889 0.006250 0.031111
1 0.098125 0.117778 0.006250 0.022222
1 0.078125 0.116667 0.006250 0.024444
1 0.128750 0.091111 0.005000 0.017778
1 0.253125 0.238889 0.021250 0.068889
1 0.437500 0.275556 0.030000 0.084444
1 0.061250 0.542222 0.102500 0.142222
1 0.156250 0.418889 0.077500 0.108889
1 0.190625 0.457778 0.083750 0.120000
1 0.221875 0.421111 0.066250 0.104444
1 0.355625 0.441111 0.076250 0.108889
1 0.354375 0.698889 0.121250 0.171111
1 0.428750 0.391111 0.067500 0.102222
1 0.461250 0.407778 0.065000 0.108889
1 0.540000 0.306667 0.042500 0.084444
1 0.585000 0.385556 0.062500 0.117778
1 0.605000 0.411111 0.062500 0.115556
1 0.613125 0.601111 0.088750 0.157778
1 0.773750 0.872222 0.115000 0.224444
1 0.774375 0.710000 0.103750 0.193333
1 0.881250 0.587778 0.077500 0.157778
1 0.681875 0.358889 0.063750 0.091111
1 0.714375 0.378889 0.053750 0.100000
1 0.716250 0.440000 0.062500 0.097778
1 0.768125 0.350000 0.051250 0.086667
1 0.730625 0.342222 0.048750 0.102222
1 0.854375 0.307778 0.038750 0.077778
1 0.845625 0.340000 0.048750 0.088889
0 0.885000 0.398889 0.150000 0.131111
