1 0.085000 0.130000 0.007500 0.028889
1 0.062500 0.168889 0.010000 0.040000
1 0.188750 0.126667 0.010000 0.022222
1 0.137500 0.170000 0.007500 0.037778
1 0.085000 0.188889 0.015000 0.048889
1 0.095000 0.238889 0.015000 0.060000
1 0.131250 0.237778 0.015000 0.062222
1 0.132500 0.202222 0.012500 0.053333
1 0.156250 0.238889 0.012500 0.060000
1 0.198750 0.205556 0.017500 0.046667
1 0.140625 0.277778 0.021250 0.071111
1 0.184375 0.268889 0.018750 0.071111
1 0.210000 0.261111 0.020000 0.082222
1 0.235625 0.248889 0.018750 0.071111
1 0.260000 0.251111 0.020000 0.075556
1 0.155625 0.340000 0.023750 0.093333
2 0.250625 0.317778 0.041250 0.088889
1 0.213125 0.481111 0.083750 0.131111
1 0.348125 0.418889 0.073750 0.108889
1 0.964375 0.325556 0.041250 0.086667
1 0.778125 0.352222 0.051250 0.091111
1 0.806875 0.327778 0.051250 0.086667
0 0.106250 0.115556 0.017500 0.026667
0 0.141875 0.156667 0.028750 0.037778
0 0.175000 0.212222 0.037500 0.051111
0 0.224375 0.173333 0.041250 0.044444
0 0.298125 0.223333 0.048750 0.055556
