1 0.123125 0.088889 0.006250 0.017778
1 0.176250 0.110000 0.007500 0.020000
1 0.133750 0.148889 0.010000 0.040000
1 0.083750 0.120000 0.007500 0.022222
1 0.076250 0.188889 0.015000 0.048889
1 0.084375 0.220000 0.011250 0.048889
1 0.110625 0.260000 0.018750 0.066667
1 0.123750 0.278889 0.017500 0.077778
1 0.141875 0.270000 0.021250 0.077778
1 0.168125 0.260000 0.021250 0.080000
1 0.250625 0.285556 0.026250 0.077778
1 0.043125 0.418889 0.071250 0.077778
1 0.301250 0.440000 0.052500 0.120000
1 0.575625 0.328889 0.048750 0.088889
1 0.240625 0.888889 0.153750 0.208889
1 0.743125 0.667778 0.088750 0.184444
1 0.938750 0.728889 0.082500 0.191111
0 0.085000 0.555556 0.167500 0.240000
0 0.155000 0.197778 0.042500 0.066667
0 0.100625 0.098889 0.016250 0.028889
0 0.951875 0.350000 0.096250 0.117778
