1 0.335000 0.676667 0.055000 0.220000
1 0.093750 0.380000 0.027500 0.097778
1 0.224375 0.391111 0.026250 0.102222
2 0.902500 0.330000 0.027500 0.091111
1 0.180000 0.316667 0.020000 0.077778
1 0.228125 0.305556 0.021250 0.082222
1 0.328750 0.306667 0.032500 0.084444
1 0.365625 0.297778 0.031250 0.071111
1 0.333750 0.247778 0.027500 0.073333
1 0.358125 0.257778 0.033750 0.075556
1 0.246875 0.247778 0.016250 0.060000
1 0.218750 0.237778 0.017500 0.062222
1 0.193125 0.242222 0.016250 0.062222
1 0.171875 0.248889 0.021250 0.071111
1 0.158125 0.278889 0.018750 0.068889
1 0.135000 0.242222 0.020000 0.066667
1 0.104375 0.202222 0.016250 0.057778
1 0.081250 0.207778 0.012500 0.060000
1 0.064375 0.220000 0.018750 0.071111
0 0.115000 0.284444 0.057500 0.093333
0 0.182500 0.204444 0.042500 0.066667
0 0.250625 0.220000 0.048750 0.075556
0 0.130625 0.210000 0.036250 0.064444
0 0.143750 0.182222 0.037500 0.053333
0 0.136250 0.162222 0.042500 0.048889
0 0.120625 0.135556 0.021250 0.031111
0 0.102500 0.108889 0.017500 0.031111
