1 0.074375 0.210000 0.013750 0.051111
1 0.102500 0.201111 0.015000 0.055556
1 0.099375 0.268889 0.018750 0.071111
1 0.126250 0.368889 0.027500 0.102222
1 0.166250 0.422222 0.032500 0.115556
1 0.182500 0.528889 0.037500 0.151111
1 0.271250 0.175556 0.015000 0.044444
1 0.309375 0.167778 0.011250 0.042222
1 0.392500 0.237778 0.017500 0.057778
1 0.645625 0.688889 0.076250 0.222222
1 0.917500 0.326667 0.037500 0.084444
1 0.940625 0.390000 0.041250 0.117778
1 0.958750 0.315556 0.045000 0.093333
1 0.864375 0.320000 0.041250 0.088889
0 0.425000 0.507778 0.155000 0.215556
0 0.256250 0.324444 0.080000 0.124444
0 0.156250 0.266667 0.045000 0.071111
0 0.186875 0.224444 0.046250 0.075556
0 0.151250 0.197778 0.035000 0.053333
0 0.110000 0.113333 0.020000 0.026667
0 0.084375 0.122222 0.021250 0.022222
0 0.097500 0.098889 0.015000 0.020000
