1 0.703750 0.782222 0.105000 0.213333
1 0.923125 0.882222 0.111250 0.231111
1 0.974375 0.726667 0.051250 0.195556
1 0.936875 0.568889 0.071250 0.151111
1 0.829375 0.561111 0.076250 0.157778
1 0.834375 0.497778 0.068750 0.137778
1 0.387500 0.822222 0.145000 0.208889
1 0.183750 0.460000 0.055000 0.128889
1 0.670000 0.342222 0.052500 0.102222
1 0.203125 0.221111 0.018750 0.055556
1 0.222500 0.216667 0.012500 0.055556
1 0.070625 0.172222 0.011250 0.042222
1 0.080000 0.116667 0.007500 0.028889
1 0.194375 0.120000 0.008750 0.031111
0 0.105625 0.155556 0.026250 0.035556
0 0.344375 0.248889 0.066250 0.075556
0 0.515000 0.316667 0.117500 0.104444
0 0.542500 0.455556 0.182500 0.146667
