1 0.083125 0.260000 0.016250 0.062222
1 0.066875 0.277778 0.018750 0.062222
1 0.098750 0.247778 0.015000 0.051111
1 0.106875 0.280000 0.016250 0.071111
1 0.116250 0.252222 0.020000 0.068889
1 0.136250 0.280000 0.025000 0.088889
1 0.154375 0.267778 0.016250 0.068889
1 0.155000 0.237778 0.015000 0.057778
1 0.246875 0.255556 0.016250 0.080000
1 0.095000 0.200000 0.015000 0.048889
2 0.068750 0.198889 0.012500 0.051111
1 0.195000 0.126667 0.007500 0.031111
1 0.310000 0.168889 0.010000 0.040000
1 0.351250 0.188889 0.017500 0.048889
1 0.432500 0.271111 0.027500 0.080000
1 0.919375 0.702222 0.086250 0.182222
1 0.953750 0.572222 0.062500 0.153333
1 0.833750 0.486667 0.052500 0.160000
1 0.746875 0.390000 0.061250 0.113333
1 0.775000 0.648889 0.100000 0.177778
1 0.516875 0.687778 0.083750 0.197778
1 0.491250 0.875556 0.147500 0.240000
0 0.088125 0.134444 0.021250 0.033333
0 0.143125 0.190000 0.038750 0.064444
0 0.190000 0.230000 0.045000 0.068889
