1 0.158750 0.107778 0.005000 0.028889
1 0.177500 0.110000 0.007500 0.020000
1 0.195000 0.128889 0.010000 0.031111
1 0.060625 0.190000 0.011250 0.046667
1 0.101875 0.200000 0.013750 0.040000
1 0.099375 0.218889 0.011250 0.051111
1 0.103750 0.238889 0.015000 0.060000
1 0.084375 0.250000 0.016250 0.060000
1 0.068125 0.277778 0.016250 0.062222
1 0.126250 0.235556 0.017500 0.057778
1 0.127500 0.277778 0.020000 0.071111
1 0.191875 0.280000 0.021250 0.080000
1 0.245625 0.260000 0.018750 0.071111
1 0.278125 0.280000 0.016250 0.080000
1 0.299375 0.268889 0.021250 0.071111
1 0.299375 0.247778 0.021250 0.064444
1 0.145625 0.231111 0.013750 0.053333
1 0.166875 0.226667 0.018750 0.053333
3 0.096250 0.134444 0.020000 0.042222
0 0.155000 0.205556 0.045000 0.068889
