1 0.081875 0.140000 0.008750 0.031111
1 0.101250 0.140000 0.010000 0.031111
1 0.213750 0.137778 0.012500 0.031111
1 0.129375 0.181111 0.011250 0.042222
1 0.096875 0.180000 0.011250 0.040000
1 0.073750 0.168889 0.010000 0.040000
1 0.059375 0.190000 0.011250 0.042222
1 0.058750 0.251111 0.022500 0.062222
1 0.127500 0.252222 0.020000 0.060000
1 0.126250 0.280000 0.017500 0.066667
1 0.221250 0.250000 0.020000 0.068889
1 0.273125 0.255556 0.018750 0.080000
1 0.033750 0.507778 0.065000 0.113333
1 0.033125 0.438889 0.063750 0.100000
1 0.157500 0.418889 0.080000 0.108889
1 0.203125 0.448889 0.076250 0.120000
1 0.165625 0.498889 0.086250 0.140000
1 0.320625 0.408889 0.073750 0.120000
1 0.252500 0.790000 0.142500 0.211111
1 0.763750 0.896667 0.132500 0.206667
1 0.406875 0.378889 0.068750 0.100000
1 0.470625 0.280000 0.031250 0.071111
1 0.513750 0.358889 0.057500 0.100000
0 0.162500 0.188889 0.037500 0.053333
0 0.156875 0.236667 0.051250 0.073333
0 0.792500 0.414444 0.200000 0.175556
3 0.953750 0.301111 0.092500 0.148889
