1 0.071250 0.147778 0.015000 0.037778
1 0.097500 0.152222 0.012500 0.037778
1 0.055625 0.207778 0.016250 0.051111
1 0.061250 0.252222 0.017500 0.064444
1 0.110000 0.238889 0.012500 0.060000
1 0.116875 0.251111 0.013750 0.066667
1 0.128750 0.260000 0.015000 0.062222
1 0.125000 0.278889 0.020000 0.068889
1 0.203125 0.261111 0.018750 0.068889
1 0.229375 0.260000 0.018750 0.071111
1 0.241250 0.251111 0.017500 0.071111
1 0.271250 0.251111 0.020000 0.075556
1 0.351875 0.191111 0.016250 0.040000
1 0.274375 0.872222 0.151250 0.215556
0 0.155625 0.237778 0.048750 0.075556
0 0.171250 0.206667 0.042500 0.062222
0 0.086250 0.095556 0.017500 0.022222
0 0.124375 0.092222 0.016250 0.020000
