1 0.075625 0.130000 0.011250 0.028889
1 0.058750 0.197778 0.012500 0.044444
1 0.076250 0.187778 0.015000 0.042222
1 0.073750 0.236667 0.015000 0.055556
1 0.101250 0.207778 0.015000 0.051111
1 0.124375 0.188889 0.013750 0.048889
1 0.135000 0.216667 0.012500 0.055556
1 0.123750 0.276667 0.017500 0.064444
1 0.175625 0.175556 0.011250 0.044444
1 0.214375 0.207778 0.013750 0.051111
1 0.164375 0.211111 0.013750 0.057778
1 0.191250 0.130000 0.010000 0.037778
1 0.234375 0.135556 0.008750 0.031111
1 0.243750 0.156667 0.010000 0.042222
1 0.328125 0.176667 0.011250 0.042222
1 0.443750 0.262222 0.025000 0.057778
1 0.454375 0.281111 0.031250 0.073333
1 0.371875 0.390000 0.068750 0.108889
1 0.246875 0.512222 0.051250 0.144444
1 0.136875 0.556667 0.078750 0.171111
0 0.800625 0.542222 0.251250 0.235556
0 0.853750 0.411111 0.155000 0.151111
3 0.270625 0.842222 0.293750 0.315556
0 0.100625 0.112222 0.018750 0.028889
0 0.269375 0.194444 0.041250 0.046667
