1 0.067500 0.148889 0.010000 0.031111
1 0.077500 0.190000 0.015000 0.042222
1 0.093125 0.237778 0.018750 0.062222
1 0.125000 0.236667 0.015000 0.060000
1 0.118750 0.177778 0.012500 0.040000
1 0.123750 0.088889 0.005000 0.017778
1 0.286250 0.170000 0.012500 0.033333
1 0.972500 0.306667 0.035000 0.080000
0 0.382500 0.502222 0.232500 0.204444
0 0.825000 0.502222 0.200000 0.182222
3 0.818750 0.346667 0.207500 0.200000
0 0.094375 0.146667 0.028750 0.044444
0 0.142500 0.168889 0.030000 0.044444
0 0.237500 0.183333 0.042500 0.051111
3 0.195000 0.143333 0.045000 0.064444
