1 0.080625 0.145556 0.008750 0.033333
1 0.070000 0.168889 0.010000 0.040000
1 0.122500 0.198889 0.015000 0.051111
1 0.163750 0.190000 0.010000 0.046667
1 0.196250 0.185556 0.012500 0.051111
1 0.153750 0.255556 0.015000 0.062222
1 0.290000 0.181111 0.010000 0.033333
1 0.351875 0.188889 0.013750 0.048889
1 0.177500 0.117778 0.005000 0.022222
1 0.277500 0.340000 0.022500 0.097778
1 0.227500 0.491111 0.040000 0.146667
1 0.363750 0.612222 0.050000 0.211111
1 0.880000 0.401111 0.062500 0.113333
1 0.968125 0.577778 0.063750 0.142222
0 0.100625 0.112222 0.018750 0.024444
0 0.090625 0.093333 0.013750 0.017778
0 0.153125 0.167778 0.026250 0.042222
0 0.136875 0.085556 0.013750 0.015556
