4 0.729375 0.483333 0.541250 0.446667
1 0.693125 0.748889 0.108750 0.208889
1 0.900625 0.928889 0.113750 0.142222
0 0.335625 0.246667 0.056250 0.071111
1 0.282500 0.260000 0.017500 0.066667
1 0.254375 0.252222 0.018750 0.068889
1 0.101250 0.288889 0.020000 0.080000
1 0.188125 0.236667 0.016250 0.060000
1 0.279375 0.176667 0.013750 0.042222
1 0.062500 0.192222 0.012500 0.046667
1 0.075625 0.181111 0.011250 0.042222
1 0.206875 0.190000 0.013750 0.051111
1 0.147500 0.194444 0.015000 0.055556
1 0.105000 0.176667 0.010000 0.042222
1 0.116250 0.171111 0.012500 0.044444
1 0.153750 0.103333 0.007500 0.024444
1 0.097500 0.138889 0.010000 0.033333
1 0.108750 0.145556 0.010000 0.033333
1 0.137500 0.155556 0.010000 0.031111
1 0.148125 0.155556 0.011250 0.031111
1 0.165000 0.160000 0.010000 0.035556
1 0.190625 0.132222 0.006250 0.024444
1 0.197500 0.127778 0.007500 0.028889
1 0.125625 0.132222 0.011250 0.028889
1 0.116875 0.117778 0.008750 0.022222
0 0.104375 0.085556 0.013750 0.020000
