1 0.070000 0.268889 0.017500 0.071111
1 0.077500 0.138889 0.012500 0.028889
1 0.193750 0.131111 0.005000 0.022222
1 0.089375 0.326667 0.021250 0.084444
1 0.108750 0.312222 0.017500 0.073333
1 0.115000 0.367778 0.020000 0.082222
1 0.099375 0.460000 0.028750 0.128889
1 0.170000 0.351111 0.035000 0.102222
1 0.168750 0.420000 0.030000 0.120000
1 0.193750 0.507778 0.035000 0.144444
1 0.245625 0.418889 0.033750 0.131111
1 0.294375 0.535556 0.041250 0.160000
1 0.315000 0.480000 0.042500 0.146667
1 0.317500 0.422222 0.037500 0.120000
1 0.332500 0.385556 0.032500 0.108889
1 0.402500 0.451111 0.045000 0.133333
1 0.427500 0.520000 0.042500 0.160000
1 0.335000 0.261111 0.022500 0.064444
1 0.486250 0.340000 0.040000 0.097778
1 0.546250 0.391111 0.055000 0.115556
1 0.586250 0.387778 0.050000 0.113333
1 0.640625 0.328889 0.051250 0.088889
1 0.680000 0.381111 0.060000 0.091111
1 0.699375 0.416667 0.066250 0.113333
1 0.775000 0.388889 0.070000 0.102222
0 0.179375 0.210000 0.046250 0.060000
0 0.216250 0.273333 0.057500 0.084444
0 0.146250 0.255556 0.050000 0.084444
