0 0.098750 0.102222 0.017500 0.026667
0 0.135625 0.153333 0.028750 0.040000
1 0.075000 0.126667 0.007500 0.031111
1 0.083125 0.152222 0.008750 0.033333
1 0.107500 0.168889 0.012500 0.044444
1 0.125000 0.210000 0.012500 0.051111
1 0.115000 0.243333 0.015000 0.060000
1 0.069375 0.192222 0.011250 0.046667
1 0.078750 0.336667 0.032500 0.082222
2 0.080625 0.248889 0.016250 0.071111
2 0.100625 0.285556 0.013750 0.073333
1 0.147500 0.302222 0.022500 0.080000
1 0.212500 0.190000 0.012500 0.055556
1 0.206875 0.234444 0.018750 0.068889
1 0.231875 0.225556 0.013750 0.060000
1 0.240625 0.243333 0.016250 0.064444
1 0.255625 0.203333 0.016250 0.046667
1 0.273750 0.253333 0.017500 0.066667
1 0.348750 0.198889 0.010000 0.046667
1 0.361250 0.221111 0.015000 0.055556
1 0.330625 0.253333 0.018750 0.075556
1 0.390625 0.244444 0.021250 0.062222
1 0.425000 0.248889 0.022500 0.066667
1 0.304375 0.275556 0.023750 0.075556
1 0.382500 0.290000 0.025000 0.077778
1 0.423125 0.315556 0.031250 0.080000
1 0.428750 0.355556 0.035000 0.093333
1 0.214375 0.346667 0.023750 0.097778
1 0.206250 0.408889 0.030000 0.124444
1 0.146875 0.421111 0.026250 0.117778
1 0.240000 0.445556 0.027500 0.122222
1 0.281875 0.414444 0.033750 0.126667
1 0.335625 0.394444 0.041250 0.122222
1 0.195000 0.571111 0.037500 0.173333
1 0.265625 0.503333 0.041250 0.148889
1 0.310625 0.566667 0.043750 0.164444
1 0.421250 0.488889 0.045000 0.155556
1 0.380000 0.568889 0.055000 0.186667
1 0.350000 0.691111 0.057500 0.213333
1 0.480000 0.327778 0.042500 0.086667
1 0.494375 0.347778 0.043750 0.095556
1 0.543125 0.301111 0.041250 0.082222
1 0.571250 0.343333 0.055000 0.095556
1 0.585000 0.367778 0.055000 0.086667
1 0.606250 0.402222 0.062500 0.115556
1 0.666875 0.328889 0.061250 0.084444
1 0.699375 0.387778 0.068750 0.113333
1 0.703750 0.881111 0.105000 0.237778
1 0.906875 0.310000 0.036250 0.077778
1 0.858750 0.324444 0.042500 0.080000
1 0.845625 0.344444 0.041250 0.088889
1 0.815000 0.381111 0.070000 0.100000
1 0.825000 0.426667 0.075000 0.111111
1 0.895625 0.398889 0.073750 0.104444
