1 0.098750 0.125556 0.005000 0.024444
1 0.090625 0.120000 0.006250 0.022222
1 0.176875 0.117778 0.006250 0.026667
1 0.190000 0.118889 0.007500 0.028889
1 0.217500 0.141111 0.010000 0.033333
1 0.293750 0.198889 0.010000 0.042222
1 0.098750 0.186667 0.017500 0.044444
1 0.104375 0.231111 0.013750 0.057778
1 0.131250 0.225556 0.012500 0.060000
1 0.138750 0.236667 0.015000 0.064444
1 0.152500 0.220000 0.012500 0.057778
1 0.157500 0.238889 0.015000 0.060000
1 0.169375 0.230000 0.013750 0.051111
1 0.195000 0.235556 0.017500 0.057778
1 0.212500 0.227778 0.015000 0.060000
1 0.239375 0.230000 0.018750 0.051111
1 0.276250 0.247778 0.020000 0.064444
1 0.218750 0.328889 0.020000 0.080000
1 0.139375 0.427778 0.073750 0.117778
1 0.158750 0.448889 0.072500 0.120000
1 0.366875 0.428889 0.071250 0.111111
1 0.299375 0.758889 0.068750 0.242222
1 0.563125 0.585556 0.061250 0.184444
1 0.756250 0.348889 0.047500 0.088889
1 0.960000 0.610000 0.075000 0.162222
1 0.961250 0.306667 0.045000 0.071111
3 0.164375 0.187778 0.038750 0.068889
