1 0.970000 0.397778 0.060000 0.088889
1 0.975625 0.347778 0.048750 0.077778
1 0.975000 0.300000 0.050000 0.071111
1 0.948125 0.320000 0.058750 0.080000
1 0.908750 0.317778 0.032500 0.084444
1 0.877500 0.300000 0.040000 0.080000
1 0.860625 0.332222 0.038750 0.095556
1 0.842500 0.316667 0.030000 0.073333
1 0.803750 0.338889 0.040000 0.100000
1 0.662500 0.321111 0.052500 0.082222
1 0.583750 0.380000 0.042500 0.097778
1 0.548125 0.390000 0.043750 0.113333
2 0.234375 0.442222 0.023750 0.128889
1 0.273125 0.367778 0.026250 0.108889
1 0.438125 0.258889 0.026250 0.068889
2 0.346875 0.182222 0.013750 0.053333
1 0.320625 0.195556 0.016250 0.048889
1 0.294375 0.195556 0.011250 0.053333
1 0.243125 0.258889 0.018750 0.068889
1 0.271250 0.168889 0.010000 0.048889
1 0.103750 0.335556 0.027500 0.088889
1 0.090000 0.152222 0.012500 0.033333
1 0.080625 0.125556 0.008750 0.028889
1 0.184375 0.111111 0.008750 0.017778
0 0.200000 0.142222 0.025000 0.031111
0 0.175000 0.186667 0.037500 0.053333
0 0.198125 0.263333 0.063750 0.100000
0 0.165000 0.128889 0.025000 0.035556
0 0.140000 0.115556 0.022500 0.026667
