1 0.426250 0.198889 0.027500 0.131111
1 0.471250 0.175556 0.030000 0.128889
1 0.500000 0.202222 0.032500 0.133333
1 0.526250 0.155556 0.027500 0.128889
1 0.557500 0.190000 0.030000 0.131111
1 0.492500 0.126667 0.025000 0.106667
1 0.537500 0.335556 0.042500 0.155556
1 0.397500 0.301111 0.040000 0.157778
1 0.286875 0.432222 0.088750 0.157778
1 0.291250 0.687778 0.125000 0.197778
1 0.499375 0.585556 0.091250 0.148889
1 0.479375 0.692222 0.106250 0.206667
1 0.084375 0.570000 0.106250 0.140000
1 0.053125 0.500000 0.103750 0.155556
