0 0.871250 0.900000 0.250000 0.200000
1 0.531250 0.140000 0.027500 0.115556
1 0.515625 0.184444 0.028750 0.128889
1 0.493125 0.138889 0.026250 0.126667
1 0.468750 0.180000 0.030000 0.128889
1 0.595000 0.298889 0.047500 0.140000
1 0.509375 0.344444 0.063750 0.146667
1 0.420000 0.630000 0.120000 0.166667
1 0.603750 0.622222 0.107500 0.151111
1 0.578125 0.712222 0.121250 0.162222
1 0.768750 0.761111 0.140000 0.162222
1 0.863125 0.700000 0.131250 0.173333
1 0.877500 0.464444 0.107500 0.133333
1 0.108750 0.633333 0.117500 0.160000
