0 0.598125 0.881111 0.403750 0.237778
1 0.955000 0.834444 0.090000 0.144444
1 0.808125 0.792222 0.126250 0.175556
1 0.823750 0.717778 0.132500 0.177778
1 0.851250 0.657778 0.125000 0.160000
1 0.735625 0.588889 0.113750 0.142222
1 0.831875 0.491111 0.063750 0.173333
1 0.674375 0.685556 0.116250 0.166667
1 0.599375 0.720000 0.138750 0.115556
1 0.600625 0.605556 0.131250 0.157778
1 0.561250 0.375556 0.057500 0.142222
1 0.659375 0.272222 0.028750 0.131111
1 0.579375 0.237778 0.036250 0.120000
1 0.553125 0.170000 0.028750 0.113333
1 0.487500 0.266667 0.037500 0.133333
1 0.425625 0.600000 0.131250 0.151111
1 0.451250 0.678889 0.127500 0.157778
1 0.340625 0.543333 0.111250 0.157778
1 0.230625 0.657778 0.118750 0.168889
1 0.190625 0.828889 0.133750 0.195556
1 0.088125 0.720000 0.118750 0.182222
1 0.093125 0.628889 0.103750 0.160000
1 0.165625 0.580000 0.103750 0.155556
1 0.132500 0.461111 0.097500 0.144444
