0 0.728750 0.578889 0.137500 0.300000
1 0.072500 0.513333 0.100000 0.168889
1 0.160000 0.541111 0.110000 0.197778
1 0.231875 0.450000 0.088750 0.157778
1 0.453750 0.630000 0.102500 0.202222
1 0.234375 0.780000 0.131250 0.204444
1 0.380625 0.360000 0.051250 0.164444
1 0.410000 0.150000 0.032500 0.117778
1 0.452500 0.091111 0.025000 0.066667
1 0.509375 0.144444 0.033750 0.111111
1 0.502500 0.190000 0.035000 0.126667
1 0.608750 0.330000 0.037500 0.144444
1 0.553750 0.407778 0.037500 0.162222
1 0.946875 0.758889 0.106250 0.162222
1 0.865625 0.868889 0.153750 0.191111
