1 0.565625 0.097778 0.023750 0.097778
1 0.608125 0.087778 0.023750 0.073333
1 0.568750 0.218889 0.032500 0.122222
1 0.262500 0.466667 0.087500 0.186667
1 0.040625 0.682222 0.078750 0.168889
1 0.310000 0.727778 0.120000 0.180000
1 0.369375 0.895556 0.148750 0.177778
1 0.584375 0.758889 0.136250 0.171111
1 0.668125 0.907778 0.163750 0.184444
1 0.937500 0.702222 0.125000 0.173333
1 0.957500 0.876667 0.085000 0.153333
2 0.835625 0.661111 0.128750 0.153333
2 0.840000 0.578889 0.117500 0.175556
2 0.570000 0.622222 0.125000 0.195556
