0 0.605625 0.788889 0.218750 0.342222
1 0.607500 0.326667 0.032500 0.146667
1 0.638125 0.148889 0.033750 0.111111
1 0.531250 0.168889 0.030000 0.120000
1 0.508125 0.116667 0.023750 0.104444
1 0.496875 0.166667 0.033750 0.128889
1 0.447500 0.217778 0.032500 0.128889
1 0.532500 0.438889 0.042500 0.171111
1 0.305000 0.398889 0.072500 0.180000
1 0.416875 0.550000 0.083750 0.180000
1 0.493750 0.638889 0.082500 0.180000
1 0.336250 0.666667 0.095000 0.142222
1 0.243125 0.508889 0.103750 0.168889
1 0.071875 0.478889 0.098750 0.140000
1 0.787500 0.916667 0.140000 0.166667
3 0.197500 0.795556 0.392500 0.400000
3 0.851875 0.486667 0.296250 0.364444
