0 0.520000 0.135556 0.080000 0.168889
1 0.420625 0.205556 0.028750 0.131111
1 0.466875 0.215556 0.028750 0.142222
1 0.573125 0.148889 0.023750 0.115556
1 0.578125 0.197778 0.028750 0.124444
1 0.610625 0.128889 0.031250 0.115556
1 0.645625 0.101111 0.028750 0.100000
1 0.646875 0.244444 0.033750 0.137778
1 0.696875 0.271111 0.041250 0.142222
1 0.681250 0.363333 0.030000 0.153333
1 0.780000 0.371111 0.042500 0.160000
1 0.626875 0.438889 0.036250 0.166667
1 0.696875 0.634444 0.053750 0.211111
1 0.548125 0.491111 0.066250 0.168889
1 0.495625 0.434444 0.041250 0.193333
1 0.537500 0.636667 0.080000 0.188889
1 0.549375 0.832222 0.143750 0.188889
1 0.247500 0.455556 0.090000 0.164444
1 0.118750 0.776667 0.142500 0.193333
