0 0.141250 0.928889 0.280000 0.137778
1 0.494375 0.110000 0.028750 0.108889
1 0.052500 0.801111 0.102500 0.126667
1 0.055000 0.610000 0.105000 0.171111
1 0.180000 0.564444 0.102500 0.137778
1 0.168750 0.750000 0.135000 0.184444
1 0.227500 0.685556 0.115000 0.166667
1 0.365000 0.574444 0.120000 0.166667
1 0.423750 0.693333 0.122500 0.155556
1 0.427500 0.787778 0.135000 0.171111
1 0.589375 0.634444 0.118750 0.144444
1 0.617500 0.710000 0.125000 0.153333
1 0.658125 0.796667 0.141250 0.171111
1 0.771250 0.903333 0.152500 0.188889
1 0.908750 0.655556 0.125000 0.173333
1 0.946250 0.775556 0.107500 0.173333
