0 0.635000 0.155556 0.077500 0.160000
1 0.425000 0.141111 0.025000 0.108889
1 0.475000 0.191111 0.030000 0.120000
1 0.513750 0.193333 0.022500 0.128889
1 0.558125 0.171111 0.031250 0.115556
1 0.605625 0.257778 0.031250 0.128889
1 0.690000 0.275556 0.037500 0.137778
1 0.678750 0.092222 0.027500 0.086667
1 0.418750 0.241111 0.030000 0.140000
1 0.405000 0.320000 0.037500 0.151111
1 0.313125 0.417778 0.078750 0.160000
1 0.185000 0.474444 0.090000 0.157778
1 0.266875 0.621111 0.113750 0.171111
1 0.059375 0.870000 0.116250 0.188889
1 0.179375 0.912222 0.161250 0.175556
1 0.436875 0.914444 0.146250 0.171111
1 0.810625 0.770000 0.131250 0.180000
