0 0.365000 0.891111 0.362500 0.213333
0 0.640000 0.295556 0.087500 0.213333
1 0.570625 0.101111 0.023750 0.100000
1 0.445625 0.180000 0.031250 0.128889
1 0.525000 0.218889 0.032500 0.126667
1 0.480000 0.301111 0.042500 0.140000
1 0.542500 0.365556 0.037500 0.144444
1 0.443125 0.415556 0.048750 0.155556
1 0.510625 0.544444 0.058750 0.177778
1 0.328125 0.515556 0.098750 0.173333
1 0.250625 0.647778 0.106250 0.188889
1 0.063125 0.676667 0.123750 0.188889
1 0.506875 0.733333 0.131250 0.177778
1 0.666875 0.653333 0.126250 0.160000
1 0.926875 0.721111 0.133750 0.175556
