0 0.635000 0.238889 0.100000 0.180000
1 0.566875 0.097778 0.026250 0.084444
1 0.576875 0.146667 0.021250 0.111111
1 0.531875 0.143333 0.031250 0.117778
1 0.515000 0.185556 0.025000 0.126667
1 0.493750 0.141111 0.027500 0.122222
1 0.470000 0.181111 0.030000 0.126667
1 0.444375 0.142222 0.028750 0.124444
1 0.687500 0.161111 0.032500 0.108889
1 0.718750 0.265556 0.032500 0.131111
1 0.661875 0.416667 0.036250 0.171111
1 0.570000 0.427778 0.057500 0.162222
1 0.491875 0.434444 0.061250 0.175556
1 0.404375 0.434444 0.068750 0.171111
1 0.455625 0.591111 0.091250 0.191111
1 0.306250 0.611111 0.095000 0.177778
1 0.521250 0.702222 0.130000 0.160000
1 0.529375 0.804444 0.136250 0.168889
1 0.682500 0.764444 0.132500 0.173333
1 0.107500 0.705556 0.132500 0.202222
1 0.267500 0.813333 0.132500 0.182222
1 0.398750 0.915556 0.152500 0.168889
1 0.811875 0.927778 0.168750 0.144444
1 0.942500 0.795556 0.115000 0.168889
