1 0.770000 0.826667 0.140000 0.173333
1 0.850625 0.737778 0.131250 0.164444
1 0.712500 0.663333 0.125000 0.157778
1 0.577500 0.608889 0.115000 0.146667
1 0.533750 0.704444 0.112500 0.160000
1 0.473750 0.727778 0.122500 0.153333
1 0.398750 0.891111 0.155000 0.195556
1 0.431250 0.623333 0.117500 0.166667
1 0.310000 0.544444 0.117500 0.146667
1 0.283125 0.708889 0.133750 0.151111
1 0.290625 0.784444 0.133750 0.173333
1 0.216875 0.602222 0.111250 0.164444
1 0.119375 0.686667 0.116250 0.182222
1 0.131250 0.841111 0.117500 0.180000
1 0.053125 0.757778 0.103750 0.160000
1 0.044375 0.605556 0.086250 0.140000
1 0.111250 0.926667 0.162500 0.146667
