0 0.299375 0.871111 0.363750 0.257778
0 0.498750 0.108889 0.075000 0.102222
1 0.531250 0.744444 0.137500 0.186667
1 0.626250 0.657778 0.130000 0.160000
1 0.763125 0.642222 0.108750 0.164444
1 0.790625 0.573333 0.113750 0.160000
1 0.725625 0.392222 0.051250 0.153333
1 0.658125 0.388889 0.041250 0.160000
1 0.603750 0.325556 0.042500 0.144444
1 0.656875 0.230000 0.036250 0.131111
1 0.465000 0.275556 0.030000 0.151111
1 0.436250 0.110000 0.030000 0.113333
1 0.418750 0.198889 0.030000 0.113333
1 0.415000 0.288889 0.037500 0.133333
1 0.327500 0.632222 0.117500 0.175556
1 0.105625 0.650000 0.118750 0.171111
