0 0.166875 0.840000 0.331250 0.311111
1 0.088125 0.492222 0.108750 0.166667
1 0.190625 0.597778 0.101250 0.160000
1 0.261875 0.530000 0.101250 0.148889
1 0.310000 0.430000 0.082500 0.162222
1 0.431250 0.315556 0.045000 0.151111
1 0.443750 0.607778 0.110000 0.153333
1 0.455625 0.532222 0.101250 0.153333
1 0.435000 0.147778 0.025000 0.108889
1 0.433750 0.226667 0.032500 0.124444
1 0.494375 0.161111 0.026250 0.117778
1 0.505625 0.117778 0.023750 0.102222
1 0.527500 0.170000 0.027500 0.126667
1 0.603750 0.101111 0.027500 0.095556
1 0.755000 0.421111 0.062500 0.157778
1 0.607500 0.557778 0.107500 0.151111
3 0.636250 0.688889 0.245000 0.213333
3 0.813750 0.856667 0.357500 0.286667
