0 0.644375 0.285556 0.098750 0.202222
1 0.571250 0.100000 0.025000 0.088889
1 0.448125 0.177778 0.033750 0.124444
1 0.526250 0.222222 0.032500 0.133333
1 0.483125 0.300000 0.038750 0.137778
1 0.543750 0.365556 0.037500 0.153333
1 0.443125 0.417778 0.048750 0.168889
1 0.323125 0.513333 0.093750 0.168889
1 0.512500 0.545556 0.055000 0.175556
1 0.249375 0.646667 0.106250 0.186667
1 0.505000 0.736667 0.132500 0.184444
1 0.668125 0.653333 0.128750 0.155556
1 0.926875 0.723333 0.131250 0.171111
1 0.064375 0.676667 0.126250 0.188889
