0 0.358750 0.880000 0.402500 0.240000
1 0.490625 0.155556 0.028750 0.120000
1 0.438750 0.212222 0.032500 0.140000
1 0.601250 0.185556 0.027500 0.131111
1 0.641875 0.260000 0.041250 0.128889
1 0.847500 0.487778 0.082500 0.184444
1 0.250000 0.447778 0.092500 0.157778
1 0.331250 0.635556 0.120000 0.173333
1 0.031875 0.571111 0.061250 0.155556
1 0.110000 0.634444 0.110000 0.148889
1 0.240000 0.678889 0.132500 0.166667
1 0.558125 0.636667 0.118750 0.162222
1 0.535625 0.736667 0.133750 0.162222
1 0.635625 0.808889 0.141250 0.173333
1 0.699375 0.611111 0.131250 0.173333
1 0.816250 0.684444 0.127500 0.160000
1 0.871875 0.794444 0.143750 0.171111
1 0.958750 0.738889 0.082500 0.157778
