0 0.797500 0.897778 0.367500 0.204444
1 0.458750 0.108889 0.025000 0.111111
1 0.454375 0.176667 0.026250 0.122222
1 0.438125 0.246667 0.031250 0.137778
1 0.573125 0.188889 0.031250 0.120000
1 0.593125 0.150000 0.028750 0.113333
1 0.623125 0.101111 0.026250 0.113333
1 0.041875 0.588889 0.081250 0.151111
1 0.248750 0.633333 0.122500 0.173333
1 0.479375 0.664444 0.116250 0.182222
1 0.537500 0.573333 0.107500 0.146667
1 0.578750 0.515556 0.097500 0.160000
1 0.756250 0.653333 0.117500 0.168889
1 0.886875 0.630000 0.118750 0.162222
1 0.960625 0.843333 0.078750 0.180000
