1 0.398750 0.335556 0.042500 0.164444
1 0.468125 0.423333 0.038750 0.171111
1 0.511250 0.501111 0.040000 0.162222
1 0.501250 0.675556 0.060000 0.235556
1 0.570000 0.557778 0.042500 0.191111
1 0.543750 0.378889 0.040000 0.171111
1 0.548125 0.295556 0.036250 0.146667
1 0.581250 0.274444 0.030000 0.157778
1 0.625625 0.140000 0.028750 0.111111
1 0.668125 0.118889 0.023750 0.108889
1 0.647500 0.211111 0.030000 0.128889
1 0.631875 0.396667 0.041250 0.193333
1 0.643125 0.640000 0.093750 0.191111
1 0.710625 0.427778 0.041250 0.157778
