0 0.635625 0.898889 0.396250 0.202222
0 0.570625 0.256667 0.126250 0.184444
1 0.470000 0.347778 0.057500 0.131111
1 0.474375 0.527778 0.116250 0.148889
1 0.485000 0.460000 0.102500 0.137778
1 0.149375 0.481111 0.091250 0.157778
1 0.065000 0.596667 0.102500 0.175556
1 0.211875 0.518889 0.086250 0.140000
1 0.246875 0.597778 0.106250 0.168889
1 0.348750 0.700000 0.130000 0.182222
1 0.505000 0.627778 0.102500 0.144444
1 0.515625 0.721111 0.143750 0.175556
1 0.614375 0.578889 0.133750 0.131111
1 0.657500 0.635556 0.137500 0.160000
1 0.810000 0.611111 0.125000 0.168889
1 0.651875 0.530000 0.108750 0.144444
2 0.698125 0.703333 0.136250 0.153333
