1 0.409375 0.137778 0.031250 0.111111
1 0.503125 0.192222 0.031250 0.126667
1 0.675625 0.148889 0.026250 0.097778
1 0.386875 0.325556 0.046250 0.153333
1 0.442500 0.357778 0.065000 0.133333
1 0.436875 0.425556 0.073750 0.144444
1 0.408750 0.548889 0.085000 0.168889
1 0.223750 0.810000 0.130000 0.188889
1 0.455000 0.867778 0.137500 0.184444
1 0.453750 0.767778 0.137500 0.171111
1 0.484375 0.696667 0.121250 0.153333
1 0.451250 0.618889 0.085000 0.180000
1 0.615000 0.768889 0.132500 0.177778
1 0.610000 0.645556 0.127500 0.157778
1 0.676250 0.602222 0.102500 0.160000
1 0.540625 0.470000 0.061250 0.166667
1 0.835000 0.732222 0.135000 0.171111
3 0.596875 0.207778 0.126250 0.322222
