1 0.736250 0.435556 0.072500 0.155556
1 0.918125 0.688889 0.133750 0.173333
1 0.955000 0.793333 0.090000 0.173333
1 0.686250 0.725556 0.135000 0.162222
1 0.720625 0.816667 0.148750 0.175556
1 0.696875 0.914444 0.123750 0.171111
1 0.478750 0.930000 0.157500 0.140000
1 0.317500 0.907778 0.142500 0.184444
1 0.475000 0.768889 0.132500 0.191111
1 0.428125 0.653333 0.121250 0.160000
1 0.345000 0.537778 0.115000 0.155556
1 0.143750 0.596667 0.100000 0.144444
1 0.202500 0.663333 0.115000 0.171111
1 0.142500 0.778889 0.127500 0.171111
1 0.048750 0.707778 0.095000 0.171111
