0 0.362500 0.860000 0.420000 0.280000
1 0.476250 0.230000 0.030000 0.153333
1 0.499375 0.182222 0.031250 0.128889
1 0.515625 0.268889 0.031250 0.137778
1 0.414375 0.201111 0.028750 0.131111
1 0.433125 0.270000 0.041250 0.140000
1 0.030000 0.578889 0.057500 0.148889
1 0.121875 0.632222 0.113750 0.166667
1 0.130625 0.524444 0.101250 0.146667
1 0.226250 0.580000 0.105000 0.160000
1 0.270625 0.675556 0.116250 0.151111
1 0.395000 0.652222 0.122500 0.175556
1 0.940625 0.815556 0.118750 0.160000
1 0.820625 0.733333 0.133750 0.182222
1 0.516250 0.705556 0.107500 0.162222
1 0.562500 0.606667 0.120000 0.164444
