1 0.251953 0.869792 0.054688 0.232639
1 0.440430 0.746528 0.064453 0.208333
1 0.307617 0.574653 0.037109 0.163194
1 0.375000 0.501736 0.035156 0.170139
1 0.266602 0.477431 0.033203 0.156250
1 0.208984 0.423611 0.039062 0.138889
1 0.252930 0.312500 0.029297 0.118056
1 0.312500 0.336806 0.031250 0.097222
1 0.327148 0.446181 0.044922 0.121528
1 0.698242 0.345486 0.048828 0.100694
1 0.817383 0.565972 0.056641 0.152778
1 0.190430 0.211806 0.021484 0.069444
1 0.179688 0.291667 0.023438 0.090278
1 0.158203 0.218750 0.019531 0.076389
1 0.674805 0.211806 0.052734 0.076389
0 0.923828 0.329861 0.125000 0.125000
