1 0.606445 0.522569 0.037109 0.135417
1 0.468750 0.555556 0.042969 0.159722
1 0.321289 0.416667 0.033203 0.118056
1 0.339844 0.357639 0.039062 0.104167
1 0.276367 0.322917 0.021484 0.111111
1 0.250977 0.366319 0.033203 0.114583
1 0.213867 0.359375 0.021484 0.100694
1 0.215820 0.302083 0.033203 0.097222
1 0.117188 0.399306 0.031250 0.118056
1 0.382812 0.175347 0.031250 0.065972
1 0.639648 0.213542 0.041016 0.059028
1 0.666992 0.196181 0.033203 0.059028
1 0.744141 0.208333 0.042969 0.055556
1 0.795898 0.229167 0.041016 0.062500
1 0.188477 0.133681 0.029297 0.052083
0 0.202148 0.217014 0.087891 0.072917
0 0.434570 0.328125 0.115234 0.156250
0 0.169922 0.529514 0.210938 0.225694
0 0.793945 0.697917 0.154297 0.340278
