3 0.854492 0.378472 0.134766 0.222222
3 0.474609 0.184028 0.140625 0.131944
0 0.616211 0.467014 0.107422 0.211806
0 0.382812 0.519097 0.101562 0.239583
0 0.337891 0.329861 0.097656 0.138889
2 0.174805 0.267361 0.033203 0.097222
1 0.223633 0.279514 0.033203 0.093750
1 0.523438 0.753472 0.035156 0.180556
1 0.581055 0.909722 0.076172 0.180556
1 0.624023 0.654514 0.052734 0.197917
1 0.571289 0.687500 0.044922 0.208333
1 0.701172 0.401042 0.039062 0.142361
1 0.756836 0.357639 0.044922 0.111111
1 0.789062 0.229167 0.031250 0.069444
1 0.811523 0.277778 0.041016 0.083333
1 0.098633 0.256944 0.029297 0.083333
