1 0.945312 0.725694 0.074219 0.222222
1 0.629883 0.526042 0.083984 0.156250
1 0.618164 0.437500 0.068359 0.152778
1 0.738281 0.387153 0.062500 0.142361
1 0.856445 0.331597 0.044922 0.114583
1 0.911133 0.286458 0.041016 0.107639
1 0.957031 0.364583 0.042969 0.138889
1 0.403320 0.894097 0.095703 0.204861
1 0.275391 0.765625 0.113281 0.239583
1 0.256836 0.458333 0.044922 0.187500
1 0.291992 0.258681 0.056641 0.121528
1 0.221680 0.286458 0.037109 0.135417
1 0.160156 0.126736 0.031250 0.086806
1 0.071289 0.187500 0.033203 0.125000
1 0.040039 0.218750 0.037109 0.104167
1 0.118164 0.335069 0.037109 0.135417
1 0.056641 0.335069 0.050781 0.135417
1 0.025391 0.411458 0.046875 0.163194
1 0.065430 0.854167 0.126953 0.256944
