0 0.079102 0.241319 0.095703 0.135417
1 0.968750 0.322917 0.050781 0.104167
1 0.936523 0.256944 0.056641 0.097222
1 0.753906 0.713542 0.105469 0.177083
1 0.682617 0.805556 0.111328 0.250000
1 0.651367 0.934028 0.107422 0.131944
1 0.333984 0.857639 0.093750 0.229167
1 0.372070 0.729167 0.099609 0.215278
1 0.262695 0.649306 0.080078 0.187500
1 0.285156 0.562500 0.058594 0.173611
1 0.301758 0.460069 0.068359 0.170139
1 0.245117 0.465278 0.044922 0.138889
1 0.131836 0.526042 0.064453 0.177083
1 0.088867 0.380208 0.056641 0.135417
1 0.016602 0.345486 0.029297 0.156250
1 0.310547 0.244792 0.046875 0.114583
1 0.839844 0.946181 0.125000 0.107639
