1 0.235352 0.423611 0.033203 0.111111
1 0.708984 0.421875 0.039062 0.121528
1 0.617188 0.619792 0.046875 0.170139
1 0.439453 0.873264 0.054688 0.225694
1 0.706055 0.927083 0.076172 0.145833
1 0.246094 0.704861 0.035156 0.194444
1 0.386719 0.592014 0.082031 0.142361
1 0.345703 0.548611 0.066406 0.138889
1 0.235352 0.546875 0.033203 0.128472
1 0.299805 0.475694 0.029297 0.131944
1 0.345703 0.435764 0.031250 0.107639
1 0.286133 0.375000 0.029297 0.104167
1 0.333008 0.352431 0.033203 0.100694
1 0.379883 0.277778 0.033203 0.076389
1 0.331055 0.170139 0.029297 0.069444
1 0.430664 0.180556 0.037109 0.062500
1 0.530273 0.196181 0.048828 0.072917
1 0.626953 0.204861 0.042969 0.055556
1 0.867188 0.348958 0.039062 0.093750
1 0.941406 0.338542 0.039062 0.086806
1 0.780273 0.194444 0.037109 0.055556
1 0.269531 0.282986 0.027344 0.079861
1 0.280273 0.262153 0.021484 0.079861
1 0.314453 0.237847 0.035156 0.086806
1 0.324219 0.277778 0.027344 0.069444
1 0.229492 0.286458 0.029297 0.079861
1 0.242188 0.350694 0.023438 0.083333
1 0.199219 0.340278 0.031250 0.104167
1 0.174805 0.289931 0.029297 0.086806
1 0.253906 0.161458 0.027344 0.065972
1 0.177734 0.128472 0.027344 0.076389
0 0.415039 0.373264 0.103516 0.156250
