1 0.803711 0.597222 0.041016 0.159722
1 0.703125 0.470486 0.039062 0.135417
1 0.738281 0.357639 0.039062 0.097222
1 0.717773 0.309028 0.041016 0.104167
1 0.800781 0.407986 0.039062 0.114583
1 0.833984 0.475694 0.035156 0.131944
1 0.880859 0.418403 0.042969 0.128472
1 0.736328 0.215278 0.042969 0.062500
1 0.709961 0.201389 0.041016 0.062500
1 0.578125 0.201389 0.046875 0.076389
1 0.469727 0.697917 0.048828 0.208333
1 0.410156 0.592014 0.039062 0.184028
1 0.366211 0.486111 0.033203 0.159722
1 0.099609 0.732639 0.046875 0.222222
1 0.190430 0.576389 0.083984 0.159722
1 0.172852 0.421875 0.052734 0.121528
1 0.319336 0.446181 0.033203 0.128472
1 0.451172 0.510417 0.039062 0.145833
1 0.436523 0.413194 0.041016 0.118056
1 0.331055 0.369792 0.044922 0.121528
1 0.281250 0.380208 0.035156 0.114583
1 0.250977 0.317708 0.033203 0.100694
1 0.267578 0.267361 0.035156 0.097222
1 0.334961 0.210069 0.044922 0.065972
1 0.379883 0.171875 0.037109 0.072917
1 0.160156 0.262153 0.027344 0.086806
1 0.209961 0.272569 0.033203 0.093750
1 0.210938 0.197917 0.035156 0.083333
1 0.176758 0.171875 0.025391 0.072917
1 0.072266 0.173611 0.019531 0.076389
0 0.262695 0.168403 0.080078 0.086806
2 0.282227 0.461806 0.033203 0.138889
