1 0.499023 0.628472 0.048828 0.173611
1 0.516602 0.876736 0.064453 0.218750
1 0.923828 0.921875 0.074219 0.156250
1 0.820312 0.923611 0.070312 0.152778
1 0.052734 0.565972 0.085938 0.166667
1 0.236328 0.263889 0.031250 0.090278
1 0.186523 0.274306 0.037109 0.090278
1 0.322266 0.180556 0.039062 0.076389
1 0.409180 0.204861 0.041016 0.062500
1 0.444336 0.192708 0.021484 0.072917
1 0.662109 0.296875 0.046875 0.093750
1 0.872070 0.458333 0.037109 0.118056
1 0.834961 0.428819 0.033203 0.121528
1 0.856445 0.347222 0.033203 0.090278
1 0.807617 0.281250 0.041016 0.083333
1 0.726562 0.206597 0.046875 0.072917
1 0.796875 0.204861 0.046875 0.055556
1 0.233398 0.140625 0.029297 0.065972
1 0.203125 0.144097 0.039062 0.052083
1 0.181641 0.204861 0.031250 0.069444
0 0.728516 0.487847 0.113281 0.218750
