1 0.316406 0.815972 0.093750 0.256944
1 0.011719 0.256944 0.019531 0.138889
1 0.208984 0.234375 0.031250 0.093750
1 0.234375 0.211806 0.027344 0.104167
1 0.321289 0.277778 0.041016 0.118056
1 0.406250 0.397569 0.050781 0.100694
1 0.442383 0.335069 0.041016 0.121528
1 0.505859 0.498264 0.070312 0.128472
1 0.509766 0.414931 0.062500 0.121528
1 0.647461 0.656250 0.091797 0.152778
1 0.659180 0.538194 0.091797 0.138889
1 0.803711 0.618056 0.095703 0.173611
1 0.826172 0.456597 0.054688 0.142361
1 0.974609 0.258681 0.039062 0.100694
1 0.968750 0.815972 0.062500 0.138889
1 0.539062 0.949653 0.109375 0.100694
1 0.671875 0.944444 0.109375 0.111111
0 0.460938 0.623264 0.242188 0.357639
