4 0.469727 0.732639 0.126953 0.305556
1 0.209961 0.918403 0.052734 0.163194
1 0.228516 0.633681 0.027344 0.177083
1 0.321289 0.663194 0.044922 0.173611
1 0.285156 0.557292 0.039062 0.170139
1 0.347656 0.569444 0.027344 0.152778
1 0.377930 0.442708 0.064453 0.093750
1 0.333008 0.416667 0.041016 0.090278
1 0.181641 0.276042 0.031250 0.086806
1 0.477539 0.347222 0.052734 0.104167
1 0.595703 0.479167 0.046875 0.125000
1 0.808594 0.420139 0.046875 0.104167
1 0.848633 0.494792 0.041016 0.121528
1 0.773438 0.220486 0.042969 0.065972
1 0.647461 0.208333 0.052734 0.076389
1 0.927734 0.319444 0.042969 0.090278
1 0.136719 0.442708 0.046875 0.128472
1 0.167969 0.093750 0.015625 0.034722
1 0.185547 0.137153 0.031250 0.038194
1 0.070312 0.144097 0.019531 0.052083
3 0.541992 0.208333 0.099609 0.069444
2 0.708984 0.217014 0.042969 0.065972
2 0.691406 0.328125 0.039062 0.093750
1 0.957031 0.935764 0.085938 0.128472
1 0.164062 0.182292 0.019531 0.079861
0 0.664062 0.711806 0.183594 0.305556
