1 0.678711 0.857639 0.060547 0.229167
1 0.782227 0.730903 0.044922 0.197917
1 0.187500 0.914931 0.062500 0.170139
1 0.510742 0.437500 0.041016 0.138889
1 0.720703 0.368056 0.042969 0.118056
1 0.708984 0.314236 0.031250 0.093750
1 0.789062 0.303819 0.039062 0.086806
1 0.863281 0.378472 0.035156 0.111111
1 0.819336 0.557292 0.041016 0.135417
1 0.585938 0.204861 0.050781 0.062500
1 0.473633 0.199653 0.044922 0.059028
1 0.381836 0.189236 0.037109 0.059028
1 0.423828 0.421875 0.031250 0.121528
1 0.386719 0.373264 0.031250 0.114583
1 0.335938 0.305556 0.035156 0.104167
1 0.347656 0.395833 0.023438 0.083333
1 0.310547 0.385417 0.031250 0.111111
1 0.267578 0.381944 0.027344 0.118056
1 0.220703 0.380208 0.035156 0.107639
1 0.198242 0.309028 0.025391 0.083333
1 0.262695 0.258681 0.041016 0.086806
1 0.256836 0.317708 0.029297 0.079861
1 0.168945 0.248264 0.029297 0.086806
0 0.310547 0.527778 0.191406 0.194444
2 0.177734 0.442708 0.046875 0.107639
0 0.213867 0.194444 0.083984 0.097222
