0 0.239258 0.567708 0.130859 0.281250
0 0.167969 0.315972 0.140625 0.201389
1 0.041992 0.494792 0.052734 0.184028
1 0.881836 0.720486 0.111328 0.204861
1 0.877930 0.444444 0.048828 0.145833
1 0.733398 0.387153 0.056641 0.142361
1 0.469727 0.279514 0.048828 0.107639
1 0.277344 0.347222 0.046875 0.131944
1 0.272461 0.265625 0.041016 0.086806
1 0.279297 0.218750 0.050781 0.090278
1 0.121094 0.144097 0.035156 0.100694
1 0.916992 0.253472 0.041016 0.097222
1 0.950195 0.281250 0.037109 0.104167
1 0.978516 0.302083 0.035156 0.111111
