0 0.162109 0.647569 0.128906 0.322917
1 0.545898 0.673611 0.130859 0.187500
1 0.310547 0.786458 0.082031 0.260417
1 0.254883 0.364583 0.052734 0.159722
1 0.083008 0.328125 0.044922 0.156250
1 0.051758 0.387153 0.056641 0.156250
1 0.060547 0.567708 0.058594 0.190972
1 0.422852 0.463542 0.064453 0.170139
1 0.458008 0.361111 0.056641 0.125000
1 0.113281 0.126736 0.023438 0.079861
1 0.087891 0.092014 0.027344 0.065972
1 0.930664 0.362847 0.056641 0.100694
1 0.718750 0.232639 0.031250 0.104167
1 0.969727 0.309028 0.037109 0.083333
1 0.948242 0.270833 0.033203 0.083333
