1 0.326172 0.496528 0.035156 0.131944
1 0.634766 0.652778 0.046875 0.180556
1 0.779297 0.717014 0.054688 0.184028
1 0.844727 0.489583 0.056641 0.131944
1 0.857422 0.387153 0.054688 0.093750
1 0.345703 0.437500 0.027344 0.138889
1 0.262695 0.378472 0.037109 0.125000
1 0.203125 0.319444 0.031250 0.111111
1 0.184570 0.244792 0.025391 0.079861
1 0.272461 0.152778 0.037109 0.069444
1 0.307617 0.357639 0.033203 0.090278
1 0.316406 0.303819 0.031250 0.086806
1 0.331055 0.270833 0.021484 0.090278
1 0.610352 0.204861 0.048828 0.048611
1 0.944336 0.322917 0.029297 0.090278
2 0.443359 0.184028 0.042969 0.069444
0 0.102539 0.621528 0.201172 0.250000
