0 0.823242 0.765625 0.162109 0.364583
0 0.855469 0.371528 0.113281 0.159722
0 0.469727 0.472222 0.099609 0.180556
0 0.319336 0.250000 0.103516 0.138889
1 0.635742 0.888889 0.060547 0.222222
1 0.670898 0.552083 0.041016 0.159722
1 0.777344 0.512153 0.039062 0.142361
1 0.411133 0.703125 0.056641 0.232639
1 0.285156 0.718750 0.046875 0.215278
1 0.230469 0.571181 0.039062 0.170139
1 0.268555 0.473958 0.037109 0.149306
1 0.316406 0.463542 0.031250 0.149306
1 0.379883 0.513889 0.037109 0.138889
1 0.428711 0.359375 0.052734 0.107639
1 0.231445 0.340278 0.033203 0.111111
1 0.190430 0.260417 0.044922 0.090278
1 0.235352 0.253472 0.033203 0.090278
1 0.263672 0.151042 0.031250 0.059028
1 0.391602 0.185764 0.041016 0.072917
