1 0.562500 0.564236 0.070312 0.218750
1 0.361328 0.838542 0.113281 0.253472
1 0.203125 0.845486 0.148438 0.274306
1 0.084961 0.625000 0.068359 0.208333
1 0.193359 0.411458 0.058594 0.177083
1 0.324219 0.361111 0.042969 0.145833
1 0.027344 0.444444 0.050781 0.187500
1 0.216797 0.237847 0.035156 0.100694
1 0.229492 0.203125 0.029297 0.100694
1 0.271484 0.204861 0.035156 0.104167
1 0.344727 0.147569 0.033203 0.079861
1 0.958008 0.611111 0.052734 0.159722
1 0.758789 0.470486 0.072266 0.142361
1 0.877930 0.428819 0.052734 0.135417
1 0.791016 0.317708 0.042969 0.114583
1 0.821289 0.265625 0.037109 0.107639
1 0.880859 0.277778 0.035156 0.097222
1 0.955078 0.399306 0.050781 0.131944
1 0.920898 0.352431 0.037109 0.121528
1 0.940430 0.256944 0.029297 0.104167
1 0.966797 0.230903 0.027344 0.100694
1 0.983398 0.300347 0.033203 0.128472
2 0.059570 0.335069 0.044922 0.135417
