1 0.465820 0.571181 0.048828 0.184028
1 0.339844 0.411458 0.054688 0.142361
1 0.341797 0.251736 0.050781 0.121528
1 0.244141 0.293403 0.050781 0.142361
1 0.154297 0.354167 0.062500 0.138889
1 0.098633 0.401042 0.052734 0.142361
1 0.094727 0.303819 0.044922 0.114583
1 0.030273 0.312500 0.044922 0.138889
1 0.133789 0.097222 0.025391 0.076389
0 0.858398 0.690972 0.162109 0.423611
0 0.970703 0.312500 0.058594 0.180556
3 0.840820 0.381944 0.134766 0.173611
0 0.098633 0.206597 0.111328 0.156250
3 0.437500 0.409722 0.074219 0.138889
2 0.018555 0.406250 0.033203 0.180556
