4 0.411133 0.388889 0.091797 0.173611
0 0.749023 0.274306 0.123047 0.097222
0 0.854492 0.838542 0.212891 0.322917
0 0.197266 0.201389 0.085938 0.083333
0 0.186523 0.125000 0.064453 0.062500
1 0.628906 0.208333 0.054688 0.062500
1 0.378906 0.168403 0.039062 0.052083
1 0.292969 0.163194 0.027344 0.062500
1 0.357422 0.906250 0.066406 0.187500
1 0.483398 0.689236 0.060547 0.197917
1 0.587891 0.730903 0.046875 0.218750
1 0.693359 0.531250 0.042969 0.166667
1 0.841797 0.642361 0.046875 0.131944
1 0.508789 0.548611 0.044922 0.152778
1 0.288086 0.664931 0.048828 0.190972
1 0.189453 0.520833 0.082031 0.166667
1 0.092773 0.465278 0.068359 0.138889
1 0.210938 0.338542 0.035156 0.100694
1 0.270508 0.435764 0.025391 0.135417
1 0.304688 0.428819 0.031250 0.142361
1 0.307617 0.371528 0.033203 0.125000
1 0.313477 0.333333 0.033203 0.125000
1 0.254883 0.270833 0.033203 0.076389
1 0.268555 0.326389 0.029297 0.090278
1 0.250977 0.352431 0.025391 0.100694
1 0.174805 0.251736 0.037109 0.079861
1 0.148438 0.265625 0.027344 0.086806
1 0.759766 0.204861 0.046875 0.062500
