1 0.634766 0.630208 0.046875 0.184028
1 0.448242 0.529514 0.037109 0.156250
1 0.833984 0.487847 0.039062 0.121528
1 0.503906 0.355903 0.050781 0.100694
1 0.281250 0.468750 0.035156 0.138889
1 0.221680 0.355903 0.033203 0.100694
1 0.296875 0.336806 0.031250 0.097222
1 0.328125 0.385417 0.027344 0.111111
1 0.626953 0.383681 0.050781 0.100694
1 0.707031 0.373264 0.039062 0.107639
1 0.756836 0.338542 0.033203 0.093750
1 0.887695 0.409722 0.037109 0.111111
1 0.875977 0.376736 0.037109 0.100694
1 0.865234 0.324653 0.031250 0.093750
1 0.811523 0.286458 0.044922 0.086806
1 0.776367 0.218750 0.041016 0.062500
1 0.698242 0.208333 0.044922 0.055556
1 0.486328 0.210069 0.042969 0.059028
1 0.530273 0.201389 0.041016 0.062500
1 0.283203 0.168403 0.035156 0.065972
1 0.176758 0.109375 0.025391 0.052083
1 0.197266 0.279514 0.031250 0.086806
2 0.448242 0.180556 0.033203 0.069444
2 0.042969 0.526042 0.082031 0.163194
0 0.164062 0.170139 0.046875 0.062500
