1 0.652344 0.717014 0.054688 0.218750
1 0.520508 0.809028 0.052734 0.215278
1 0.395508 0.871528 0.064453 0.250000
1 0.329102 0.605903 0.048828 0.211806
1 0.527344 0.598958 0.046875 0.149306
1 0.521484 0.472222 0.046875 0.125000
1 0.444336 0.484375 0.048828 0.142361
1 0.430664 0.387153 0.037109 0.114583
1 0.370117 0.467014 0.044922 0.142361
1 0.372070 0.357639 0.029297 0.118056
1 0.342773 0.284722 0.037109 0.111111
1 0.290039 0.227431 0.041016 0.107639
1 0.395508 0.272569 0.044922 0.114583
1 0.067383 0.598958 0.048828 0.184028
