0 0.180664 0.447917 0.142578 0.256944
0 0.049805 0.241319 0.091797 0.135417
0 0.046875 0.130208 0.089844 0.121528
1 0.898438 0.840278 0.160156 0.256944
1 0.515625 0.921875 0.121094 0.156250
1 0.699219 0.590278 0.097656 0.166667
1 0.611328 0.489583 0.070312 0.173611
1 0.498047 0.489583 0.078125 0.159722
1 0.434570 0.376736 0.056641 0.121528
1 0.404297 0.302083 0.050781 0.111111
1 0.285156 0.253472 0.035156 0.111111
1 0.147461 0.125000 0.037109 0.090278
1 0.040039 0.347222 0.048828 0.138889
1 0.099609 0.069444 0.031250 0.062500
1 0.058594 0.072917 0.031250 0.069444
2 0.357422 0.251736 0.035156 0.121528
2 0.311523 0.206597 0.033203 0.114583
1 0.919922 0.211806 0.039062 0.097222
