4 0.407227 0.765625 0.154297 0.434028
4 0.799805 0.546875 0.138672 0.406250
0 0.627930 0.446181 0.099609 0.170139
1 0.237305 0.543403 0.041016 0.156250
1 0.331055 0.463542 0.029297 0.142361
1 0.277344 0.406250 0.039062 0.125000
1 0.318359 0.354167 0.039062 0.104167
1 0.192383 0.302083 0.025391 0.076389
1 0.193359 0.258681 0.027344 0.079861
1 0.159180 0.225694 0.017578 0.076389
1 0.318359 0.175347 0.035156 0.052083
1 0.654297 0.310764 0.042969 0.086806
1 0.561523 0.204861 0.048828 0.062500
1 0.632812 0.203125 0.046875 0.065972
2 0.936523 0.331597 0.033203 0.093750
