1 0.896484 0.230903 0.039062 0.107639
1 0.733398 0.532986 0.099609 0.177083
1 0.944336 0.914931 0.111328 0.170139
1 0.671875 0.892361 0.113281 0.215278
1 0.535156 0.807292 0.085938 0.281250
1 0.495117 0.468750 0.064453 0.180556
1 0.387695 0.479167 0.064453 0.180556
1 0.243164 0.791667 0.072266 0.243056
1 0.208984 0.595486 0.054688 0.163194
1 0.216797 0.524306 0.070312 0.180556
1 0.254883 0.444444 0.052734 0.152778
1 0.076172 0.517361 0.054688 0.180556
1 0.055664 0.399306 0.041016 0.125000
1 0.185547 0.345486 0.042969 0.128472
1 0.244141 0.342014 0.039062 0.121528
1 0.279297 0.315972 0.039062 0.138889
1 0.264648 0.201389 0.033203 0.090278
1 0.183594 0.109375 0.031250 0.072917
1 0.214844 0.256944 0.035156 0.104167
1 0.161133 0.256944 0.037109 0.097222
0 0.083984 0.289931 0.140625 0.190972
0 0.056641 0.144097 0.089844 0.114583
