1 0.409180 0.842014 0.056641 0.260417
1 0.299805 0.621528 0.056641 0.180556
1 0.283203 0.418403 0.035156 0.128472
1 0.366211 0.524306 0.060547 0.166667
1 0.548828 0.553819 0.062500 0.163194
1 0.539062 0.338542 0.070312 0.100694
1 0.448242 0.307292 0.041016 0.093750
1 0.166016 0.289931 0.035156 0.093750
1 0.218750 0.298611 0.031250 0.090278
1 0.196289 0.250000 0.029297 0.104167
1 0.386719 0.187500 0.050781 0.055556
1 0.704102 0.210069 0.056641 0.065972
1 0.926758 0.307292 0.044922 0.079861
1 0.987305 0.333333 0.025391 0.083333
0 0.415039 0.414931 0.126953 0.149306
2 0.198242 0.562500 0.033203 0.180556
1 0.166992 0.125000 0.029297 0.048611
1 0.072266 0.159722 0.027344 0.062500
