1 0.481445 0.652778 0.056641 0.201389
1 0.179688 0.583333 0.093750 0.152778
1 0.307617 0.503472 0.037109 0.138889
1 0.408203 0.385417 0.039062 0.138889
1 0.310547 0.388889 0.039062 0.104167
1 0.223633 0.348958 0.029297 0.121528
1 0.286133 0.305556 0.037109 0.104167
1 0.189453 0.281250 0.027344 0.083333
1 0.198242 0.222222 0.029297 0.062500
1 0.166992 0.192708 0.029297 0.059028
1 0.324219 0.170139 0.042969 0.062500
1 0.218750 0.135417 0.023438 0.055556
1 0.190430 0.145833 0.033203 0.048611
1 0.758789 0.310764 0.052734 0.093750
1 0.765625 0.633681 0.066406 0.142361
1 0.797852 0.484375 0.044922 0.135417
1 0.871094 0.435764 0.039062 0.114583
1 0.913086 0.359375 0.044922 0.093750
1 0.526367 0.203125 0.048828 0.079861
