4 0.580078 0.805556 0.175781 0.368056
1 0.885742 0.890625 0.076172 0.218750
1 0.827148 0.560764 0.037109 0.142361
1 0.873047 0.402778 0.039062 0.131944
1 0.711914 0.647569 0.041016 0.177083
1 0.707031 0.486111 0.039062 0.145833
1 0.666992 0.526042 0.029297 0.142361
1 0.540039 0.546875 0.048828 0.149306
1 0.456055 0.756944 0.048828 0.208333
1 0.369141 0.800347 0.050781 0.218750
1 0.249023 0.800347 0.052734 0.225694
1 0.138672 0.697917 0.042969 0.222222
1 0.312500 0.666667 0.039062 0.187500
1 0.361328 0.506944 0.039062 0.159722
1 0.418945 0.440972 0.037109 0.145833
1 0.498047 0.376736 0.058594 0.093750
1 0.530273 0.307292 0.044922 0.093750
1 0.466797 0.305556 0.039062 0.118056
1 0.445312 0.199653 0.039062 0.065972
1 0.649414 0.208333 0.052734 0.062500
1 0.770508 0.319444 0.044922 0.104167
1 0.300781 0.472222 0.035156 0.131944
1 0.242188 0.539931 0.035156 0.156250
1 0.205078 0.470486 0.031250 0.142361
1 0.258789 0.401042 0.037109 0.114583
1 0.300781 0.380208 0.031250 0.107639
1 0.308594 0.286458 0.031250 0.107639
1 0.232422 0.314236 0.031250 0.086806
1 0.172852 0.237847 0.029297 0.086806
1 0.183594 0.203125 0.023438 0.072917
1 0.200195 0.121528 0.033203 0.055556
1 0.156250 0.296875 0.035156 0.100694
1 0.237305 0.241319 0.021484 0.072917
1 0.075195 0.211806 0.025391 0.076389
