0 0.878906 0.850694 0.218750 0.298611
0 0.167969 0.173611 0.042969 0.069444
1 0.189453 0.312500 0.023438 0.097222
1 0.312500 0.598958 0.039062 0.190972
1 0.429688 0.465278 0.058594 0.131944
1 0.636719 0.536458 0.042969 0.142361
1 0.625000 0.890625 0.054688 0.218750
1 0.761719 0.571181 0.046875 0.156250
1 0.809570 0.661458 0.041016 0.135417
1 0.881836 0.659722 0.044922 0.152778
1 0.825195 0.480903 0.044922 0.135417
1 0.749023 0.421875 0.044922 0.121528
1 0.704102 0.333333 0.037109 0.111111
1 0.654297 0.321181 0.039062 0.086806
1 0.760742 0.281250 0.041016 0.090278
1 0.912109 0.395833 0.039062 0.104167
1 0.853516 0.397569 0.031250 0.072917
1 0.851562 0.355903 0.039062 0.107639
1 0.936523 0.326389 0.033203 0.083333
1 0.985352 0.333333 0.029297 0.083333
1 0.348633 0.279514 0.033203 0.086806
1 0.402344 0.178819 0.035156 0.059028
1 0.250000 0.133681 0.027344 0.059028
1 0.219727 0.144097 0.025391 0.059028
1 0.083008 0.192708 0.025391 0.065972
1 0.825195 0.215278 0.044922 0.048611
4 0.260742 0.279514 0.138672 0.190972
