1 0.076172 0.836806 0.046875 0.236111
1 0.145508 0.682292 0.099609 0.149306
1 0.109375 0.642361 0.078125 0.111111
1 0.096680 0.585069 0.103516 0.114583
1 0.395508 0.607639 0.037109 0.152778
1 0.550781 0.625000 0.050781 0.187500
1 0.813477 0.659722 0.044922 0.187500
1 0.918945 0.923611 0.083984 0.152778
1 0.753906 0.355903 0.031250 0.100694
1 0.898438 0.366319 0.042969 0.114583
1 0.789062 0.260417 0.027344 0.069444
1 0.501953 0.519097 0.035156 0.156250
1 0.440430 0.541667 0.037109 0.145833
1 0.307617 0.524306 0.037109 0.145833
1 0.352539 0.501736 0.037109 0.163194
1 0.405273 0.449653 0.037109 0.121528
1 0.384766 0.354167 0.031250 0.111111
1 0.234375 0.430556 0.035156 0.131944
1 0.300781 0.401042 0.035156 0.121528
1 0.307617 0.347222 0.025391 0.097222
1 0.260742 0.350694 0.025391 0.097222
1 0.243164 0.296875 0.029297 0.093750
1 0.215820 0.322917 0.025391 0.104167
1 0.179688 0.293403 0.035156 0.100694
1 0.215820 0.234375 0.029297 0.079861
1 0.277344 0.277778 0.027344 0.083333
1 0.297852 0.246528 0.025391 0.090278
1 0.345703 0.295139 0.031250 0.097222
1 0.332031 0.237847 0.027344 0.072917
1 0.412109 0.199653 0.035156 0.052083
1 0.436523 0.187500 0.033203 0.055556
1 0.324219 0.164931 0.031250 0.059028
1 0.285156 0.137153 0.027344 0.052083
1 0.250977 0.157986 0.037109 0.065972
1 0.170898 0.121528 0.033203 0.055556
1 0.070312 0.187500 0.023438 0.062500
1 0.087891 0.157986 0.019531 0.052083
