1 0.614258 0.621528 0.041016 0.187500
1 0.783203 0.671875 0.054688 0.170139
1 0.593750 0.875000 0.062500 0.229167
1 0.878906 0.923611 0.074219 0.152778
1 0.861328 0.447917 0.046875 0.145833
1 0.780273 0.486111 0.044922 0.159722
1 0.916992 0.342014 0.041016 0.093750
1 0.525391 0.361111 0.050781 0.118056
1 0.405273 0.449653 0.037109 0.128472
1 0.348633 0.458333 0.041016 0.131944
1 0.242188 0.458333 0.035156 0.138889
1 0.156250 0.512153 0.085938 0.142361
1 0.263672 0.359375 0.035156 0.114583
1 0.311523 0.345486 0.037109 0.100694
1 0.316406 0.170139 0.035156 0.069444
1 0.651367 0.203125 0.048828 0.072917
1 0.213867 0.336806 0.033203 0.097222
1 0.217773 0.267361 0.037109 0.097222
1 0.171875 0.277778 0.031250 0.076389
1 0.174805 0.223958 0.037109 0.086806
1 0.943359 0.309028 0.027344 0.097222
