0 0.845703 0.762153 0.187500 0.364583
0 0.796875 0.480903 0.105469 0.190972
0 0.830078 0.331597 0.117188 0.114583
0 0.437500 0.453125 0.109375 0.190972
0 0.299805 0.439236 0.087891 0.197917
3 0.262695 0.217014 0.134766 0.197917
1 0.524414 0.322917 0.048828 0.097222
1 0.682617 0.414931 0.037109 0.107639
1 0.625000 0.548611 0.039062 0.145833
1 0.572266 0.630208 0.042969 0.170139
1 0.602539 0.767361 0.041016 0.208333
1 0.519531 0.795139 0.058594 0.222222
1 0.522461 0.605903 0.048828 0.184028
1 0.343750 0.383681 0.035156 0.121528
1 0.190430 0.362847 0.021484 0.114583
1 0.208008 0.314236 0.033203 0.072917
1 0.336914 0.171875 0.041016 0.059028
1 0.471680 0.187500 0.037109 0.055556
1 0.886719 0.439236 0.042969 0.121528
1 0.770508 0.199653 0.041016 0.059028
1 0.153320 0.237847 0.029297 0.086806
