1 0.961914 0.265625 0.044922 0.107639
1 0.855469 0.645833 0.125000 0.159722
1 0.869141 0.812500 0.140625 0.187500
1 0.595703 0.875000 0.117188 0.243056
1 0.366211 0.890625 0.091797 0.218750
1 0.349609 0.638889 0.070312 0.208333
1 0.346680 0.494792 0.068359 0.190972
1 0.293945 0.526042 0.052734 0.177083
1 0.198242 0.552083 0.056641 0.187500
1 0.233398 0.406250 0.044922 0.159722
1 0.081055 0.414931 0.044922 0.149306
1 0.019531 0.307292 0.035156 0.142361
1 0.016602 0.394097 0.029297 0.170139
1 0.048828 0.246528 0.023438 0.118056
1 0.074219 0.293403 0.035156 0.128472
4 0.182617 0.263889 0.142578 0.194444
0 0.032227 0.119792 0.060547 0.128472
