1 0.314453 0.788194 0.058594 0.215278
1 0.768555 0.671875 0.064453 0.184028
1 0.834961 0.484375 0.044922 0.128472
1 0.897461 0.368056 0.041016 0.104167
1 0.664062 0.435764 0.046875 0.128472
1 0.694336 0.347222 0.041016 0.097222
1 0.714844 0.190972 0.042969 0.062500
1 0.378906 0.371528 0.042969 0.118056
1 0.151367 0.503472 0.076172 0.152778
1 0.253906 0.392361 0.035156 0.111111
1 0.296875 0.357639 0.031250 0.111111
1 0.240234 0.315972 0.035156 0.090278
1 0.266602 0.289931 0.041016 0.093750
1 0.230469 0.230903 0.035156 0.079861
1 0.249023 0.222222 0.033203 0.083333
1 0.314453 0.159722 0.027344 0.062500
1 0.275391 0.163194 0.035156 0.062500
1 0.190430 0.133681 0.033203 0.059028
1 0.155273 0.102431 0.017578 0.059028
1 0.486328 0.210069 0.046875 0.065972
0 0.416992 0.215278 0.095703 0.083333
1 0.068359 0.079861 0.019531 0.055556
