1 0.192383 0.673611 0.041016 0.180556
1 0.160156 0.465278 0.050781 0.131944
1 0.211914 0.340278 0.025391 0.104167
1 0.286133 0.352431 0.033203 0.107639
1 0.311523 0.446181 0.033203 0.128472
1 0.583008 0.923611 0.056641 0.152778
1 0.351562 0.371528 0.031250 0.104167
1 0.367188 0.326389 0.031250 0.104167
1 0.431641 0.197917 0.042969 0.062500
1 0.686523 0.211806 0.044922 0.055556
1 0.789062 0.270833 0.035156 0.069444
1 0.745117 0.307292 0.025391 0.072917
2 0.762695 0.338542 0.033203 0.093750
0 0.806641 0.437500 0.117188 0.166667
0 0.973633 0.288194 0.052734 0.104167
