1 0.259766 0.755208 0.046875 0.232639
1 0.387695 0.703125 0.048828 0.225694
1 0.531250 0.864583 0.054688 0.263889
1 0.440430 0.602431 0.041016 0.170139
1 0.373047 0.520833 0.035156 0.145833
1 0.405273 0.484375 0.033203 0.142361
1 0.439453 0.392361 0.035156 0.131944
1 0.514648 0.657986 0.044922 0.163194
1 0.511719 0.538194 0.054688 0.145833
1 0.831055 0.548611 0.044922 0.138889
1 0.813477 0.394097 0.041016 0.121528
1 0.896484 0.397569 0.039062 0.121528
1 0.708984 0.206597 0.042969 0.072917
1 0.612305 0.217014 0.048828 0.059028
1 0.256836 0.460069 0.033203 0.142361
1 0.319336 0.401042 0.033203 0.114583
1 0.338867 0.352431 0.025391 0.107639
1 0.274414 0.270833 0.033203 0.097222
1 0.215820 0.288194 0.029297 0.097222
1 0.300781 0.175347 0.031250 0.059028
1 0.329102 0.166667 0.029297 0.062500
1 0.084961 0.218750 0.029297 0.083333
1 0.184570 0.243056 0.025391 0.083333
1 0.960938 0.932292 0.066406 0.135417
2 0.395508 0.220486 0.041016 0.079861
1 0.162109 0.272569 0.023438 0.072917
