1 0.719727 0.894097 0.060547 0.211806
1 0.764648 0.586806 0.044922 0.159722
1 0.536133 0.713542 0.052734 0.197917
1 0.269531 0.579861 0.042969 0.173611
1 0.302734 0.402778 0.031250 0.131944
1 0.398438 0.494792 0.035156 0.142361
1 0.387695 0.395833 0.037109 0.104167
1 0.217773 0.338542 0.029297 0.100694
1 0.338867 0.177083 0.037109 0.062500
1 0.437500 0.194444 0.039062 0.062500
1 0.592773 0.307292 0.048828 0.093750
1 0.667969 0.210069 0.042969 0.065972
1 0.746094 0.277778 0.035156 0.076389
1 0.799805 0.300347 0.033203 0.079861
1 0.757812 0.208333 0.035156 0.055556
