1 0.225586 0.852431 0.056641 0.246528
1 0.291992 0.557292 0.037109 0.170139
1 0.293945 0.451389 0.041016 0.111111
1 0.215820 0.369792 0.025391 0.100694
1 0.209961 0.296875 0.033203 0.093750
1 0.423828 0.361111 0.054688 0.111111
1 0.631836 0.303819 0.044922 0.079861
1 0.759766 0.342014 0.035156 0.100694
1 0.820312 0.538194 0.039062 0.118056
1 0.828125 0.454861 0.031250 0.111111
1 0.875977 0.381944 0.044922 0.111111
1 0.729492 0.201389 0.033203 0.048611
1 0.701172 0.210069 0.031250 0.059028
1 0.569336 0.206597 0.044922 0.059028
1 0.475586 0.210069 0.048828 0.059028
1 0.404297 0.189236 0.035156 0.052083
1 0.359375 0.187500 0.035156 0.062500
1 0.317383 0.170139 0.033203 0.062500
1 0.183594 0.123264 0.023438 0.052083
1 0.793945 0.234375 0.041016 0.052083
0 0.471680 0.585069 0.158203 0.274306
