1 0.830078 0.795139 0.058594 0.222222
1 0.268555 0.848958 0.052734 0.232639
1 0.312500 0.684028 0.046875 0.215278
1 0.382812 0.600694 0.042969 0.180556
1 0.521484 0.534722 0.039062 0.152778
1 0.613281 0.494792 0.058594 0.170139
1 0.587891 0.352431 0.046875 0.107639
1 0.660156 0.284722 0.050781 0.090278
1 0.799805 0.310764 0.037109 0.086806
1 0.858398 0.508681 0.041016 0.142361
1 0.850586 0.357639 0.041016 0.111111
1 0.940430 0.354167 0.041016 0.104167
1 0.262695 0.418403 0.037109 0.128472
1 0.420898 0.425347 0.052734 0.100694
1 0.430664 0.369792 0.056641 0.093750
1 0.421875 0.305556 0.035156 0.090278
1 0.296875 0.163194 0.031250 0.062500
1 0.211914 0.147569 0.033203 0.059028
1 0.171875 0.272569 0.031250 0.100694
1 0.075195 0.192708 0.021484 0.065972
1 0.578125 0.236111 0.039062 0.069444
