3 0.306641 0.390625 0.242188 0.399306
0 0.077148 0.168403 0.095703 0.114583
1 0.392578 0.281250 0.039062 0.118056
1 0.616211 0.465278 0.072266 0.145833
1 0.711914 0.668403 0.103516 0.197917
1 0.803711 0.824653 0.123047 0.211806
1 0.617188 0.907986 0.117188 0.184028
1 0.397461 0.814236 0.099609 0.274306
1 0.375977 0.668403 0.083984 0.204861
1 0.176758 0.503472 0.056641 0.201389
1 0.087891 0.550347 0.062500 0.177083
1 0.103516 0.467014 0.058594 0.163194
1 0.092773 0.342014 0.052734 0.149306
1 0.013672 0.333333 0.023438 0.145833
1 0.060547 0.288194 0.039062 0.125000
