4 0.794922 0.574653 0.085938 0.239583
0 0.958984 0.279514 0.082031 0.107639
1 0.615234 0.550347 0.042969 0.163194
1 0.562500 0.694444 0.042969 0.194444
1 0.583984 0.932292 0.062500 0.135417
1 0.324219 0.744792 0.054688 0.204861
1 0.182617 0.902778 0.056641 0.194444
1 0.082031 0.536458 0.062500 0.142361
1 0.208008 0.470486 0.037109 0.149306
1 0.302734 0.439236 0.039062 0.149306
1 0.480469 0.592014 0.062500 0.149306
1 0.615234 0.387153 0.039062 0.121528
1 0.730469 0.357639 0.039062 0.111111
1 0.790039 0.414931 0.048828 0.107639
1 0.850586 0.307292 0.048828 0.086806
1 0.842773 0.251736 0.060547 0.059028
1 0.279297 0.163194 0.039062 0.069444
1 0.217773 0.128472 0.025391 0.055556
1 0.076172 0.192708 0.027344 0.065972
