1 0.678711 0.637153 0.044922 0.170139
1 0.279297 0.814236 0.066406 0.239583
1 0.780273 0.913194 0.076172 0.173611
1 0.890625 0.409722 0.039062 0.111111
1 0.847656 0.362847 0.042969 0.114583
1 0.719727 0.326389 0.048828 0.118056
1 0.583008 0.336806 0.048828 0.118056
1 0.565430 0.298611 0.044922 0.097222
1 0.552734 0.206597 0.046875 0.065972
1 0.421875 0.180556 0.039062 0.069444
1 0.377930 0.421875 0.052734 0.121528
1 0.325195 0.503472 0.033203 0.166667
1 0.357422 0.932292 0.066406 0.135417
1 0.255859 0.532986 0.031250 0.163194
1 0.219727 0.437500 0.029297 0.125000
1 0.251953 0.369792 0.023438 0.107639
1 0.351562 0.326389 0.027344 0.111111
1 0.280273 0.314236 0.029297 0.114583
1 0.213867 0.326389 0.029297 0.097222
1 0.189453 0.256944 0.027344 0.090278
1 0.212891 0.204861 0.023438 0.076389
1 0.255859 0.274306 0.027344 0.083333
1 0.229492 0.277778 0.029297 0.090278
1 0.237305 0.234375 0.025391 0.079861
1 0.169922 0.178819 0.027344 0.072917
0 0.259766 0.170139 0.089844 0.069444
