0 0.344727 0.312500 0.107422 0.145833
0 0.666016 0.350694 0.148438 0.111111
1 0.333008 0.612847 0.037109 0.170139
1 0.363281 0.454861 0.058594 0.125000
1 0.270508 0.555556 0.033203 0.145833
1 0.256836 0.465278 0.025391 0.125000
1 0.251953 0.375000 0.027344 0.111111
1 0.266602 0.309028 0.029297 0.104167
1 0.225586 0.315972 0.025391 0.104167
1 0.184570 0.300347 0.025391 0.100694
1 0.173828 0.225694 0.027344 0.090278
1 0.493164 0.288194 0.052734 0.090278
1 0.375977 0.821181 0.048828 0.232639
1 0.439453 0.911458 0.046875 0.177083
1 0.549805 0.842014 0.052734 0.239583
1 0.704102 0.897569 0.068359 0.204861
1 0.335938 0.914931 0.050781 0.170139
1 0.054688 0.534722 0.078125 0.159722
1 0.822266 0.529514 0.039062 0.149306
1 0.795898 0.354167 0.044922 0.097222
1 0.763672 0.312500 0.027344 0.090278
1 0.837891 0.255208 0.042969 0.065972
1 0.805664 0.210069 0.044922 0.065972
1 0.537109 0.203125 0.046875 0.072917
1 0.459961 0.196181 0.041016 0.059028
1 0.318359 0.145833 0.031250 0.055556
1 0.287109 0.161458 0.027344 0.052083
1 0.266602 0.145833 0.025391 0.062500
1 0.187500 0.128472 0.023438 0.055556
1 0.161133 0.107639 0.021484 0.055556
