2 0.355469 0.869792 0.074219 0.260417
1 0.610352 0.529514 0.068359 0.170139
1 0.818359 0.657986 0.105469 0.184028
1 0.067383 0.536458 0.060547 0.184028
1 0.107422 0.454861 0.046875 0.187500
1 0.125977 0.336806 0.041016 0.145833
1 0.247070 0.342014 0.044922 0.121528
1 0.368164 0.366319 0.052734 0.121528
1 0.288086 0.251736 0.041016 0.100694
1 0.243164 0.251736 0.041016 0.093750
1 0.105469 0.166667 0.027344 0.083333
1 0.085938 0.116319 0.023438 0.079861
1 0.131836 0.137153 0.025391 0.079861
1 0.150391 0.121528 0.023438 0.083333
