4 0.773438 0.545139 0.113281 0.368056
4 0.488281 0.697917 0.160156 0.375000
0 0.326172 0.369792 0.097656 0.128472
1 0.586914 0.435764 0.025391 0.135417
1 0.664062 0.361111 0.039062 0.111111
1 0.699219 0.461806 0.039062 0.125000
1 0.302734 0.796875 0.054688 0.218750
1 0.308594 0.541667 0.039062 0.152778
1 0.302734 0.421875 0.031250 0.100694
1 0.436523 0.368056 0.041016 0.125000
1 0.363281 0.170139 0.035156 0.062500
1 0.692383 0.263889 0.041016 0.069444
1 0.772461 0.291667 0.041016 0.090278
1 0.808594 0.269097 0.039062 0.079861
1 0.894531 0.383681 0.035156 0.107639
1 0.921875 0.317708 0.035156 0.093750
1 0.940430 0.364583 0.025391 0.090278
1 0.271484 0.260417 0.031250 0.097222
1 0.220703 0.354167 0.031250 0.118056
1 0.230469 0.293403 0.027344 0.093750
1 0.187500 0.281250 0.031250 0.083333
1 0.177734 0.229167 0.027344 0.076389
1 0.083008 0.196181 0.033203 0.093750
