1 0.252930 0.581597 0.044922 0.163194
1 0.293945 0.454861 0.048828 0.131944
1 0.563477 0.574653 0.048828 0.149306
1 0.512695 0.368056 0.037109 0.125000
1 0.557617 0.407986 0.029297 0.107639
1 0.306641 0.168403 0.046875 0.052083
1 0.367188 0.192708 0.031250 0.072917
1 0.672852 0.309028 0.033203 0.083333
1 0.714844 0.387153 0.035156 0.100694
1 0.753906 0.291667 0.046875 0.090278
1 0.815430 0.270833 0.041016 0.076389
1 0.827148 0.406250 0.052734 0.083333
1 0.839844 0.503472 0.046875 0.097222
1 0.832031 0.687500 0.046875 0.159722
1 0.170898 0.097222 0.017578 0.048611
1 0.076172 0.178819 0.023438 0.065972
1 0.790039 0.208333 0.041016 0.055556
0 0.952148 0.329861 0.091797 0.118056
0 0.692383 0.598958 0.111328 0.322917
