1 0.757812 0.357639 0.046875 0.125000
1 0.808594 0.626736 0.058594 0.184028
1 0.878906 0.789931 0.128906 0.218750
1 0.591797 0.710069 0.085938 0.274306
1 0.563477 0.881944 0.107422 0.236111
1 0.558594 0.432292 0.066406 0.149306
1 0.720703 0.517361 0.082031 0.166667
1 0.436523 0.618056 0.064453 0.215278
1 0.178711 0.677083 0.072266 0.243056
1 0.286133 0.685764 0.072266 0.204861
1 0.348633 0.623264 0.064453 0.197917
1 0.363281 0.473958 0.062500 0.190972
1 0.228516 0.506944 0.058594 0.180556
1 0.216797 0.402778 0.050781 0.131944
1 0.346680 0.270833 0.048828 0.118056
1 0.240234 0.178819 0.035156 0.107639
1 0.041016 0.493056 0.042969 0.173611
1 0.097656 0.428819 0.054688 0.170139
1 0.137695 0.401042 0.052734 0.149306
1 0.055664 0.269097 0.041016 0.128472
1 0.049805 0.364583 0.052734 0.152778
1 0.016602 0.407986 0.029297 0.149306
1 0.012695 0.251736 0.021484 0.107639
1 0.090820 0.081597 0.029297 0.065972
1 0.120117 0.079861 0.025391 0.076389
1 0.190430 0.076389 0.029297 0.069444
3 0.163086 0.262153 0.134766 0.170139
0 0.045898 0.156250 0.087891 0.138889
