0 0.794922 0.500000 0.093750 0.173611
0 0.344727 0.295139 0.107422 0.111111
0 0.623047 0.840278 0.164062 0.319444
0 0.224609 0.218750 0.082031 0.090278
0 0.077148 0.137153 0.037109 0.059028
0 0.880859 0.335069 0.113281 0.142361
1 0.576172 0.203125 0.042969 0.059028
1 0.791992 0.319444 0.041016 0.097222
1 0.754883 0.281250 0.044922 0.083333
1 0.729492 0.355903 0.037109 0.079861
1 0.662109 0.437500 0.039062 0.131944
1 0.616211 0.598958 0.041016 0.149306
1 0.545898 0.595486 0.037109 0.163194
1 0.905273 0.920139 0.072266 0.159722
1 0.401367 0.862847 0.048828 0.232639
1 0.214844 0.868056 0.050781 0.236111
1 0.212891 0.600694 0.039062 0.180556
1 0.162109 0.517361 0.031250 0.166667
1 0.201172 0.407986 0.031250 0.114583
1 0.172852 0.282986 0.029297 0.093750
1 0.321289 0.491319 0.033203 0.128472
1 0.366211 0.616319 0.037109 0.184028
1 0.286133 0.647569 0.044922 0.184028
1 0.449219 0.486111 0.031250 0.152778
1 0.398438 0.494792 0.031250 0.156250
1 0.464844 0.788194 0.050781 0.194444
1 0.485352 0.670139 0.048828 0.152778
1 0.710938 0.444444 0.031250 0.125000
1 0.616211 0.348958 0.029297 0.086806
1 0.194336 0.119792 0.029297 0.065972
1 0.191406 0.251736 0.031250 0.072917
3 0.583984 0.430556 0.070312 0.166667
