1 0.281250 0.513889 0.031250 0.145833
1 0.601562 0.701389 0.046875 0.194444
1 0.805664 0.822917 0.056641 0.208333
1 0.788086 0.555556 0.044922 0.173611
1 0.709961 0.467014 0.033203 0.121528
1 0.699219 0.342014 0.031250 0.107639
1 0.767578 0.342014 0.035156 0.093750
1 0.844727 0.472222 0.041016 0.125000
1 0.677734 0.215278 0.042969 0.048611
1 0.717773 0.196181 0.037109 0.065972
1 0.790039 0.211806 0.037109 0.069444
1 0.509766 0.206597 0.050781 0.065972
1 0.383789 0.201389 0.029297 0.048611
1 0.404297 0.190972 0.031250 0.048611
1 0.356445 0.279514 0.025391 0.093750
1 0.299805 0.366319 0.025391 0.121528
1 0.225586 0.149306 0.021484 0.055556
1 0.210938 0.125000 0.015625 0.041667
1 0.593750 0.203125 0.039062 0.059028
1 0.297852 0.163194 0.033203 0.062500
