1 0.807617 0.675347 0.052734 0.177083
1 0.794922 0.470486 0.039062 0.135417
1 0.764648 0.329861 0.033203 0.111111
1 0.895508 0.354167 0.041016 0.097222
1 0.543945 0.543403 0.052734 0.156250
1 0.443359 0.644097 0.042969 0.184028
1 0.385742 0.857639 0.052734 0.250000
1 0.256836 0.902778 0.064453 0.194444
1 0.330078 0.585069 0.039062 0.170139
1 0.258789 0.579861 0.041016 0.173611
1 0.297852 0.475694 0.037109 0.131944
1 0.202148 0.409722 0.037109 0.131944
1 0.343750 0.392361 0.035156 0.111111
1 0.406250 0.373264 0.046875 0.100694
1 0.513672 0.272569 0.050781 0.086806
1 0.662109 0.203125 0.042969 0.072917
1 0.422852 0.190972 0.044922 0.076389
1 0.250977 0.130208 0.033203 0.059028
1 0.236328 0.288194 0.035156 0.090278
1 0.175781 0.267361 0.039062 0.083333
1 0.167969 0.199653 0.027344 0.079861
1 0.370117 0.298611 0.099609 0.111111
