1 0.843750 0.432292 0.054688 0.135417
1 0.940430 0.789931 0.119141 0.204861
1 0.941406 0.673611 0.117188 0.180556
1 0.783203 0.564236 0.089844 0.170139
1 0.830078 0.786458 0.132812 0.170139
1 0.851562 0.918403 0.132812 0.163194
1 0.709961 0.670139 0.111328 0.187500
1 0.637695 0.512153 0.076172 0.170139
1 0.638672 0.732639 0.113281 0.208333
1 0.652344 0.897569 0.117188 0.204861
1 0.421875 0.657986 0.089844 0.197917
1 0.460938 0.567708 0.078125 0.190972
1 0.503906 0.348958 0.066406 0.135417
1 0.258789 0.682292 0.068359 0.218750
1 0.061523 0.529514 0.052734 0.177083
1 0.164062 0.592014 0.054688 0.177083
1 0.185547 0.515625 0.050781 0.177083
1 0.250977 0.510417 0.060547 0.180556
1 0.311523 0.489583 0.052734 0.159722
1 0.278320 0.354167 0.048828 0.138889
1 0.221680 0.298611 0.037109 0.145833
1 0.165039 0.364583 0.044922 0.145833
1 0.102539 0.404514 0.048828 0.156250
1 0.030273 0.383681 0.048828 0.142361
1 0.087891 0.272569 0.042969 0.121528
1 0.133789 0.269097 0.029297 0.114583
1 0.174805 0.243056 0.033203 0.111111
1 0.207031 0.166667 0.031250 0.104167
1 0.156250 0.190972 0.031250 0.097222
1 0.110352 0.189236 0.041016 0.107639
1 0.081055 0.218750 0.033203 0.104167
0 0.026367 0.085069 0.048828 0.100694
