1 0.699219 0.482639 0.039062 0.125000
1 0.614258 0.539931 0.041016 0.135417
1 0.596680 0.680556 0.044922 0.180556
1 0.765625 0.881944 0.062500 0.236111
1 0.929688 0.932292 0.078125 0.135417
1 0.923828 0.350694 0.042969 0.104167
1 0.804688 0.343750 0.054688 0.097222
1 0.809570 0.256944 0.056641 0.083333
1 0.706055 0.321181 0.044922 0.086806
1 0.701172 0.368056 0.046875 0.090278
1 0.396484 0.654514 0.050781 0.184028
1 0.310547 0.715278 0.046875 0.194444
1 0.257812 0.581597 0.039062 0.163194
1 0.335938 0.501736 0.035156 0.135417
1 0.325195 0.430556 0.033203 0.111111
1 0.335938 0.371528 0.070312 0.104167
1 0.472656 0.310764 0.058594 0.100694
1 0.479492 0.406250 0.037109 0.118056
1 0.431641 0.427083 0.058594 0.138889
1 0.235352 0.449653 0.041016 0.135417
1 0.259766 0.324653 0.031250 0.100694
1 0.214844 0.296875 0.035156 0.100694
1 0.201172 0.262153 0.027344 0.079861
1 0.270508 0.232639 0.029297 0.083333
1 0.269531 0.281250 0.035156 0.083333
1 0.380859 0.177083 0.035156 0.062500
1 0.316406 0.177083 0.042969 0.069444
1 0.194336 0.119792 0.021484 0.059028
1 0.333984 0.286458 0.035156 0.086806
1 0.362305 0.336806 0.041016 0.104167
1 0.080078 0.225694 0.035156 0.076389
0 0.639648 0.213542 0.111328 0.079861
