1 0.179688 0.911458 0.062500 0.177083
1 0.508789 0.845486 0.064453 0.253472
1 0.684570 0.876736 0.068359 0.246528
1 0.820312 0.930556 0.066406 0.138889
1 0.833984 0.737847 0.050781 0.204861
1 0.778320 0.500000 0.048828 0.138889
1 0.656250 0.581597 0.042969 0.156250
1 0.626953 0.480903 0.042969 0.142361
1 0.704102 0.460069 0.044922 0.128472
1 0.760742 0.368056 0.041016 0.111111
1 0.819336 0.293403 0.041016 0.093750
1 0.371094 0.508681 0.039062 0.156250
1 0.286133 0.468750 0.037109 0.118056
1 0.371094 0.373264 0.058594 0.114583
1 0.275391 0.375000 0.035156 0.104167
1 0.237305 0.343750 0.033203 0.104167
1 0.191406 0.317708 0.031250 0.107639
1 0.226562 0.281250 0.027344 0.097222
1 0.205078 0.189236 0.035156 0.072917
1 0.175781 0.234375 0.035156 0.065972
1 0.728516 0.204861 0.042969 0.062500
0 0.306641 0.260417 0.117188 0.131944
1 0.080078 0.194444 0.031250 0.076389
