1 0.129883 0.897569 0.056641 0.204861
1 0.269531 0.447917 0.039062 0.125000
1 0.531250 0.409722 0.042969 0.118056
1 0.689453 0.651042 0.046875 0.170139
1 0.859375 0.437500 0.042969 0.118056
1 0.850586 0.369792 0.037109 0.107639
1 0.634766 0.279514 0.031250 0.093750
1 0.687500 0.218750 0.039062 0.062500
1 0.120117 0.550347 0.083984 0.149306
1 0.087891 0.468750 0.062500 0.138889
1 0.225586 0.331597 0.037109 0.107639
1 0.278320 0.347222 0.033203 0.097222
1 0.191406 0.282986 0.039062 0.086806
1 0.151367 0.248264 0.025391 0.086806
1 0.181641 0.215278 0.035156 0.076389
1 0.083008 0.206597 0.029297 0.072917
4 0.592773 0.784722 0.126953 0.388889
0 0.631836 0.489583 0.099609 0.201389
0 0.916992 0.932292 0.166016 0.135417
0 0.679688 0.342014 0.136719 0.107639
0 0.810547 0.220486 0.109375 0.079861
0 0.289062 0.246528 0.089844 0.111111
