1 0.574219 0.623264 0.042969 0.190972
1 0.289062 0.638889 0.042969 0.187500
1 0.194336 0.505208 0.033203 0.149306
1 0.255859 0.451389 0.035156 0.118056
1 0.307617 0.404514 0.041016 0.135417
1 0.525391 0.295139 0.039062 0.090278
1 0.630859 0.215278 0.046875 0.062500
1 0.525391 0.206597 0.050781 0.065972
1 0.267578 0.156250 0.023438 0.055556
1 0.297852 0.138889 0.025391 0.062500
1 0.219727 0.300347 0.033203 0.093750
1 0.782227 0.310764 0.041016 0.093750
1 0.843750 0.335069 0.039062 0.079861
1 0.926758 0.331597 0.037109 0.093750
1 0.730469 0.206597 0.042969 0.072917
0 0.813477 0.440972 0.103516 0.138889
