1 0.653320 0.585069 0.044922 0.163194
1 0.783203 0.590278 0.042969 0.152778
1 0.828125 0.677083 0.042969 0.166667
1 0.474609 0.774306 0.054688 0.208333
1 0.407227 0.619792 0.041016 0.170139
1 0.315430 0.692708 0.052734 0.204861
1 0.309570 0.907986 0.068359 0.177083
1 0.224609 0.880208 0.066406 0.239583
1 0.197266 0.529514 0.046875 0.163194
1 0.335938 0.447917 0.042969 0.145833
1 0.398438 0.487847 0.039062 0.135417
1 0.271484 0.401042 0.035156 0.135417
1 0.221680 0.342014 0.033203 0.114583
1 0.270508 0.277778 0.033203 0.104167
1 0.443359 0.289931 0.046875 0.086806
1 0.502930 0.321181 0.029297 0.107639
1 0.610352 0.345486 0.037109 0.107639
1 0.639648 0.272569 0.033203 0.100694
1 0.722656 0.319444 0.042969 0.097222
1 0.717773 0.406250 0.033203 0.111111
1 0.640625 0.456597 0.035156 0.135417
1 0.764648 0.461806 0.041016 0.131944
1 0.825195 0.378472 0.044922 0.104167
1 0.936523 0.366319 0.037109 0.093750
1 0.312500 0.175347 0.031250 0.059028
1 0.345703 0.157986 0.027344 0.065972
1 0.084961 0.170139 0.029297 0.069444
1 0.806641 0.215278 0.046875 0.062500
0 0.789062 0.838542 0.191406 0.322917
