1 0.362305 0.904514 0.064453 0.190972
1 0.252930 0.732639 0.064453 0.243056
1 0.574219 0.607639 0.066406 0.180556
1 0.843750 0.651042 0.050781 0.163194
1 0.854492 0.496528 0.044922 0.138889
1 0.892578 0.399306 0.046875 0.118056
1 0.772461 0.420139 0.041016 0.131944
1 0.723633 0.373264 0.029297 0.128472
1 0.694336 0.418403 0.033203 0.121528
1 0.288086 0.461806 0.037109 0.138889
1 0.237305 0.411458 0.029297 0.121528
1 0.222656 0.329861 0.031250 0.090278
1 0.252930 0.151042 0.025391 0.072917
1 0.666016 0.210069 0.050781 0.065972
1 0.163086 0.274306 0.025391 0.083333
1 0.173828 0.230903 0.031250 0.079861
1 0.194336 0.208333 0.033203 0.090278
1 0.097656 0.253472 0.027344 0.069444
3 0.375977 0.348958 0.072266 0.142361
0 0.270508 0.236111 0.095703 0.118056
