3 0.107422 0.204861 0.144531 0.215278
1 0.930664 0.322917 0.041016 0.118056
1 0.890625 0.340278 0.042969 0.125000
1 0.832031 0.303819 0.039062 0.107639
1 0.776367 0.380208 0.044922 0.128472
1 0.739258 0.342014 0.044922 0.128472
1 0.698242 0.371528 0.044922 0.138889
1 0.662109 0.470486 0.054688 0.163194
1 0.664062 0.567708 0.058594 0.163194
1 0.582031 0.425347 0.066406 0.142361
1 0.566406 0.500000 0.066406 0.173611
1 0.377930 0.461806 0.044922 0.159722
1 0.448242 0.727431 0.060547 0.225694
1 0.305664 0.722222 0.056641 0.215278
1 0.927734 0.821181 0.078125 0.225694
1 0.909180 0.664931 0.072266 0.184028
1 0.876953 0.571181 0.062500 0.170139
1 0.829102 0.534722 0.048828 0.159722
1 0.827148 0.423611 0.041016 0.145833
1 0.896484 0.411458 0.046875 0.135417
1 0.906250 0.461806 0.050781 0.145833
1 0.130859 0.939236 0.085938 0.121528
1 0.044922 0.449653 0.054688 0.177083
1 0.045898 0.329861 0.048828 0.152778
1 0.085938 0.314236 0.042969 0.142361
