0 0.821289 0.437500 0.107422 0.180556
0 0.568359 0.406250 0.156250 0.152778
1 0.682617 0.399306 0.037109 0.118056
1 0.656250 0.340278 0.027344 0.111111
1 0.443359 0.675347 0.042969 0.184028
1 0.393555 0.536458 0.037109 0.170139
1 0.313477 0.593750 0.041016 0.173611
1 0.265625 0.557292 0.035156 0.170139
1 0.387695 0.288194 0.037109 0.097222
1 0.368164 0.315972 0.029297 0.097222
1 0.313477 0.388889 0.029297 0.111111
1 0.269531 0.383681 0.031250 0.114583
1 0.239258 0.418403 0.029297 0.135417
1 0.210938 0.373264 0.027344 0.121528
1 0.192383 0.324653 0.021484 0.086806
1 0.235352 0.309028 0.029297 0.097222
1 0.191406 0.236111 0.031250 0.083333
1 0.161133 0.265625 0.025391 0.100694
1 0.330078 0.288194 0.027344 0.090278
1 0.330078 0.352431 0.031250 0.093750
1 0.288086 0.262153 0.033203 0.079861
1 0.291016 0.307292 0.027344 0.086806
1 0.242188 0.211806 0.035156 0.062500
1 0.251953 0.262153 0.031250 0.079861
1 0.288086 0.164931 0.029297 0.065972
1 0.764648 0.284722 0.048828 0.090278
1 0.905273 0.338542 0.041016 0.093750
