1 0.596680 0.675347 0.044922 0.170139
1 0.533203 0.564236 0.046875 0.177083
1 0.493164 0.777778 0.048828 0.208333
1 0.422852 0.774306 0.048828 0.222222
1 0.285156 0.864583 0.050781 0.229167
1 0.235352 0.737847 0.048828 0.218750
1 0.350586 0.651042 0.041016 0.197917
1 0.405273 0.555556 0.037109 0.152778
1 0.384766 0.413194 0.035156 0.145833
1 0.329102 0.479167 0.033203 0.145833
1 0.257812 0.453125 0.035156 0.142361
1 0.307617 0.376736 0.037109 0.121528
1 0.480469 0.319444 0.042969 0.104167
1 0.524414 0.282986 0.044922 0.093750
1 0.636719 0.262153 0.046875 0.079861
1 0.686523 0.309028 0.044922 0.090278
1 0.187500 0.227431 0.031250 0.079861
1 0.170898 0.258681 0.029297 0.093750
1 0.295898 0.147569 0.037109 0.065972
1 0.527344 0.196181 0.042969 0.065972
3 0.851562 0.300347 0.160156 0.211806
