1 0.444336 0.395833 0.037109 0.118056
1 0.510742 0.432292 0.037109 0.128472
1 0.601562 0.442708 0.054688 0.100694
1 0.612305 0.373264 0.041016 0.079861
1 0.703125 0.439236 0.046875 0.114583
1 0.765625 0.546875 0.042969 0.142361
1 0.772461 0.654514 0.052734 0.163194
1 0.842773 0.583333 0.048828 0.152778
1 0.874023 0.402778 0.041016 0.097222
1 0.850586 0.296875 0.048828 0.072917
1 0.928711 0.296875 0.041016 0.065972
1 0.663086 0.203125 0.048828 0.059028
1 0.600586 0.208333 0.041016 0.062500
1 0.514648 0.204861 0.044922 0.062500
1 0.382812 0.166667 0.039062 0.062500
1 0.332031 0.171875 0.031250 0.052083
1 0.258789 0.340278 0.029297 0.097222
1 0.200195 0.336806 0.029297 0.104167
1 0.191406 0.237847 0.027344 0.079861
1 0.159180 0.244792 0.021484 0.079861
1 0.087891 0.171875 0.023438 0.065972
1 0.185547 0.126736 0.027344 0.059028
0 0.196289 0.552083 0.244141 0.284722
