1 0.129883 0.534722 0.083984 0.131944
1 0.250000 0.328125 0.031250 0.100694
1 0.322266 0.156250 0.035156 0.062500
1 0.583984 0.305556 0.050781 0.076389
1 0.575195 0.381944 0.048828 0.076389
1 0.494141 0.560764 0.050781 0.156250
1 0.492188 0.852431 0.078125 0.281250
1 0.600586 0.720486 0.048828 0.232639
1 0.653320 0.526042 0.037109 0.142361
1 0.739258 0.357639 0.037109 0.111111
1 0.811523 0.350694 0.037109 0.104167
1 0.865234 0.352431 0.035156 0.086806
1 0.867188 0.411458 0.039062 0.100694
1 0.798828 0.479167 0.050781 0.118056
1 0.803711 0.576389 0.052734 0.104167
1 0.787109 0.696181 0.058594 0.149306
1 0.963867 0.930556 0.072266 0.138889
1 0.914062 0.375000 0.031250 0.104167
1 0.938477 0.317708 0.025391 0.079861
2 0.854492 0.524306 0.044922 0.125000
2 0.674805 0.401042 0.037109 0.114583
