1 0.639648 0.911458 0.068359 0.177083
1 0.456055 0.734375 0.056641 0.211806
1 0.488281 0.571181 0.042969 0.177083
1 0.386719 0.503472 0.042969 0.159722
1 0.412109 0.385417 0.058594 0.118056
1 0.300781 0.395833 0.035156 0.131944
1 0.267578 0.473958 0.039062 0.142361
1 0.322266 0.651042 0.050781 0.197917
1 0.332031 0.519097 0.042969 0.170139
1 0.492188 0.194444 0.046875 0.069444
1 0.659180 0.201389 0.052734 0.076389
1 0.789062 0.215278 0.046875 0.069444
1 0.277344 0.255208 0.039062 0.086806
1 0.256836 0.282986 0.037109 0.121528
1 0.227539 0.317708 0.033203 0.100694
1 0.172852 0.296875 0.052734 0.086806
1 0.079102 0.210069 0.021484 0.079861
1 0.207031 0.269097 0.031250 0.093750
1 0.179688 0.230903 0.035156 0.072917
3 0.822266 0.293403 0.093750 0.114583
3 0.283203 0.152778 0.113281 0.111111
0 0.169922 0.164931 0.054688 0.079861
