1 0.166992 0.875000 0.052734 0.243056
1 0.304688 0.623264 0.050781 0.177083
1 0.305664 0.456597 0.033203 0.121528
1 0.481445 0.394097 0.052734 0.135417
1 0.280273 0.385417 0.021484 0.111111
1 0.301758 0.300347 0.029297 0.107639
1 0.257812 0.326389 0.035156 0.097222
1 0.198242 0.298611 0.041016 0.083333
1 0.146484 0.253472 0.019531 0.090278
1 0.308594 0.168403 0.035156 0.052083
1 0.503906 0.197917 0.046875 0.062500
1 0.989258 0.315972 0.021484 0.076389
1 0.842773 0.218750 0.052734 0.069444
0 0.781250 0.423611 0.132812 0.201389
0 0.198242 0.208333 0.068359 0.083333
0 0.168945 0.086806 0.052734 0.062500
0 0.080078 0.140625 0.039062 0.065972
1 0.087891 0.227431 0.039062 0.086806
