1 0.380859 0.927083 0.054688 0.145833
1 0.294922 0.880208 0.050781 0.232639
1 0.295898 0.654514 0.041016 0.177083
1 0.298828 0.519097 0.035156 0.149306
1 0.398438 0.590278 0.050781 0.166667
1 0.465820 0.772569 0.044922 0.204861
1 0.544922 0.685764 0.042969 0.197917
1 0.617188 0.585069 0.042969 0.170139
1 0.677734 0.720486 0.042969 0.197917
1 0.743164 0.671875 0.041016 0.197917
1 0.772461 0.583333 0.044922 0.166667
1 0.844727 0.454861 0.041016 0.131944
1 0.736328 0.326389 0.039062 0.111111
1 0.518555 0.312500 0.052734 0.118056
1 0.270508 0.338542 0.037109 0.107639
1 0.236328 0.281250 0.035156 0.097222
1 0.187500 0.314236 0.039062 0.086806
1 0.192383 0.274306 0.037109 0.097222
1 0.232422 0.147569 0.031250 0.052083
1 0.522461 0.203125 0.048828 0.065972
1 0.714844 0.206597 0.050781 0.065972
1 0.809570 0.282986 0.048828 0.093750
0 0.236328 0.229167 0.089844 0.097222
0 0.077148 0.128472 0.033203 0.083333
