0 0.266602 0.230903 0.095703 0.086806
0 0.081055 0.149306 0.041016 0.069444
1 0.889648 0.805556 0.052734 0.215278
1 0.845703 0.524306 0.042969 0.131944
1 0.790039 0.545139 0.044922 0.159722
1 0.723633 0.369792 0.037109 0.107639
1 0.794922 0.288194 0.039062 0.083333
1 0.854492 0.321181 0.041016 0.100694
1 0.939453 0.343750 0.031250 0.097222
1 0.544922 0.873264 0.058594 0.225694
1 0.406250 0.864583 0.042969 0.250000
1 0.383789 0.722222 0.029297 0.201389
1 0.427734 0.645833 0.050781 0.180556
1 0.422852 0.440972 0.060547 0.138889
1 0.315430 0.493056 0.033203 0.152778
1 0.259766 0.784722 0.042969 0.229167
1 0.255859 0.515625 0.039062 0.149306
1 0.271484 0.414931 0.039062 0.135417
1 0.315430 0.347222 0.052734 0.118056
1 0.350586 0.401042 0.052734 0.114583
1 0.207031 0.329861 0.027344 0.104167
1 0.173828 0.293403 0.031250 0.100694
1 0.214844 0.258681 0.023438 0.072917
1 0.185547 0.218750 0.031250 0.083333
1 0.083008 0.215278 0.029297 0.076389
