1 0.214844 0.175347 0.035156 0.100694
1 0.206055 0.387153 0.044922 0.142361
1 0.245117 0.666667 0.048828 0.208333
1 0.332031 0.690972 0.046875 0.222222
1 0.415039 0.638889 0.056641 0.208333
1 0.775391 0.861111 0.082031 0.215278
1 0.703125 0.614583 0.078125 0.166667
1 0.807617 0.486111 0.056641 0.145833
1 0.730469 0.465278 0.054688 0.145833
1 0.691406 0.432292 0.042969 0.128472
1 0.685547 0.328125 0.042969 0.114583
1 0.783203 0.381944 0.046875 0.125000
1 0.825195 0.302083 0.041016 0.125000
0 0.950195 0.286458 0.099609 0.142361
