1 0.324219 0.755208 0.046875 0.211806
1 0.245117 0.637153 0.041016 0.190972
1 0.162109 0.532986 0.082031 0.128472
1 0.200195 0.312500 0.029297 0.104167
1 0.299805 0.288194 0.033203 0.097222
1 0.394531 0.189236 0.042969 0.059028
1 0.171875 0.128472 0.023438 0.041667
1 0.184570 0.100694 0.017578 0.034722
1 0.550781 0.343750 0.062500 0.090278
1 0.812500 0.513889 0.039062 0.131944
1 0.742188 0.211806 0.046875 0.062500
1 0.479492 0.197917 0.044922 0.048611
1 0.934570 0.338542 0.033203 0.100694
0 0.406250 0.361111 0.113281 0.166667
