1 0.549805 0.715278 0.076172 0.263889
1 0.801758 0.777778 0.052734 0.208333
1 0.437500 0.873264 0.062500 0.239583
1 0.157227 0.807292 0.060547 0.225694
1 0.319336 0.609375 0.044922 0.177083
1 0.417969 0.640625 0.042969 0.184028
1 0.404297 0.388889 0.058594 0.125000
1 0.326172 0.480903 0.042969 0.163194
1 0.259766 0.416667 0.035156 0.125000
1 0.656250 0.439236 0.039062 0.121528
1 0.829102 0.560764 0.044922 0.156250
1 0.588867 0.428819 0.037109 0.121528
1 0.599609 0.355903 0.031250 0.093750
1 0.693359 0.295139 0.046875 0.090278
1 0.861328 0.402778 0.035156 0.118056
1 0.921875 0.385417 0.039062 0.104167
1 0.516602 0.196181 0.048828 0.072917
1 0.200195 0.250000 0.025391 0.090278
1 0.177734 0.272569 0.027344 0.086806
1 0.250000 0.140625 0.027344 0.065972
1 0.181641 0.109375 0.023438 0.038194
0 0.847656 0.288194 0.097656 0.118056
0 0.203125 0.152778 0.070312 0.069444
