3 0.597656 0.477431 0.152344 0.204861
0 0.766602 0.784722 0.376953 0.430556
0 0.201172 0.562500 0.132812 0.326389
0 0.198242 0.265625 0.134766 0.170139
3 0.061523 0.137153 0.119141 0.177083
1 0.975586 0.289931 0.041016 0.114583
1 0.465820 0.708333 0.083984 0.222222
1 0.382812 0.541667 0.054688 0.201389
1 0.419922 0.310764 0.054688 0.121528
1 0.332031 0.218750 0.046875 0.111111
1 0.274414 0.423611 0.052734 0.152778
1 0.165039 0.380208 0.052734 0.100694
1 0.044922 0.473958 0.050781 0.163194
1 0.010742 0.361111 0.017578 0.125000
1 0.070312 0.298611 0.042969 0.104167
1 0.083008 0.397569 0.052734 0.156250
1 0.154297 0.116319 0.031250 0.086806
1 0.188477 0.078125 0.025391 0.065972
1 0.802734 0.196181 0.054688 0.086806
