1 0.416992 0.876736 0.103516 0.246528
1 0.547852 0.868056 0.107422 0.236111
1 0.444336 0.659722 0.095703 0.201389
1 0.274414 0.628472 0.080078 0.236111
1 0.173828 0.475694 0.046875 0.180556
1 0.034180 0.307292 0.037109 0.135417
1 0.054688 0.246528 0.039062 0.159722
1 0.306641 0.303819 0.039062 0.107639
1 0.369141 0.399306 0.050781 0.104167
1 0.485352 0.479167 0.060547 0.138889
1 0.669922 0.519097 0.070312 0.128472
1 0.744141 0.625000 0.078125 0.138889
1 0.891602 0.631944 0.107422 0.159722
1 0.809570 0.737847 0.126953 0.135417
1 0.816406 0.894097 0.136719 0.197917
1 0.531250 0.380208 0.066406 0.107639
1 0.431641 0.331597 0.050781 0.121528
1 0.365234 0.300347 0.046875 0.093750
1 0.046875 0.081597 0.027344 0.072917
0 0.131836 0.250000 0.111328 0.131944
0 0.260742 0.380208 0.154297 0.232639
