1 0.321289 0.862847 0.048828 0.239583
1 0.189453 0.607639 0.046875 0.180556
1 0.267578 0.486111 0.070312 0.125000
1 0.289062 0.385417 0.039062 0.111111
1 0.822266 0.633681 0.062500 0.170139
1 0.862305 0.416667 0.044922 0.118056
1 0.734375 0.437500 0.031250 0.131944
1 0.776367 0.373264 0.037109 0.114583
1 0.770508 0.262153 0.041016 0.086806
1 0.730469 0.284722 0.035156 0.076389
1 0.752930 0.206597 0.044922 0.065972
1 0.670898 0.295139 0.044922 0.083333
1 0.599609 0.206597 0.039062 0.059028
1 0.467773 0.189236 0.041016 0.059028
1 0.289062 0.145833 0.023438 0.048611
1 0.250977 0.154514 0.025391 0.065972
1 0.211914 0.126736 0.021484 0.045139
1 0.235352 0.123264 0.021484 0.045139
0 0.487305 0.458333 0.111328 0.180556
0 0.388672 0.328125 0.089844 0.114583
0 0.243164 0.232639 0.083984 0.076389
0 0.081055 0.152778 0.037109 0.069444
