0 0.454102 0.352431 0.123047 0.149306
0 0.250000 0.222222 0.109375 0.104167
0 0.913086 0.892361 0.173828 0.215278
1 0.658203 0.845486 0.050781 0.225694
1 0.294922 0.668403 0.046875 0.204861
1 0.326172 0.529514 0.039062 0.142361
1 0.363281 0.420139 0.058594 0.090278
1 0.322266 0.350694 0.042969 0.097222
1 0.725586 0.402778 0.037109 0.118056
1 0.735352 0.564236 0.037109 0.149306
1 0.841797 0.647569 0.046875 0.156250
1 0.811523 0.534722 0.041016 0.131944
1 0.802734 0.463542 0.039062 0.114583
1 0.828125 0.364583 0.031250 0.090278
1 0.250000 0.498264 0.027344 0.142361
1 0.274414 0.416667 0.029297 0.125000
1 0.208008 0.451389 0.025391 0.131944
1 0.240234 0.350694 0.031250 0.097222
1 0.205078 0.310764 0.031250 0.079861
1 0.077148 0.211806 0.021484 0.083333
1 0.348633 0.315972 0.025391 0.125000
1 0.158203 0.282986 0.023438 0.093750
1 0.175781 0.256944 0.027344 0.083333
1 0.210938 0.116319 0.019531 0.052083
2 0.537109 0.277778 0.039062 0.083333
1 0.947266 0.286458 0.023438 0.072917
