0 0.803711 0.649306 0.123047 0.270833
0 0.501953 0.220486 0.109375 0.065972
2 0.365234 0.352431 0.054688 0.093750
1 0.217773 0.324653 0.025391 0.086806
1 0.232422 0.432292 0.027344 0.114583
1 0.298828 0.456597 0.031250 0.121528
1 0.284180 0.378472 0.033203 0.111111
1 0.362305 0.848958 0.056641 0.246528
1 0.466797 0.845486 0.074219 0.267361
1 0.388672 0.663194 0.050781 0.194444
1 0.498047 0.569444 0.050781 0.187500
1 0.527344 0.388889 0.046875 0.125000
1 0.358398 0.296875 0.044922 0.079861
1 0.619141 0.454861 0.031250 0.131944
1 0.636719 0.642361 0.039062 0.180556
1 0.666992 0.513889 0.044922 0.159722
1 0.759766 0.465278 0.042969 0.131944
1 0.834961 0.505208 0.033203 0.128472
1 0.744141 0.361111 0.039062 0.111111
1 0.812500 0.296875 0.042969 0.093750
1 0.764648 0.263889 0.041016 0.076389
1 0.750977 0.197917 0.041016 0.062500
1 0.700195 0.208333 0.041016 0.083333
0 0.653320 0.899306 0.185547 0.201389
