0 0.311523 0.288194 0.099609 0.145833
0 0.442383 0.439236 0.146484 0.218750
0 0.665039 0.326389 0.146484 0.125000
0 0.882812 0.296875 0.136719 0.107639
1 0.314453 0.875000 0.070312 0.236111
1 0.286133 0.519097 0.044922 0.156250
1 0.337891 0.692708 0.042969 0.184028
1 0.414062 0.659722 0.058594 0.187500
1 0.783203 0.637153 0.042969 0.190972
1 0.272461 0.157986 0.037109 0.059028
1 0.613281 0.213542 0.058594 0.052083
1 0.621094 0.267361 0.070312 0.055556
1 0.911133 0.394097 0.068359 0.086806
1 0.990234 0.317708 0.019531 0.093750
1 0.819336 0.206597 0.052734 0.059028
