1 0.667969 0.342014 0.035156 0.114583
1 0.553711 0.368056 0.044922 0.125000
1 0.504883 0.350694 0.048828 0.111111
1 0.499023 0.657986 0.041016 0.184028
1 0.403320 0.815972 0.056641 0.229167
1 0.344727 0.619792 0.041016 0.190972
1 0.278320 0.628472 0.044922 0.180556
1 0.222656 0.687500 0.050781 0.194444
1 0.250977 0.458333 0.033203 0.125000
1 0.355469 0.428819 0.035156 0.121528
1 0.420898 0.536458 0.041016 0.156250
1 0.475586 0.500000 0.044922 0.138889
1 0.413086 0.385417 0.041016 0.131944
1 0.362305 0.355903 0.037109 0.121528
1 0.316406 0.357639 0.031250 0.118056
1 0.365234 0.177083 0.039062 0.069444
1 0.172852 0.170139 0.033203 0.083333
1 0.207031 0.201389 0.031250 0.076389
1 0.229492 0.258681 0.029297 0.079861
1 0.173828 0.267361 0.023438 0.090278
1 0.196289 0.293403 0.025391 0.093750
1 0.222656 0.342014 0.027344 0.107639
1 0.247070 0.378472 0.025391 0.090278
1 0.261719 0.342014 0.035156 0.114583
1 0.270508 0.302083 0.025391 0.111111
1 0.302734 0.291667 0.027344 0.104167
0 0.733398 0.477431 0.111328 0.170139
