3 0.644531 0.767361 0.289062 0.465278
0 0.772461 0.581597 0.099609 0.260417
0 0.439453 0.491319 0.136719 0.225694
0 0.337891 0.354167 0.101562 0.138889
0 0.491211 0.314236 0.130859 0.128472
0 0.824219 0.414931 0.117188 0.142361
0 0.907227 0.305556 0.103516 0.104167
1 0.279297 0.892361 0.058594 0.215278
1 0.302734 0.609375 0.042969 0.170139
1 0.311523 0.498264 0.041016 0.163194
1 0.694336 0.482639 0.048828 0.138889
1 0.869141 0.484375 0.046875 0.135417
1 0.733398 0.350694 0.041016 0.111111
1 0.681641 0.345486 0.039062 0.128472
1 0.623047 0.366319 0.039062 0.142361
1 0.206055 0.314236 0.037109 0.093750
1 0.172852 0.291667 0.029297 0.104167
1 0.196289 0.256944 0.025391 0.090278
1 0.084961 0.196181 0.025391 0.079861
1 0.811523 0.258681 0.041016 0.086806
1 0.738281 0.206597 0.050781 0.065972
