1 0.926758 0.902778 0.080078 0.194444
1 0.810547 0.682292 0.042969 0.190972
1 0.665039 0.776042 0.052734 0.232639
1 0.628906 0.614583 0.039062 0.166667
1 0.524414 0.579861 0.037109 0.152778
1 0.580078 0.475694 0.035156 0.138889
1 0.424805 0.532986 0.033203 0.184028
1 0.355469 0.512153 0.027344 0.156250
1 0.379883 0.425347 0.029297 0.149306
1 0.314453 0.432292 0.027344 0.135417
1 0.276367 0.406250 0.037109 0.125000
1 0.237305 0.312500 0.029297 0.097222
1 0.050781 0.565972 0.074219 0.125000
1 0.027344 0.649306 0.050781 0.131944
1 0.758789 0.559028 0.033203 0.152778
1 0.833008 0.524306 0.048828 0.131944
1 0.890625 0.388889 0.054688 0.111111
1 0.758789 0.310764 0.041016 0.093750
1 0.638672 0.208333 0.039062 0.055556
1 0.556641 0.210069 0.050781 0.059028
1 0.306641 0.144097 0.031250 0.059028
0 0.334961 0.281250 0.099609 0.111111
4 0.203125 0.204861 0.097656 0.118056
