1 0.593750 0.706597 0.058594 0.184028
1 0.668945 0.475694 0.037109 0.125000
1 0.705078 0.338542 0.039062 0.107639
1 0.708008 0.208333 0.052734 0.069444
1 0.301758 0.166667 0.041016 0.062500
1 0.246094 0.130208 0.027344 0.052083
1 0.338867 0.418403 0.037109 0.121528
1 0.285156 0.432292 0.039062 0.128472
1 0.203125 0.486111 0.035156 0.173611
1 0.105469 0.460069 0.062500 0.128472
1 0.197266 0.310764 0.035156 0.100694
1 0.263672 0.345486 0.039062 0.107639
1 0.290039 0.282986 0.041016 0.107639
1 0.205078 0.248264 0.035156 0.107639
1 0.940430 0.368056 0.021484 0.083333
3 0.831055 0.402778 0.150391 0.298611
0 0.424805 0.446181 0.107422 0.204861
