0 0.735352 0.498264 0.130859 0.211806
0 0.461914 0.486111 0.099609 0.173611
0 0.639648 0.817708 0.201172 0.364583
0 0.349609 0.352431 0.082031 0.135417
0 0.598633 0.373264 0.142578 0.128472
0 0.195312 0.210069 0.074219 0.079861
3 0.841797 0.357639 0.085938 0.111111
1 0.431641 0.835069 0.062500 0.225694
1 0.211914 0.880208 0.064453 0.225694
1 0.250000 0.446181 0.035156 0.128472
1 0.221680 0.321181 0.037109 0.093750
1 0.641602 0.468750 0.052734 0.118056
1 0.698242 0.423611 0.041016 0.111111
1 0.710938 0.369792 0.031250 0.093750
1 0.689453 0.338542 0.027344 0.107639
1 0.642578 0.270833 0.046875 0.069444
1 0.600586 0.284722 0.037109 0.083333
1 0.584961 0.203125 0.041016 0.065972
1 0.753906 0.208333 0.050781 0.069444
1 0.801758 0.250000 0.048828 0.062500
1 0.921875 0.317708 0.039062 0.072917
1 0.947266 0.340278 0.031250 0.076389
1 0.840820 0.274306 0.041016 0.062500
1 0.166992 0.229167 0.029297 0.083333
1 0.082031 0.203125 0.023438 0.086806
