1 0.842773 0.717014 0.060547 0.190972
1 0.827148 0.467014 0.037109 0.142361
1 0.863281 0.383681 0.039062 0.121528
1 0.920898 0.340278 0.037109 0.097222
1 0.808594 0.291667 0.039062 0.097222
1 0.661133 0.201389 0.044922 0.069444
1 0.603516 0.213542 0.046875 0.072917
1 0.491211 0.190972 0.041016 0.069444
1 0.585938 0.315972 0.046875 0.104167
1 0.453125 0.595486 0.035156 0.184028
1 0.431641 0.717014 0.046875 0.204861
1 0.398438 0.840278 0.050781 0.243056
1 0.272461 0.546875 0.037109 0.163194
1 0.372070 0.524306 0.037109 0.152778
1 0.372070 0.413194 0.033203 0.131944
1 0.392578 0.375000 0.035156 0.111111
1 0.388672 0.296875 0.042969 0.100694
1 0.254883 0.421875 0.029297 0.128472
1 0.265625 0.352431 0.027344 0.121528
1 0.310547 0.348958 0.031250 0.114583
1 0.297852 0.296875 0.025391 0.086806
1 0.329102 0.286458 0.033203 0.100694
1 0.265625 0.230903 0.035156 0.086806
1 0.225586 0.324653 0.029297 0.107639
1 0.203125 0.286458 0.027344 0.086806
1 0.227539 0.251736 0.037109 0.100694
1 0.242188 0.135417 0.027344 0.062500
1 0.173828 0.105903 0.023438 0.052083
1 0.175781 0.180556 0.027344 0.076389
1 0.163086 0.277778 0.029297 0.118056
