3 0.145508 0.213542 0.142578 0.218750
0 0.041992 0.152778 0.080078 0.125000
1 0.946289 0.647569 0.080078 0.197917
1 0.898438 0.335069 0.042969 0.128472
1 0.566406 0.329861 0.074219 0.125000
1 0.572266 0.552083 0.050781 0.180556
1 0.366211 0.449653 0.044922 0.170139
1 0.311523 0.326389 0.044922 0.152778
1 0.270508 0.388889 0.044922 0.166667
1 0.320312 0.651042 0.066406 0.204861
1 0.177734 0.493056 0.054688 0.166667
1 0.083984 0.628472 0.054688 0.194444
1 0.030273 0.461806 0.056641 0.187500
1 0.113281 0.510417 0.062500 0.173611
1 0.074219 0.439236 0.039062 0.177083
1 0.044922 0.371528 0.035156 0.145833
1 0.117188 0.378472 0.046875 0.145833
1 0.126953 0.328125 0.042969 0.121528
1 0.077148 0.293403 0.037109 0.128472
1 0.014648 0.265625 0.025391 0.121528
1 0.053711 0.248264 0.029297 0.114583
2 0.193359 0.753472 0.078125 0.243056
