1 0.569336 0.928819 0.060547 0.142361
1 0.224609 0.925347 0.058594 0.149306
1 0.147461 0.807292 0.052734 0.232639
1 0.319336 0.779514 0.044922 0.232639
1 0.258789 0.699653 0.044922 0.218750
1 0.368164 0.638889 0.041016 0.159722
1 0.593750 0.763889 0.054688 0.166667
1 0.600586 0.602431 0.044922 0.156250
1 0.645508 0.489583 0.044922 0.145833
1 0.603516 0.395833 0.035156 0.131944
1 0.717773 0.380208 0.041016 0.114583
1 0.678711 0.345486 0.033203 0.100694
1 0.778320 0.331597 0.037109 0.100694
1 0.824219 0.291667 0.039062 0.090278
1 0.343750 0.493056 0.027344 0.138889
1 0.260742 0.454861 0.029297 0.145833
1 0.200195 0.343750 0.029297 0.090278
1 0.260742 0.333333 0.029297 0.083333
1 0.317383 0.296875 0.033203 0.093750
1 0.186523 0.119792 0.021484 0.059028
1 0.371094 0.277778 0.023438 0.076389
1 0.402344 0.282986 0.027344 0.065972
1 0.225586 0.309028 0.017578 0.097222
1 0.202148 0.267361 0.025391 0.076389
1 0.198242 0.206597 0.021484 0.059028
0 0.672852 0.213542 0.107422 0.093750
0 0.420898 0.371528 0.146484 0.152778
4 0.807617 0.529514 0.123047 0.309028
0 0.959961 0.277778 0.080078 0.111111
1 0.854492 0.310764 0.033203 0.072917
3 0.889648 0.348958 0.076172 0.100694
1 0.472656 0.194444 0.039062 0.055556
