1 0.213867 0.914931 0.060547 0.170139
1 0.338867 0.737847 0.044922 0.218750
1 0.397461 0.708333 0.056641 0.236111
1 0.923828 0.852431 0.066406 0.218750
1 0.842773 0.522569 0.041016 0.135417
1 0.813477 0.331597 0.037109 0.107639
1 0.750000 0.199653 0.039062 0.059028
1 0.619141 0.206597 0.042969 0.059028
1 0.333984 0.435764 0.023438 0.135417
1 0.352539 0.378472 0.029297 0.118056
1 0.376953 0.329861 0.023438 0.090278
1 0.391602 0.178819 0.037109 0.065972
1 0.339844 0.149306 0.027344 0.055556
1 0.308594 0.170139 0.027344 0.055556
1 0.182617 0.307292 0.029297 0.086806
1 0.208984 0.288194 0.027344 0.069444
1 0.237305 0.263889 0.025391 0.055556
1 0.172852 0.227431 0.017578 0.079861
1 0.090820 0.230903 0.025391 0.072917
1 0.202148 0.213542 0.021484 0.065972
1 0.313477 0.312500 0.029297 0.083333
1 0.282227 0.274306 0.041016 0.062500
4 0.451172 0.484375 0.125000 0.232639
0 0.263672 0.348958 0.085938 0.114583
0 0.357422 0.286458 0.105469 0.079861
0 0.195312 0.151042 0.066406 0.059028
0 0.261719 0.217014 0.085938 0.072917
0 0.082031 0.156250 0.039062 0.069444
2 0.543945 0.687500 0.037109 0.187500
2 0.312500 0.508681 0.031250 0.156250
