0 0.943359 0.295139 0.113281 0.159722
0 0.137695 0.269097 0.130859 0.170139
1 0.812500 0.279514 0.050781 0.114583
1 0.970703 0.543403 0.054688 0.142361
1 0.957031 0.673611 0.070312 0.180556
1 0.754883 0.888889 0.099609 0.222222
1 0.667969 0.640625 0.062500 0.218750
1 0.590820 0.736111 0.056641 0.229167
1 0.407227 0.671875 0.091797 0.204861
1 0.322266 0.593750 0.082031 0.194444
1 0.311523 0.406250 0.037109 0.159722
1 0.235352 0.274306 0.041016 0.131944
1 0.178711 0.199653 0.037109 0.107639
1 0.247070 0.204861 0.037109 0.111111
1 0.019531 0.248264 0.035156 0.107639
1 0.040039 0.331597 0.041016 0.142361
1 0.204102 0.750000 0.115234 0.187500
1 0.434570 0.934028 0.115234 0.131944
