1 0.243164 0.612847 0.060547 0.190972
1 0.208008 0.871528 0.150391 0.256944
1 0.394531 0.876736 0.125000 0.239583
1 0.456055 0.647569 0.099609 0.204861
1 0.594727 0.588542 0.091797 0.190972
1 0.719727 0.522569 0.064453 0.177083
1 0.857422 0.715278 0.066406 0.208333
1 0.872070 0.548611 0.056641 0.152778
1 0.930664 0.440972 0.056641 0.145833
1 0.981445 0.527778 0.037109 0.145833
1 0.823242 0.321181 0.052734 0.114583
1 0.630859 0.453125 0.058594 0.114583
1 0.591797 0.442708 0.054688 0.135417
1 0.288086 0.479167 0.044922 0.166667
1 0.291016 0.329861 0.042969 0.131944
1 0.083984 0.302083 0.046875 0.131944
1 0.042969 0.355903 0.046875 0.135417
1 0.017578 0.133681 0.031250 0.107639
1 0.036133 0.076389 0.029297 0.076389
1 0.308594 0.121528 0.046875 0.076389
1 0.961914 0.236111 0.048828 0.069444
