1 0.398438 0.678819 0.054688 0.197917
1 0.285156 0.758681 0.046875 0.246528
1 0.291016 0.531250 0.035156 0.152778
1 0.325195 0.449653 0.033203 0.128472
1 0.375977 0.427083 0.033203 0.118056
1 0.546875 0.371528 0.050781 0.104167
1 0.508789 0.319444 0.052734 0.090278
1 0.753906 0.460069 0.031250 0.135417
1 0.844727 0.453125 0.037109 0.121528
1 0.884766 0.375000 0.031250 0.097222
1 0.680664 0.203125 0.041016 0.059028
1 0.334961 0.175347 0.033203 0.065972
1 0.180664 0.112847 0.021484 0.052083
1 0.206055 0.340278 0.029297 0.111111
1 0.257812 0.394097 0.027344 0.093750
1 0.303711 0.331597 0.025391 0.107639
1 0.333008 0.310764 0.029297 0.100694
1 0.369141 0.328125 0.031250 0.093750
1 0.261719 0.241319 0.027344 0.086806
1 0.250977 0.296875 0.033203 0.086806
1 0.944336 0.335069 0.017578 0.086806
