1 0.301758 0.619792 0.056641 0.190972
1 0.487305 0.342014 0.076172 0.107639
1 0.283203 0.432292 0.050781 0.121528
1 0.262695 0.336806 0.029297 0.111111
1 0.284180 0.303819 0.029297 0.100694
1 0.203125 0.237847 0.027344 0.079861
1 0.182617 0.197917 0.021484 0.069444
1 0.154297 0.223958 0.023438 0.079861
1 0.393555 0.177083 0.052734 0.055556
1 0.673828 0.274306 0.058594 0.083333
1 0.559570 0.201389 0.048828 0.076389
1 0.635742 0.201389 0.048828 0.055556
1 0.641602 0.548611 0.041016 0.159722
1 0.699219 0.758681 0.054688 0.211806
1 0.811523 0.765625 0.068359 0.218750
1 0.806641 0.597222 0.042969 0.131944
1 0.766602 0.487847 0.037109 0.149306
1 0.838867 0.503472 0.041016 0.145833
1 0.764648 0.211806 0.052734 0.062500
0 0.842773 0.223958 0.076172 0.072917
1 0.891602 0.286458 0.056641 0.072917
3 0.297852 0.156250 0.080078 0.090278
