1 0.261719 0.482639 0.078125 0.145833
1 0.204102 0.390625 0.029297 0.114583
1 0.500977 0.812500 0.076172 0.229167
1 0.631836 0.807292 0.056641 0.239583
1 0.717773 0.737847 0.048828 0.211806
1 0.817383 0.656250 0.052734 0.194444
1 0.810547 0.911458 0.078125 0.177083
1 0.525391 0.225694 0.054688 0.069444
1 0.642578 0.210069 0.062500 0.079861
1 0.729492 0.210069 0.064453 0.065972
1 0.183594 0.125000 0.035156 0.055556
1 0.791992 0.269097 0.052734 0.086806
1 0.848633 0.284722 0.060547 0.076389
1 0.939453 0.342014 0.035156 0.079861
1 0.486328 0.197917 0.039062 0.055556
