1 0.973633 0.539931 0.044922 0.163194
1 0.901367 0.236111 0.037109 0.104167
1 0.655273 0.427083 0.060547 0.138889
1 0.610352 0.565972 0.064453 0.187500
1 0.561523 0.501736 0.080078 0.170139
1 0.453125 0.633681 0.085938 0.211806
1 0.322266 0.923611 0.121094 0.152778
1 0.961914 0.892361 0.076172 0.215278
1 0.321289 0.494792 0.044922 0.170139
1 0.360352 0.352431 0.044922 0.135417
1 0.260742 0.310764 0.041016 0.142361
1 0.125977 0.296875 0.041016 0.135417
1 0.152344 0.479167 0.050781 0.180556
1 0.090820 0.536458 0.060547 0.197917
1 0.065430 0.380208 0.041016 0.156250
1 0.044922 0.182292 0.035156 0.114583
1 0.108398 0.114583 0.033203 0.083333
1 0.047852 0.074653 0.029297 0.072917
3 0.174805 0.114583 0.041016 0.090278
