1 0.480469 0.717014 0.054688 0.197917
1 0.538086 0.619792 0.048828 0.170139
1 0.542969 0.472222 0.058594 0.152778
1 0.953125 0.423611 0.050781 0.118056
1 0.973633 0.310764 0.048828 0.114583
1 0.349609 0.538194 0.046875 0.180556
1 0.378906 0.401042 0.039062 0.142361
1 0.434570 0.286458 0.056641 0.121528
1 0.345703 0.276042 0.039062 0.107639
1 0.089844 0.427083 0.054688 0.152778
1 0.101562 0.319444 0.042969 0.138889
1 0.150391 0.305556 0.039062 0.138889
1 0.170898 0.248264 0.033203 0.107639
1 0.122070 0.111111 0.021484 0.076389
2 0.164062 0.112847 0.035156 0.086806
4 0.092773 0.177083 0.107422 0.145833
0 0.020508 0.098958 0.037109 0.107639
