1 0.712891 0.866319 0.066406 0.246528
1 0.439453 0.866319 0.058594 0.260417
1 0.241211 0.871528 0.056641 0.256944
1 0.790039 0.623264 0.052734 0.177083
1 0.606445 0.390625 0.037109 0.128472
1 0.656250 0.291667 0.050781 0.097222
1 0.746094 0.270833 0.039062 0.090278
1 0.233398 0.416667 0.037109 0.131944
1 0.286133 0.364583 0.037109 0.125000
1 0.327148 0.340278 0.033203 0.125000
1 0.384766 0.173611 0.035156 0.069444
1 0.322266 0.182292 0.039062 0.065972
1 0.253906 0.144097 0.023438 0.065972
1 0.189453 0.276042 0.031250 0.093750
1 0.204102 0.256944 0.021484 0.076389
1 0.156250 0.246528 0.027344 0.090278
1 0.175781 0.217014 0.019531 0.059028
1 0.189453 0.194444 0.023438 0.076389
1 0.083984 0.180556 0.027344 0.083333
0 0.805664 0.225694 0.126953 0.090278
