0 0.806641 0.487847 0.101562 0.177083
0 0.377930 0.357639 0.099609 0.159722
0 0.206055 0.192708 0.091797 0.086806
1 0.746094 0.210069 0.046875 0.065972
1 0.840820 0.369792 0.037109 0.079861
1 0.906250 0.324653 0.035156 0.093750
1 0.903320 0.395833 0.048828 0.111111
1 0.683594 0.571181 0.039062 0.142361
1 0.281250 0.920139 0.054688 0.159722
1 0.236328 0.670139 0.042969 0.201389
1 0.305664 0.472222 0.037109 0.138889
1 0.251953 0.404514 0.031250 0.121528
1 0.267578 0.336806 0.027344 0.104167
1 0.300781 0.324653 0.035156 0.121528
1 0.206055 0.338542 0.029297 0.107639
1 0.228516 0.307292 0.035156 0.086806
1 0.253906 0.277778 0.027344 0.076389
1 0.433594 0.197917 0.039062 0.069444
1 0.206055 0.255208 0.025391 0.072917
1 0.223633 0.243056 0.021484 0.076389
1 0.090820 0.213542 0.025391 0.079861
