4 0.490234 0.574653 0.121094 0.281250
0 0.909180 0.276042 0.111328 0.086806
1 0.844727 0.434028 0.048828 0.118056
1 0.770508 0.836806 0.056641 0.263889
1 0.442383 0.795139 0.052734 0.222222
1 0.366211 0.789931 0.056641 0.232639
1 0.242188 0.725694 0.046875 0.222222
1 0.188477 0.487847 0.033203 0.149306
1 0.283203 0.557292 0.042969 0.163194
1 0.327148 0.581597 0.037109 0.177083
1 0.275391 0.416667 0.039062 0.131944
1 0.318359 0.383681 0.042969 0.121528
1 0.314453 0.281250 0.039062 0.097222
1 0.298828 0.166667 0.027344 0.062500
1 0.186523 0.309028 0.033203 0.097222
1 0.170898 0.244792 0.033203 0.072917
1 0.195312 0.185764 0.027344 0.079861
1 0.242188 0.135417 0.031250 0.055556
1 0.163086 0.116319 0.021484 0.059028
1 0.083008 0.225694 0.029297 0.076389
1 0.650391 0.307292 0.046875 0.086806
1 0.761719 0.319444 0.039062 0.097222
