0 0.558594 0.746528 0.156250 0.319444
0 0.413086 0.399306 0.111328 0.180556
4 0.522461 0.203125 0.107422 0.086806
4 0.864258 0.307292 0.185547 0.197917
2 0.611328 0.251736 0.035156 0.072917
1 0.744141 0.265625 0.046875 0.093750
1 0.279297 0.550347 0.042969 0.163194
1 0.333984 0.461806 0.039062 0.138889
1 0.335938 0.388889 0.027344 0.111111
1 0.301758 0.336806 0.029297 0.125000
1 0.268555 0.423611 0.037109 0.145833
1 0.224609 0.298611 0.031250 0.104167
1 0.168945 0.255208 0.033203 0.086806
1 0.315430 0.178819 0.037109 0.065972
1 0.280273 0.161458 0.041016 0.072917
