4 0.442383 0.545139 0.130859 0.305556
0 0.723633 0.354167 0.142578 0.159722
4 0.885742 0.855903 0.224609 0.288194
0 0.917969 0.345486 0.105469 0.107639
0 0.383789 0.190972 0.103516 0.076389
2 0.084961 0.480903 0.060547 0.149306
1 0.284180 0.729167 0.041016 0.201389
1 0.160156 0.904514 0.054688 0.190972
1 0.291992 0.524306 0.041016 0.180556
1 0.271484 0.385417 0.035156 0.138889
1 0.480469 0.350694 0.054688 0.104167
1 0.607422 0.461806 0.046875 0.145833
1 0.707031 0.663194 0.050781 0.173611
1 0.845703 0.477431 0.035156 0.128472
1 0.807617 0.296875 0.029297 0.086806
1 0.663086 0.277778 0.041016 0.090278
1 0.471680 0.199653 0.041016 0.059028
1 0.191406 0.138889 0.023438 0.041667
1 0.186523 0.104167 0.037109 0.048611
1 0.851562 0.267361 0.050781 0.076389
