0 0.770508 0.809028 0.181641 0.381944
0 0.749023 0.486111 0.115234 0.194444
0 0.410156 0.375000 0.109375 0.180556
0 0.091797 0.597222 0.179688 0.229167
0 0.202148 0.192708 0.087891 0.100694
0 0.079102 0.144097 0.037109 0.079861
1 0.567383 0.784722 0.060547 0.243056
1 0.566406 0.586806 0.042969 0.159722
1 0.673828 0.460069 0.046875 0.142361
1 0.589844 0.465278 0.039062 0.145833
1 0.348633 0.444444 0.025391 0.125000
1 0.338867 0.368056 0.029297 0.104167
1 0.305664 0.446181 0.037109 0.128472
1 0.250000 0.414931 0.035156 0.128472
1 0.107422 0.446181 0.050781 0.114583
1 0.174805 0.276042 0.025391 0.107639
1 0.205078 0.336806 0.027344 0.104167
1 0.210938 0.274306 0.031250 0.090278
1 0.332031 0.156250 0.035156 0.069444
1 0.518555 0.203125 0.041016 0.072917
1 0.637695 0.194444 0.056641 0.069444
1 0.916992 0.338542 0.041016 0.100694
1 0.270508 0.270833 0.037109 0.083333
1 0.263672 0.317708 0.031250 0.086806
1 0.243164 0.345486 0.025391 0.086806
1 0.290039 0.366319 0.025391 0.100694
