1 0.636719 0.513889 0.042969 0.152778
1 0.553711 0.821181 0.044922 0.225694
1 0.377930 0.923611 0.060547 0.152778
1 0.420898 0.578125 0.044922 0.177083
1 0.353516 0.569444 0.042969 0.166667
1 0.291016 0.625000 0.046875 0.180556
1 0.241211 0.529514 0.033203 0.163194
1 0.192383 0.473958 0.044922 0.142361
1 0.343750 0.434028 0.035156 0.118056
1 0.278320 0.423611 0.037109 0.138889
1 0.291016 0.335069 0.039062 0.128472
1 0.700195 0.302083 0.048828 0.097222
1 0.683594 0.223958 0.046875 0.072917
1 0.357422 0.180556 0.035156 0.069444
1 0.277344 0.149306 0.027344 0.062500
1 0.252930 0.269097 0.033203 0.093750
1 0.197266 0.291667 0.031250 0.097222
1 0.219727 0.237847 0.033203 0.065972
1 0.196289 0.189236 0.033203 0.072917
1 0.091797 0.218750 0.035156 0.069444
1 0.164062 0.267361 0.023438 0.083333
1 0.737305 0.206597 0.037109 0.059028
1 0.161133 0.125000 0.025391 0.055556
3 0.801758 0.460069 0.134766 0.322917
