1 0.685547 0.543403 0.085938 0.170139
1 0.515625 0.619792 0.085938 0.239583
1 0.400391 0.640625 0.078125 0.225694
1 0.298828 0.850694 0.085938 0.291667
1 0.677734 0.732639 0.101562 0.222222
1 0.685547 0.899306 0.128906 0.201389
1 0.399414 0.300347 0.044922 0.135417
1 0.260742 0.345486 0.037109 0.135417
1 0.293945 0.456597 0.072266 0.170139
1 0.229492 0.479167 0.052734 0.180556
1 0.169922 0.506944 0.054688 0.187500
1 0.107422 0.331597 0.042969 0.135417
1 0.064453 0.496528 0.054688 0.180556
1 0.047852 0.333333 0.041016 0.111111
3 0.121094 0.201389 0.117188 0.201389
1 0.031250 0.279514 0.027344 0.100694
