1 0.243164 0.567708 0.080078 0.149306
1 0.625977 0.685764 0.060547 0.190972
1 0.819336 0.355903 0.048828 0.107639
1 0.522461 0.375000 0.064453 0.090278
1 0.504883 0.315972 0.072266 0.069444
1 0.217773 0.326389 0.021484 0.083333
1 0.229492 0.307292 0.021484 0.086806
1 0.252930 0.279514 0.029297 0.079861
1 0.187500 0.286458 0.019531 0.072917
1 0.205078 0.227431 0.019531 0.072917
1 0.268555 0.151042 0.021484 0.059028
1 0.360352 0.182292 0.033203 0.065972
1 0.170898 0.241319 0.025391 0.072917
1 0.080078 0.196181 0.023438 0.065972
1 0.234375 0.140625 0.031250 0.045139
1 0.247070 0.213542 0.033203 0.038194
1 0.247070 0.185764 0.044922 0.045139
1 0.899414 0.375000 0.048828 0.083333
1 0.904297 0.312500 0.046875 0.076389
1 0.983398 0.317708 0.029297 0.093750
1 0.435547 0.182292 0.039062 0.045139
0 0.496094 0.894097 0.171875 0.211806
0 0.478516 0.222222 0.121094 0.083333
0 0.081055 0.140625 0.041016 0.059028
3 0.337891 0.310764 0.132812 0.225694
