1 0.891602 0.859375 0.064453 0.232639
1 0.525391 0.717014 0.058594 0.197917
1 0.639648 0.546875 0.029297 0.156250
1 0.579102 0.576389 0.033203 0.145833
1 0.218750 0.862847 0.050781 0.232639
1 0.351562 0.895833 0.046875 0.208333
1 0.412109 0.796875 0.046875 0.218750
1 0.107422 0.524306 0.046875 0.138889
1 0.229492 0.404514 0.029297 0.121528
1 0.259766 0.456597 0.027344 0.135417
1 0.329102 0.435764 0.025391 0.128472
1 0.352539 0.515625 0.029297 0.142361
1 0.404297 0.571181 0.027344 0.156250
1 0.415039 0.472222 0.025391 0.118056
1 0.465820 0.381944 0.060547 0.118056
1 0.352539 0.375000 0.029297 0.118056
1 0.367188 0.272569 0.035156 0.086806
1 0.311523 0.253472 0.033203 0.069444
1 0.322266 0.331597 0.027344 0.072917
1 0.284180 0.329861 0.033203 0.104167
1 0.270508 0.383681 0.029297 0.107639
1 0.214844 0.296875 0.027344 0.086806
1 0.163086 0.288194 0.025391 0.083333
1 0.166016 0.190972 0.027344 0.062500
1 0.208008 0.190972 0.025391 0.069444
1 0.190430 0.217014 0.021484 0.059028
1 0.198242 0.267361 0.021484 0.062500
1 0.251953 0.151042 0.031250 0.059028
1 0.077148 0.097222 0.025391 0.055556
0 0.834961 0.383681 0.107422 0.149306
0 0.767578 0.300347 0.109375 0.128472
0 0.967773 0.277778 0.064453 0.104167
