1 0.580078 0.531250 0.070312 0.194444
1 0.446289 0.605903 0.091797 0.197917
1 0.375000 0.730903 0.066406 0.218750
1 0.270508 0.687500 0.060547 0.229167
1 0.271484 0.434028 0.046875 0.180556
1 0.278320 0.218750 0.037109 0.118056
1 0.121094 0.178819 0.031250 0.100694
1 0.063477 0.440972 0.044922 0.159722
1 0.023438 0.256944 0.035156 0.118056
1 0.011719 0.303819 0.019531 0.114583
1 0.534180 0.927083 0.080078 0.145833
1 0.752930 0.411458 0.056641 0.128472
1 0.816406 0.378472 0.042969 0.138889
1 0.795898 0.317708 0.044922 0.121528
1 0.902344 0.406250 0.046875 0.138889
1 0.937500 0.475694 0.066406 0.159722
1 0.984375 0.550347 0.031250 0.177083
0 0.055664 0.173611 0.103516 0.152778
