1 0.377930 0.600694 0.064453 0.194444
1 0.249023 0.699653 0.052734 0.197917
1 0.276367 0.574653 0.044922 0.163194
1 0.198242 0.442708 0.033203 0.128472
1 0.252930 0.394097 0.037109 0.107639
1 0.412109 0.378472 0.054688 0.111111
1 0.392578 0.295139 0.042969 0.083333
1 0.802734 0.291667 0.046875 0.076389
1 0.835938 0.475694 0.042969 0.118056
1 0.940430 0.348958 0.037109 0.093750
1 0.290039 0.303819 0.033203 0.086806
1 0.288086 0.248264 0.041016 0.100694
1 0.267578 0.159722 0.035156 0.069444
1 0.178711 0.131944 0.033203 0.055556
1 0.174805 0.250000 0.033203 0.076389
1 0.244141 0.276042 0.031250 0.093750
1 0.224609 0.317708 0.027344 0.079861
1 0.191406 0.329861 0.031250 0.083333
1 0.203125 0.272569 0.023438 0.072917
1 0.737305 0.211806 0.041016 0.069444
1 0.793945 0.201389 0.041016 0.062500
3 0.589844 0.211806 0.093750 0.083333
4 0.774414 0.600694 0.123047 0.326389
