1 0.400391 0.904514 0.058594 0.190972
1 0.312500 0.819444 0.042969 0.229167
1 0.376953 0.616319 0.042969 0.184028
1 0.273438 0.534722 0.031250 0.159722
1 0.303711 0.451389 0.029297 0.118056
1 0.393555 0.390625 0.064453 0.128472
1 0.548828 0.281250 0.050781 0.083333
1 0.698242 0.437500 0.044922 0.118056
1 0.777344 0.328125 0.039062 0.093750
1 0.886719 0.392361 0.046875 0.104167
1 0.840820 0.513889 0.037109 0.131944
1 0.788086 0.506944 0.037109 0.131944
1 0.794922 0.671875 0.046875 0.170139
1 0.202148 0.366319 0.025391 0.107639
1 0.223633 0.321181 0.033203 0.100694
1 0.250000 0.293403 0.027344 0.100694
1 0.282227 0.387153 0.025391 0.093750
1 0.287109 0.328125 0.023438 0.086806
1 0.337891 0.171875 0.035156 0.065972
1 0.265625 0.149306 0.027344 0.069444
1 0.194336 0.121528 0.025391 0.055556
1 0.192383 0.270833 0.033203 0.083333
1 0.078125 0.086806 0.019531 0.041667
0 0.082031 0.135417 0.046875 0.062500
