1 0.745117 0.883681 0.146484 0.232639
0 0.216797 0.753472 0.222656 0.472222
0 0.240234 0.347222 0.140625 0.194444
0 0.129883 0.211806 0.103516 0.125000
0 0.059570 0.303819 0.115234 0.163194
0 0.035156 0.125000 0.066406 0.090278
1 0.965820 0.284722 0.029297 0.097222
1 0.992188 0.239583 0.015625 0.104167
1 0.522461 0.378472 0.056641 0.131944
1 0.440430 0.359375 0.048828 0.128472
1 0.333008 0.258681 0.041016 0.100694
1 0.200195 0.173611 0.033203 0.076389
1 0.134766 0.114583 0.031250 0.076389
1 0.152344 0.493056 0.066406 0.166667
1 0.084961 0.576389 0.044922 0.180556
1 0.455078 0.605903 0.093750 0.218750
1 0.016602 0.418403 0.029297 0.142361
1 0.049805 0.510417 0.041016 0.145833
1 0.085938 0.100694 0.031250 0.083333
1 0.205078 0.121528 0.046875 0.062500
1 0.015625 0.192708 0.027344 0.079861
