0 0.721680 0.480903 0.115234 0.197917
0 0.308594 0.269097 0.089844 0.121528
1 0.758789 0.828125 0.064453 0.225694
1 0.873047 0.463542 0.046875 0.135417
1 0.915039 0.352431 0.037109 0.100694
1 0.826172 0.293403 0.039062 0.079861
1 0.758789 0.215278 0.044922 0.062500
1 0.703125 0.312500 0.046875 0.076389
1 0.673828 0.253472 0.039062 0.083333
1 0.719727 0.255208 0.041016 0.072917
1 0.659180 0.210069 0.041016 0.072917
1 0.548828 0.197917 0.042969 0.069444
1 0.507812 0.215278 0.046875 0.076389
1 0.407227 0.201389 0.025391 0.083333
1 0.512695 0.572917 0.044922 0.173611
1 0.495117 0.765625 0.052734 0.211806
1 0.438477 0.611111 0.044922 0.194444
1 0.375977 0.682292 0.041016 0.197917
1 0.330078 0.868056 0.050781 0.250000
1 0.267578 0.640625 0.042969 0.184028
1 0.325195 0.489583 0.033203 0.145833
1 0.296875 0.435764 0.031250 0.142361
1 0.250000 0.413194 0.031250 0.131944
1 0.199219 0.357639 0.027344 0.111111
1 0.274414 0.350694 0.021484 0.104167
1 0.247070 0.310764 0.033203 0.093750
1 0.082031 0.232639 0.023438 0.076389
1 0.320312 0.171875 0.031250 0.065972
1 0.215820 0.137153 0.029297 0.052083
1 0.205078 0.112847 0.027344 0.045139
1 0.205078 0.262153 0.031250 0.086806
1 0.176758 0.265625 0.033203 0.107639
1 0.212891 0.218750 0.023438 0.090278
1 0.248047 0.248264 0.027344 0.086806
