1 0.962891 0.315972 0.039062 0.097222
1 0.949219 0.267361 0.027344 0.104167
1 0.881836 0.730903 0.107422 0.190972
1 0.746094 0.833333 0.109375 0.277778
1 0.572266 0.500000 0.062500 0.166667
1 0.630859 0.458333 0.058594 0.131944
1 0.862305 0.565972 0.107422 0.166667
1 0.403320 0.857639 0.103516 0.256944
1 0.338867 0.381944 0.052734 0.173611
1 0.271484 0.203125 0.035156 0.121528
1 0.100586 0.125000 0.037109 0.090278
1 0.084961 0.550347 0.056641 0.163194
1 0.208984 0.572917 0.054688 0.187500
1 0.286133 0.699653 0.083984 0.246528
1 0.096680 0.427083 0.052734 0.145833
0 0.240234 0.427083 0.148438 0.236111
0 0.154297 0.256944 0.140625 0.131944
0 0.039062 0.130208 0.074219 0.121528
