1 0.583984 0.286458 0.046875 0.079861
1 0.716797 0.342014 0.039062 0.093750
1 0.701172 0.423611 0.031250 0.111111
1 0.731445 0.512153 0.037109 0.142361
1 0.811523 0.442708 0.037109 0.121528
1 0.877930 0.399306 0.041016 0.118056
1 0.981445 0.335069 0.037109 0.065972
1 0.323242 0.453125 0.033203 0.128472
1 0.274414 0.449653 0.033203 0.135417
1 0.233398 0.435764 0.033203 0.135417
1 0.170898 0.432292 0.033203 0.135417
1 0.303711 0.312500 0.037109 0.083333
1 0.308594 0.394097 0.019531 0.093750
1 0.253906 0.331597 0.027344 0.100694
1 0.380859 0.178819 0.035156 0.065972
1 0.319336 0.178819 0.037109 0.065972
1 0.556641 0.208333 0.046875 0.055556
1 0.625000 0.215278 0.042969 0.062500
1 0.690430 0.220486 0.052734 0.059028
1 0.185547 0.121528 0.023438 0.041667
1 0.248047 0.236111 0.023438 0.090278
1 0.225586 0.255208 0.029297 0.093750
1 0.200195 0.267361 0.029297 0.090278
1 0.185547 0.211806 0.035156 0.069444
1 0.571289 0.427083 0.041016 0.111111
0 0.792969 0.633681 0.105469 0.267361
0 0.595703 0.548611 0.109375 0.215278
0 0.404297 0.380208 0.109375 0.177083
0 0.081055 0.590278 0.158203 0.222222
0 0.815430 0.260417 0.099609 0.097222
0 0.941406 0.288194 0.117188 0.090278
2 0.190430 0.315972 0.029297 0.097222
