0 0.216797 0.616319 0.261719 0.218750
0 0.368164 0.411458 0.107422 0.163194
4 0.776367 0.328125 0.146484 0.142361
1 0.794922 0.619792 0.042969 0.177083
1 0.857422 0.463542 0.046875 0.135417
1 0.605469 0.602431 0.039062 0.163194
1 0.666992 0.468750 0.037109 0.131944
1 0.580078 0.491319 0.035156 0.135417
1 0.550781 0.418403 0.035156 0.142361
1 0.622070 0.338542 0.044922 0.107639
1 0.677734 0.282986 0.046875 0.086806
1 0.194336 0.406250 0.033203 0.118056
1 0.198242 0.260417 0.037109 0.097222
1 0.083984 0.184028 0.027344 0.076389
1 0.299805 0.173611 0.033203 0.062500
1 0.250000 0.152778 0.031250 0.062500
1 0.211914 0.151042 0.029297 0.059028
