0 0.496094 0.446181 0.125000 0.197917
1 0.834961 0.484375 0.044922 0.135417
2 0.731445 0.239583 0.037109 0.062500
1 0.105469 0.654514 0.039062 0.197917
1 0.177734 0.786458 0.046875 0.218750
1 0.236328 0.730903 0.042969 0.218750
1 0.314453 0.756944 0.054688 0.229167
1 0.382812 0.692708 0.046875 0.204861
1 0.442383 0.713542 0.044922 0.197917
1 0.617188 0.871528 0.054688 0.243056
1 0.692383 0.484375 0.041016 0.142361
1 0.827148 0.331597 0.037109 0.107639
1 0.772461 0.293403 0.037109 0.100694
1 0.742188 0.210069 0.046875 0.059028
1 0.680664 0.201389 0.048828 0.069444
1 0.323242 0.152778 0.037109 0.055556
1 0.442383 0.340278 0.052734 0.097222
1 0.372070 0.480903 0.048828 0.135417
1 0.328125 0.583333 0.042969 0.145833
1 0.209961 0.434028 0.033203 0.131944
1 0.275391 0.421875 0.035156 0.128472
1 0.321289 0.413194 0.029297 0.118056
1 0.308594 0.326389 0.035156 0.111111
1 0.257812 0.251736 0.039062 0.093750
1 0.191406 0.250000 0.039062 0.090278
1 0.187500 0.293403 0.035156 0.100694
1 0.083008 0.185764 0.025391 0.079861
