3 0.808594 0.677083 0.140625 0.548611
0 0.847656 0.373264 0.117188 0.121528
2 0.561523 0.248264 0.052734 0.100694
1 0.811523 0.289931 0.044922 0.079861
1 0.680664 0.500000 0.044922 0.138889
1 0.594727 0.659722 0.048828 0.173611
1 0.565430 0.536458 0.037109 0.149306
1 0.517578 0.805556 0.050781 0.236111
1 0.329102 0.734375 0.052734 0.218750
1 0.254883 0.670139 0.048828 0.201389
1 0.230469 0.491319 0.035156 0.156250
1 0.354492 0.423611 0.037109 0.152778
1 0.411133 0.343750 0.041016 0.118056
1 0.280273 0.437500 0.033203 0.138889
1 0.291992 0.373264 0.029297 0.135417
1 0.242188 0.293403 0.023438 0.100694
1 0.223633 0.236111 0.021484 0.090278
1 0.190430 0.256944 0.029297 0.104167
1 0.162109 0.185764 0.023438 0.079861
1 0.069336 0.562500 0.095703 0.166667
1 0.682617 0.206597 0.044922 0.072917
1 0.518555 0.199653 0.041016 0.065972
