1 0.266602 0.730903 0.048828 0.232639
1 0.308594 0.406250 0.031250 0.131944
1 0.275391 0.404514 0.035156 0.128472
1 0.249023 0.324653 0.033203 0.100694
1 0.215820 0.229167 0.033203 0.083333
1 0.291016 0.171875 0.035156 0.059028
1 0.511719 0.208333 0.046875 0.055556
1 0.583984 0.218750 0.050781 0.062500
1 0.627930 0.338542 0.044922 0.093750
1 0.674805 0.564236 0.041016 0.142361
1 0.774414 0.690972 0.052734 0.180556
1 0.805664 0.526042 0.044922 0.149306
1 0.849609 0.480903 0.042969 0.121528
1 0.863281 0.406250 0.035156 0.090278
1 0.756836 0.310764 0.041016 0.079861
1 0.734375 0.395833 0.039062 0.111111
1 0.804688 0.232639 0.042969 0.062500
1 0.776367 0.210069 0.041016 0.065972
1 0.078125 0.180556 0.023438 0.076389
1 0.086914 0.147569 0.021484 0.059028
0 0.961914 0.309028 0.076172 0.104167
1 0.551758 0.454861 0.111328 0.166667
