0 0.079102 0.177083 0.115234 0.145833
1 0.466797 0.303819 0.066406 0.149306
1 0.871094 0.673611 0.066406 0.222222
1 0.541992 0.840278 0.119141 0.250000
1 0.386719 0.567708 0.070312 0.190972
1 0.291016 0.852431 0.082031 0.288194
1 0.341797 0.725694 0.085938 0.270833
1 0.311523 0.564236 0.072266 0.163194
1 0.058594 0.595486 0.046875 0.142361
1 0.111328 0.468750 0.054688 0.187500
1 0.165039 0.430556 0.048828 0.152778
1 0.149414 0.317708 0.037109 0.121528
1 0.101562 0.317708 0.046875 0.135417
1 0.055664 0.338542 0.041016 0.135417
1 0.054688 0.241319 0.035156 0.093750
