1 0.791992 0.843750 0.052734 0.208333
1 0.897461 0.876736 0.072266 0.225694
1 0.458008 0.758681 0.052734 0.204861
1 0.380859 0.743056 0.062500 0.208333
1 0.273438 0.899306 0.058594 0.201389
1 0.226562 0.701389 0.042969 0.201389
1 0.298828 0.555556 0.039062 0.152778
1 0.824219 0.491319 0.046875 0.128472
1 0.797852 0.409722 0.033203 0.125000
1 0.896484 0.388889 0.035156 0.104167
1 0.665039 0.201389 0.044922 0.069444
1 0.555664 0.197917 0.041016 0.069444
1 0.336914 0.180556 0.029297 0.048611
1 0.366211 0.166667 0.033203 0.055556
1 0.303711 0.437500 0.033203 0.111111
1 0.293945 0.328125 0.041016 0.100694
1 0.224609 0.321181 0.027344 0.093750
1 0.243164 0.256944 0.029297 0.083333
1 0.176758 0.260417 0.029297 0.090278
