1 0.636719 0.701389 0.066406 0.180556
1 0.513672 0.701389 0.054688 0.194444
1 0.504883 0.848958 0.068359 0.225694
1 0.295898 0.807292 0.056641 0.218750
1 0.315430 0.545139 0.044922 0.166667
1 0.349609 0.465278 0.042969 0.125000
1 0.338867 0.380208 0.033203 0.100694
1 0.506836 0.343750 0.060547 0.111111
1 0.832031 0.329861 0.035156 0.104167
1 0.430664 0.201389 0.041016 0.069444
1 0.204102 0.338542 0.037109 0.114583
1 0.247070 0.234375 0.037109 0.086806
0 0.823242 0.447917 0.119141 0.152778
3 0.209961 0.277778 0.060547 0.104167
