1 0.314453 0.836806 0.058594 0.229167
1 0.613281 0.552083 0.031250 0.145833
1 0.691406 0.475694 0.035156 0.145833
1 0.625977 0.432292 0.033203 0.121528
1 0.669922 0.288194 0.046875 0.090278
1 0.607422 0.208333 0.039062 0.055556
1 0.791992 0.199653 0.041016 0.059028
1 0.335938 0.354167 0.031250 0.118056
1 0.299805 0.397569 0.033203 0.114583
1 0.252930 0.494792 0.060547 0.121528
1 0.237305 0.399306 0.025391 0.111111
1 0.261719 0.324653 0.035156 0.079861
1 0.272461 0.251736 0.029297 0.079861
1 0.275391 0.152778 0.031250 0.048611
1 0.235352 0.123264 0.025391 0.059028
1 0.163086 0.114583 0.025391 0.048611
1 0.178711 0.203125 0.029297 0.072917
1 0.181641 0.288194 0.027344 0.090278
0 0.830078 0.765625 0.144531 0.322917
0 0.855469 0.343750 0.097656 0.138889
0 0.835938 0.253472 0.089844 0.090278
