1 0.811523 0.906250 0.072266 0.187500
1 0.819336 0.659722 0.052734 0.180556
1 0.719727 0.727431 0.056641 0.211806
1 0.629883 0.795139 0.056641 0.236111
1 0.500977 0.809028 0.064453 0.236111
1 0.266602 0.484375 0.083984 0.156250
1 0.201172 0.387153 0.031250 0.128472
1 0.185547 0.121528 0.035156 0.062500
1 0.525391 0.215278 0.046875 0.076389
1 0.487305 0.194444 0.041016 0.069444
1 0.640625 0.211806 0.054688 0.069444
1 0.728516 0.204861 0.050781 0.062500
1 0.797852 0.262153 0.048828 0.079861
1 0.844727 0.284722 0.048828 0.076389
1 0.935547 0.335069 0.042969 0.079861
