0 0.385742 0.524306 0.197266 0.256944
0 0.116211 0.210069 0.107422 0.149306
0 0.032227 0.140625 0.060547 0.100694
1 0.788086 0.612847 0.095703 0.170139
1 0.774414 0.803819 0.146484 0.177083
1 0.950195 0.796875 0.099609 0.218750
1 0.546875 0.878472 0.113281 0.243056
1 0.311523 0.684028 0.083984 0.215278
1 0.215820 0.491319 0.052734 0.170139
1 0.235352 0.434028 0.044922 0.166667
1 0.111328 0.491319 0.062500 0.190972
1 0.124023 0.421875 0.044922 0.163194
1 0.080078 0.309028 0.042969 0.138889
1 0.176758 0.177083 0.037109 0.111111
1 0.252930 0.258681 0.037109 0.121528
1 0.261719 0.180556 0.035156 0.104167
1 0.379883 0.321181 0.044922 0.121528
1 0.351562 0.250000 0.039062 0.104167
1 0.934570 0.274306 0.041016 0.111111
1 0.987305 0.293403 0.025391 0.128472
