1 0.166992 0.890625 0.052734 0.211806
1 0.503906 0.829861 0.050781 0.250000
1 0.591797 0.876736 0.066406 0.246528
1 0.733398 0.907986 0.083984 0.184028
1 0.828125 0.673611 0.054688 0.229167
1 0.365234 0.637153 0.046875 0.190972
1 0.304688 0.371528 0.023438 0.131944
1 0.433594 0.477431 0.058594 0.177083
1 0.146484 0.590278 0.089844 0.173611
1 0.179688 0.404514 0.039062 0.114583
1 0.264648 0.333333 0.029297 0.097222
1 0.199219 0.289931 0.031250 0.114583
1 0.233398 0.251736 0.037109 0.093750
1 0.414062 0.196181 0.046875 0.072917
1 0.522461 0.203125 0.044922 0.072917
1 0.622070 0.204861 0.048828 0.062500
1 0.758789 0.210069 0.044922 0.065972
1 0.236328 0.123264 0.023438 0.059028
1 0.167969 0.125000 0.027344 0.055556
1 0.082031 0.175347 0.023438 0.059028
2 0.374023 0.500000 0.044922 0.145833
