1 0.434570 0.717014 0.048828 0.197917
1 0.625000 0.671875 0.050781 0.184028
1 0.770508 0.826389 0.064453 0.215278
1 0.821289 0.555556 0.048828 0.152778
1 0.918945 0.336806 0.052734 0.104167
1 0.793945 0.348958 0.037109 0.107639
1 0.654297 0.281250 0.054688 0.083333
1 0.264648 0.366319 0.033203 0.072917
1 0.237305 0.319444 0.033203 0.083333
1 0.236328 0.272569 0.035156 0.072917
1 0.211914 0.236111 0.033203 0.069444
1 0.173828 0.288194 0.031250 0.090278
1 0.081055 0.211806 0.025391 0.069444
1 0.193359 0.121528 0.035156 0.055556
0 0.340820 0.312500 0.095703 0.138889
3 0.279297 0.182292 0.136719 0.156250
