1 0.587891 0.473958 0.074219 0.156250
1 0.407227 0.399306 0.060547 0.125000
1 0.406250 0.291667 0.050781 0.111111
1 0.268555 0.246528 0.033203 0.111111
1 0.220703 0.178819 0.039062 0.107639
1 0.532227 0.927083 0.103516 0.145833
1 0.958008 0.807292 0.083984 0.163194
1 0.968750 0.270833 0.050781 0.125000
1 0.307617 0.769097 0.076172 0.239583
1 0.201172 0.689236 0.070312 0.218750
1 0.284180 0.576389 0.072266 0.194444
1 0.219727 0.489583 0.052734 0.173611
1 0.122070 0.538194 0.064453 0.180556
2 0.807617 0.289931 0.056641 0.093750
0 0.227539 0.355903 0.138672 0.197917
4 0.097656 0.217014 0.117188 0.177083
3 0.063477 0.397569 0.115234 0.135417
