1 0.565430 0.897569 0.056641 0.204861
1 0.385742 0.840278 0.064453 0.277778
1 0.464844 0.461806 0.042969 0.145833
1 0.620117 0.513889 0.041016 0.145833
1 0.577148 0.418403 0.037109 0.121528
1 0.583008 0.309028 0.044922 0.097222
1 0.327148 0.407986 0.048828 0.114583
1 0.270508 0.324653 0.029297 0.107639
1 0.241211 0.387153 0.029297 0.114583
1 0.212891 0.456597 0.074219 0.121528
1 0.186523 0.546875 0.076172 0.149306
1 0.088867 0.227431 0.029297 0.093750
1 0.452148 0.204861 0.041016 0.076389
1 0.523438 0.199653 0.039062 0.072917
1 0.573242 0.206597 0.041016 0.065972
1 0.738281 0.199653 0.042969 0.065972
1 0.388672 0.192708 0.039062 0.065972
1 0.339844 0.152778 0.031250 0.062500
1 0.300781 0.163194 0.035156 0.062500
1 0.255859 0.161458 0.031250 0.065972
3 0.791016 0.366319 0.171875 0.232639
0 0.214844 0.199653 0.074219 0.086806
