0 0.541992 0.651042 0.173828 0.322917
0 0.760742 0.269097 0.115234 0.100694
1 0.314453 0.866319 0.058594 0.225694
1 0.376953 0.762153 0.046875 0.211806
1 0.362305 0.552083 0.041016 0.166667
1 0.300781 0.546875 0.042969 0.156250
1 0.267578 0.392361 0.050781 0.111111
1 0.447266 0.333333 0.050781 0.097222
1 0.599609 0.317708 0.042969 0.100694
1 0.647461 0.461806 0.041016 0.131944
1 0.792969 0.546875 0.027344 0.149306
1 0.828125 0.598958 0.042969 0.156250
1 0.941406 0.317708 0.042969 0.086806
1 0.203125 0.291667 0.035156 0.076389
1 0.208008 0.236111 0.029297 0.062500
1 0.299805 0.161458 0.033203 0.059028
1 0.225586 0.128472 0.021484 0.048611
1 0.083008 0.177083 0.021484 0.069444
