0 0.777344 0.440972 0.109375 0.166667
0 0.810547 0.734375 0.132812 0.274306
0 0.127930 0.595486 0.236328 0.239583
1 0.103516 0.857639 0.066406 0.229167
1 0.571289 0.743056 0.064453 0.208333
1 0.312500 0.432292 0.035156 0.142361
1 0.249023 0.388889 0.029297 0.138889
1 0.201172 0.342014 0.027344 0.100694
1 0.190430 0.291667 0.029297 0.083333
1 0.178711 0.220486 0.033203 0.072917
1 0.365234 0.180556 0.042969 0.069444
1 0.601562 0.263889 0.046875 0.090278
1 0.665039 0.281250 0.044922 0.097222
1 0.719727 0.288194 0.048828 0.097222
1 0.840820 0.555556 0.044922 0.118056
1 0.896484 0.329861 0.042969 0.104167
