1 0.848633 0.486111 0.052734 0.125000
1 0.807617 0.418403 0.048828 0.135417
1 0.775391 0.222222 0.050781 0.055556
1 0.649414 0.204861 0.048828 0.069444
1 0.478516 0.345486 0.050781 0.107639
1 0.597656 0.473958 0.039062 0.142361
1 0.376953 0.432292 0.066406 0.121528
1 0.334961 0.409722 0.048828 0.118056
1 0.352539 0.562500 0.052734 0.138889
1 0.322266 0.663194 0.042969 0.187500
1 0.284180 0.543403 0.044922 0.156250
1 0.225586 0.625000 0.052734 0.180556
1 0.215820 0.913194 0.068359 0.173611
1 0.951172 0.928819 0.089844 0.142361
1 0.181641 0.270833 0.035156 0.104167
1 0.163086 0.180556 0.025391 0.076389
1 0.185547 0.133681 0.023438 0.052083
1 0.071289 0.135417 0.025391 0.062500
1 0.142578 0.442708 0.054688 0.114583
2 0.690430 0.326389 0.037109 0.097222
2 0.710938 0.208333 0.042969 0.069444
1 0.929688 0.319444 0.042969 0.090278
0 0.666016 0.710069 0.183594 0.315972
4 0.468750 0.732639 0.140625 0.305556
3 0.548828 0.204861 0.093750 0.090278
