1 0.234375 0.710069 0.070312 0.246528
1 0.503906 0.878472 0.121094 0.243056
1 0.695312 0.878472 0.117188 0.243056
1 0.736328 0.722222 0.097656 0.194444
1 0.925781 0.845486 0.144531 0.253472
1 0.745117 0.597222 0.103516 0.166667
1 0.563477 0.522569 0.064453 0.190972
1 0.497070 0.401042 0.060547 0.142361
1 0.258789 0.496528 0.052734 0.173611
1 0.250977 0.387153 0.052734 0.142361
1 0.264648 0.309028 0.060547 0.125000
1 0.401367 0.352431 0.052734 0.128472
1 0.394531 0.277778 0.054688 0.104167
1 0.067383 0.157986 0.033203 0.100694
1 0.086914 0.305556 0.041016 0.145833
1 0.149414 0.288194 0.037109 0.118056
1 0.170898 0.241319 0.037109 0.135417
1 0.011719 0.282986 0.019531 0.142361
