1 0.906250 0.741319 0.125000 0.204861
1 0.922852 0.465278 0.060547 0.152778
1 0.395508 0.302083 0.044922 0.125000
1 0.323242 0.303819 0.044922 0.114583
1 0.333984 0.711806 0.089844 0.208333
1 0.508789 0.927083 0.107422 0.145833
1 0.075195 0.322917 0.048828 0.138889
1 0.027344 0.201389 0.035156 0.111111
1 0.134766 0.154514 0.023438 0.086806
1 0.185547 0.199653 0.027344 0.100694
1 0.215820 0.237847 0.033203 0.100694
1 0.235352 0.194444 0.029297 0.090278
2 0.213867 0.107639 0.025391 0.090278
1 0.176758 0.126736 0.025391 0.072917
1 0.875977 0.237847 0.037109 0.086806
0 0.194336 0.427083 0.130859 0.236111
0 0.117188 0.237847 0.109375 0.142361
