3 0.194336 0.491319 0.244141 0.302083
0 0.762695 0.508681 0.115234 0.204861
0 0.915039 0.340278 0.111328 0.125000
0 0.299805 0.267361 0.099609 0.138889
1 0.628906 0.699653 0.046875 0.190972
1 0.839844 0.682292 0.058594 0.197917
1 0.854492 0.491319 0.041016 0.149306
1 0.594727 0.538194 0.044922 0.145833
1 0.499023 0.458333 0.048828 0.152778
1 0.578125 0.362847 0.050781 0.107639
1 0.808594 0.225694 0.046875 0.076389
1 0.750000 0.199653 0.042969 0.072917
1 0.681641 0.199653 0.046875 0.079861
1 0.611328 0.199653 0.035156 0.072917
1 0.585938 0.204861 0.050781 0.069444
1 0.492188 0.204861 0.042969 0.055556
1 0.474609 0.187500 0.039062 0.062500
1 0.384766 0.170139 0.042969 0.069444
1 0.303711 0.178819 0.033203 0.059028
1 0.203125 0.197917 0.027344 0.076389
1 0.254883 0.159722 0.029297 0.062500
1 0.220703 0.137153 0.023438 0.052083
1 0.202148 0.138889 0.025391 0.055556
1 0.163086 0.123264 0.025391 0.052083
1 0.257812 0.302083 0.031250 0.076389
