0 0.569336 0.664931 0.107422 0.246528
0 0.798828 0.857639 0.191406 0.284722
3 0.797852 0.413194 0.138672 0.298611
0 0.775391 0.270833 0.113281 0.125000
1 0.587891 0.425347 0.042969 0.114583
1 0.588867 0.479167 0.048828 0.111111
1 0.408203 0.640625 0.050781 0.184028
1 0.158203 0.505208 0.074219 0.142361
1 0.283203 0.432292 0.039062 0.135417
1 0.442383 0.286458 0.048828 0.093750
1 0.535156 0.315972 0.046875 0.111111
1 0.509766 0.208333 0.042969 0.062500
1 0.535156 0.199653 0.035156 0.072917
1 0.431641 0.189236 0.046875 0.065972
1 0.224609 0.130208 0.023438 0.045139
1 0.247070 0.295139 0.037109 0.104167
1 0.221680 0.340278 0.033203 0.118056
1 0.201172 0.225694 0.027344 0.097222
