1 0.958008 0.279514 0.041016 0.114583
1 0.920898 0.916667 0.158203 0.166667
1 0.598633 0.685764 0.087891 0.197917
1 0.658203 0.614583 0.078125 0.166667
1 0.458984 0.401042 0.054688 0.156250
1 0.314453 0.534722 0.062500 0.180556
1 0.197266 0.375000 0.050781 0.166667
1 0.142578 0.468750 0.054688 0.187500
1 0.047852 0.494792 0.064453 0.190972
1 0.054688 0.324653 0.046875 0.135417
1 0.295898 0.251736 0.044922 0.114583
1 0.225586 0.229167 0.037109 0.104167
1 0.149414 0.114583 0.037109 0.090278
1 0.124023 0.149306 0.029297 0.090278
1 0.046875 0.204861 0.031250 0.097222
1 0.087891 0.105903 0.027344 0.079861
1 0.045898 0.083333 0.029297 0.076389
1 0.057617 0.170139 0.025391 0.090278
