4 0.408203 0.387153 0.089844 0.170139
0 0.750977 0.277778 0.115234 0.097222
0 0.857422 0.843750 0.210938 0.312500
0 0.199219 0.203125 0.085938 0.079861
0 0.185547 0.125000 0.062500 0.062500
1 0.688477 0.532986 0.037109 0.163194
1 0.838867 0.642361 0.048828 0.131944
1 0.588867 0.734375 0.048828 0.204861
1 0.360352 0.911458 0.068359 0.177083
1 0.484375 0.687500 0.054688 0.187500
1 0.500977 0.548611 0.044922 0.152778
1 0.291016 0.668403 0.042969 0.197917
1 0.188477 0.520833 0.080078 0.159722
1 0.091797 0.465278 0.066406 0.145833
1 0.212891 0.350694 0.031250 0.111111
1 0.297852 0.168403 0.021484 0.079861
1 0.377930 0.171875 0.029297 0.059028
1 0.303711 0.435764 0.029297 0.128472
1 0.269531 0.432292 0.031250 0.142361
1 0.312500 0.354167 0.035156 0.104167
1 0.261719 0.276042 0.035156 0.072917
1 0.264648 0.331597 0.033203 0.072917
1 0.174805 0.246528 0.033203 0.083333
1 0.065430 0.092014 0.013672 0.059028
1 0.759766 0.204861 0.042969 0.062500
1 0.627930 0.204861 0.048828 0.069444
