1 0.255859 0.458333 0.062500 0.201389
1 0.634766 0.796875 0.101562 0.260417
1 0.897461 0.850694 0.134766 0.229167
1 0.629883 0.496528 0.064453 0.159722
1 0.823242 0.428819 0.048828 0.142361
1 0.791016 0.359375 0.054688 0.135417
1 0.918945 0.407986 0.044922 0.121528
1 0.885742 0.347222 0.041016 0.131944
1 0.704102 0.272569 0.029297 0.114583
1 0.850586 0.309028 0.048828 0.104167
1 0.959961 0.343750 0.041016 0.111111
1 0.920898 0.298611 0.037109 0.111111
1 0.975586 0.298611 0.037109 0.104167
1 0.034180 0.734375 0.064453 0.211806
1 0.079102 0.204861 0.044922 0.097222
1 0.029297 0.138889 0.031250 0.097222
1 0.119141 0.111111 0.031250 0.090278
3 0.188477 0.114583 0.068359 0.118056
