1 0.981445 0.305556 0.037109 0.118056
1 0.821289 0.329861 0.048828 0.138889
1 0.403320 0.364583 0.052734 0.125000
1 0.336914 0.289931 0.048828 0.114583
1 0.128906 0.105903 0.027344 0.072917
1 0.082031 0.114583 0.023438 0.069444
1 0.101562 0.090278 0.023438 0.076389
1 0.373047 0.840278 0.101562 0.256944
1 0.548828 0.880208 0.121094 0.156250
1 0.354492 0.631944 0.068359 0.208333
1 0.204102 0.723958 0.072266 0.232639
1 0.234375 0.586806 0.062500 0.187500
1 0.196289 0.434028 0.048828 0.152778
1 0.131836 0.559028 0.056641 0.166667
1 0.156250 0.500000 0.054688 0.166667
1 0.088867 0.368056 0.052734 0.159722
1 0.048828 0.432292 0.046875 0.163194
1 0.866211 0.184028 0.048828 0.083333
0 0.500000 0.614583 0.253906 0.340278
0 0.056641 0.211806 0.093750 0.111111
0 0.036133 0.118056 0.068359 0.083333
