0 0.153320 0.291667 0.111328 0.187500
0 0.068359 0.187500 0.089844 0.131944
1 0.962891 0.421875 0.066406 0.142361
1 0.721680 0.368056 0.091797 0.131944
1 0.615234 0.503472 0.089844 0.138889
1 0.942383 0.809028 0.115234 0.222222
1 0.577148 0.911458 0.103516 0.177083
1 0.625977 0.824653 0.115234 0.246528
1 0.494141 0.774306 0.085938 0.243056
1 0.302734 0.875000 0.089844 0.250000
1 0.351562 0.831597 0.085938 0.253472
1 0.362305 0.690972 0.076172 0.222222
1 0.416992 0.644097 0.068359 0.211806
1 0.321289 0.541667 0.056641 0.173611
1 0.238281 0.637153 0.070312 0.225694
1 0.075195 0.532986 0.064453 0.184028
1 0.064453 0.413194 0.054688 0.138889
1 0.033203 0.256944 0.039062 0.118056
1 0.238281 0.248264 0.039062 0.114583
1 0.305664 0.289931 0.044922 0.121528
1 0.962891 0.250000 0.027344 0.090278
1 0.935547 0.274306 0.031250 0.097222
1 0.009766 0.338542 0.015625 0.211806
2 0.903320 0.229167 0.037109 0.111111
