0 0.243164 0.223958 0.083984 0.093750
0 0.676758 0.359375 0.138672 0.142361
3 0.298828 0.366319 0.074219 0.135417
1 0.796875 0.871528 0.050781 0.250000
1 0.432617 0.901042 0.052734 0.197917
1 0.373047 0.762153 0.050781 0.239583
1 0.239258 0.809028 0.048828 0.236111
1 0.271484 0.562500 0.042969 0.159722
1 0.458984 0.600694 0.046875 0.166667
1 0.555664 0.512153 0.037109 0.142361
1 0.835938 0.529514 0.054688 0.156250
1 0.516602 0.458333 0.044922 0.125000
1 0.563477 0.331597 0.041016 0.100694
1 0.607422 0.288194 0.042969 0.090278
1 0.566406 0.201389 0.046875 0.069444
1 0.743164 0.215278 0.037109 0.062500
1 0.793945 0.328125 0.048828 0.093750
1 0.769531 0.286458 0.039062 0.079861
1 0.895508 0.338542 0.037109 0.093750
1 0.846680 0.265625 0.048828 0.072917
1 0.216797 0.378472 0.027344 0.111111
1 0.235352 0.343750 0.029297 0.118056
