1 0.703125 0.552083 0.082031 0.145833
1 0.510742 0.498264 0.068359 0.149306
1 0.328125 0.557292 0.066406 0.142361
1 0.552734 0.451389 0.058594 0.118056
1 0.578125 0.402778 0.066406 0.111111
1 0.959961 0.289931 0.041016 0.107639
1 0.464844 0.321181 0.046875 0.107639
1 0.397461 0.312500 0.044922 0.125000
1 0.340820 0.234375 0.044922 0.086806
1 0.348633 0.321181 0.041016 0.107639
1 0.050781 0.423611 0.050781 0.138889
1 0.043945 0.310764 0.048828 0.142361
1 0.097656 0.284722 0.042969 0.131944
1 0.176758 0.189236 0.033203 0.093750
1 0.194336 0.402778 0.041016 0.138889
1 0.149414 0.314236 0.041016 0.107639
1 0.149414 0.234375 0.041016 0.086806
1 0.133789 0.151042 0.025391 0.079861
1 0.234375 0.222222 0.031250 0.076389
0 0.050781 0.157986 0.093750 0.128472
0 0.160156 0.482639 0.152344 0.236111
0 0.292969 0.375000 0.156250 0.201389
4 0.149414 0.803819 0.294922 0.392361
