1 0.791016 0.649306 0.070312 0.215278
1 0.927734 0.793403 0.136719 0.232639
1 0.558594 0.751736 0.066406 0.239583
1 0.512695 0.923611 0.126953 0.152778
1 0.365234 0.715278 0.082031 0.229167
1 0.336914 0.539931 0.060547 0.184028
1 0.275391 0.282986 0.066406 0.142361
1 0.226562 0.473958 0.054688 0.190972
1 0.167969 0.454861 0.050781 0.187500
1 0.146484 0.361111 0.050781 0.131944
1 0.101562 0.399306 0.050781 0.166667
1 0.091797 0.470486 0.054688 0.177083
1 0.088867 0.595486 0.080078 0.211806
1 0.020508 0.378472 0.037109 0.173611
3 0.118164 0.187500 0.162109 0.236111
