1 0.229492 0.486111 0.068359 0.131944
1 0.353516 0.446181 0.058594 0.142361
1 0.247070 0.336806 0.037109 0.104167
1 0.565430 0.451389 0.041016 0.118056
1 0.635742 0.413194 0.052734 0.118056
1 0.839844 0.472222 0.046875 0.125000
1 0.799805 0.388889 0.037109 0.104167
1 0.794922 0.204861 0.039062 0.069444
1 0.736328 0.201389 0.039062 0.062500
1 0.628906 0.210069 0.042969 0.065972
1 0.570312 0.211806 0.039062 0.076389
1 0.481445 0.204861 0.041016 0.062500
1 0.417969 0.194444 0.035156 0.069444
1 0.349609 0.184028 0.031250 0.062500
1 0.310547 0.180556 0.027344 0.062500
1 0.257812 0.173611 0.039062 0.055556
1 0.191406 0.135417 0.023438 0.048611
1 0.161133 0.128472 0.021484 0.048611
2 0.593750 0.649306 0.046875 0.180556
1 0.536133 0.206597 0.037109 0.065972
1 0.580078 0.328125 0.046875 0.093750
