3 0.753906 0.322917 0.218750 0.173611
3 0.622070 0.289931 0.158203 0.197917
0 0.490234 0.411458 0.152344 0.177083
4 0.938477 0.317708 0.119141 0.135417
1 0.386719 0.697917 0.050781 0.194444
1 0.824219 0.602431 0.054688 0.170139
1 0.943359 0.855903 0.078125 0.211806
1 0.111328 0.605903 0.089844 0.156250
1 0.150391 0.493056 0.074219 0.138889
1 0.230469 0.383681 0.031250 0.121528
1 0.250977 0.331597 0.033203 0.114583
1 0.346680 0.161458 0.021484 0.072917
1 0.466797 0.303819 0.050781 0.065972
1 0.455078 0.340278 0.042969 0.090278
1 0.210938 0.256944 0.035156 0.083333
1 0.217773 0.227431 0.033203 0.093750
2 0.195312 0.284722 0.039062 0.104167
1 0.784180 0.206597 0.048828 0.052083
1 0.742188 0.250000 0.035156 0.048611
