1 0.686523 0.395833 0.052734 0.159722
1 0.814453 0.321181 0.046875 0.114583
1 0.934570 0.255208 0.044922 0.107639
1 0.971680 0.557292 0.056641 0.170139
1 0.958984 0.746528 0.054688 0.208333
1 0.877930 0.687500 0.060547 0.215278
1 0.798828 0.652778 0.058594 0.208333
1 0.546875 0.777778 0.078125 0.229167
1 0.546875 0.607639 0.082031 0.173611
1 0.544922 0.512153 0.074219 0.170139
1 0.305664 0.902778 0.115234 0.194444
1 0.266602 0.782986 0.126953 0.274306
1 0.105469 0.394097 0.042969 0.156250
1 0.110352 0.305556 0.044922 0.131944
1 0.054688 0.116319 0.035156 0.093750
1 0.051758 0.307292 0.044922 0.135417
1 0.023438 0.331597 0.042969 0.142361
1 0.009766 0.203125 0.015625 0.107639
1 0.352539 0.187500 0.033203 0.090278
1 0.384766 0.201389 0.039062 0.097222
3 0.141602 0.215278 0.138672 0.215278
0 0.869141 0.385417 0.144531 0.173611
0 0.976562 0.293403 0.046875 0.149306
