0 0.663086 0.220486 0.123047 0.100694
0 0.186523 0.217014 0.087891 0.107639
1 0.892578 0.812500 0.062500 0.215278
1 0.849609 0.644097 0.046875 0.184028
1 0.807617 0.508681 0.044922 0.142361
1 0.662109 0.777778 0.050781 0.208333
1 0.416992 0.765625 0.056641 0.204861
1 0.508789 0.555556 0.044922 0.166667
1 0.624023 0.508681 0.044922 0.170139
1 0.484375 0.331597 0.058594 0.107639
1 0.282227 0.394097 0.044922 0.156250
1 0.403320 0.182292 0.037109 0.072917
1 0.486328 0.199653 0.042969 0.059028
1 0.556641 0.210069 0.050781 0.072917
1 0.297852 0.163194 0.037109 0.069444
1 0.237305 0.142361 0.025391 0.062500
1 0.212891 0.114583 0.023438 0.062500
1 0.162109 0.107639 0.027344 0.055556
1 0.764648 0.314236 0.044922 0.086806
1 0.855469 0.427083 0.039062 0.111111
1 0.839844 0.359375 0.042969 0.107639
