0 0.473633 0.500000 0.119141 0.243056
3 0.270508 0.288194 0.119141 0.222222
0 0.899414 0.322917 0.111328 0.131944
1 0.181641 0.736111 0.050781 0.229167
1 0.317383 0.642361 0.080078 0.243056
1 0.779297 0.657986 0.046875 0.184028
1 0.882812 0.793403 0.066406 0.211806
1 0.695312 0.505208 0.046875 0.156250
1 0.823242 0.512153 0.048828 0.156250
1 0.813477 0.402778 0.048828 0.118056
1 0.686523 0.218750 0.048828 0.076389
1 0.613281 0.208333 0.042969 0.069444
1 0.505859 0.258681 0.050781 0.072917
1 0.422852 0.187500 0.041016 0.062500
1 0.298828 0.140625 0.031250 0.059028
1 0.816406 0.241319 0.046875 0.072917
