1 0.726250 0.525556 0.072500 0.166667
1 0.837500 0.243333 0.027500 0.086667
1 0.971875 0.515556 0.056250 0.120000
1 0.976250 0.628889 0.047500 0.128889
1 0.501250 0.771111 0.100000 0.262222
1 0.238125 0.840000 0.078750 0.280000
1 0.153750 0.594444 0.055000 0.215556
1 0.538125 0.448889 0.058750 0.142222
1 0.236250 0.303333 0.035000 0.095556
1 0.321875 0.372222 0.043750 0.113333
1 0.339375 0.317778 0.053750 0.084444
1 0.522500 0.258889 0.040000 0.068889
1 0.286250 0.260000 0.052500 0.071111
1 0.055000 0.390000 0.045000 0.126667
1 0.028125 0.318889 0.043750 0.113333
1 0.106250 0.257778 0.025000 0.080000
1 0.127500 0.243333 0.022500 0.077778
1 0.145625 0.240000 0.026250 0.075556
1 0.076875 0.223333 0.023750 0.077778
1 0.033750 0.222222 0.032500 0.084444
1 0.060000 0.202222 0.025000 0.071111
0 0.870000 0.745556 0.260000 0.286667
0 0.788125 0.193333 0.043750 0.057778
