1 0.605000 0.722222 0.122500 0.422222
1 0.460000 0.795556 0.067500 0.293333
1 0.379375 0.608889 0.048750 0.191111
1 0.060625 0.383333 0.038750 0.117778
1 0.018750 0.238889 0.025000 0.077778
1 0.152500 0.295556 0.050000 0.093333
1 0.483125 0.601111 0.046250 0.206667
1 0.908125 0.795556 0.123750 0.222222
1 0.946250 0.623333 0.090000 0.211111
1 0.810625 0.564444 0.073750 0.155556
1 0.843750 0.297778 0.025000 0.084444
1 0.660625 0.335556 0.026250 0.102222
1 0.603750 0.341111 0.025000 0.095556
1 0.635625 0.296667 0.036250 0.077778
1 0.596250 0.306667 0.030000 0.084444
1 0.531250 0.307778 0.027500 0.082222
1 0.500625 0.393333 0.053750 0.102222
1 0.460625 0.351111 0.041250 0.097778
1 0.166875 0.250000 0.031250 0.073333
1 0.685625 0.245556 0.023750 0.060000
1 0.661250 0.233333 0.022500 0.057778
1 0.730000 0.224444 0.020000 0.057778
1 0.770625 0.207778 0.021250 0.046667
1 0.837500 0.178889 0.017500 0.042222
1 0.820625 0.196667 0.016250 0.042222
0 0.673125 0.546667 0.206250 0.213333
