0 0.781875 0.414444 0.098750 0.131111
0 0.781250 0.303333 0.057500 0.086667
1 0.551875 0.743333 0.073750 0.286667
1 0.267500 0.677778 0.067500 0.235556
1 0.245000 0.907778 0.087500 0.184444
1 0.477500 0.354444 0.027500 0.117778
1 0.471875 0.298889 0.041250 0.086667
1 0.600625 0.266667 0.028750 0.075556
1 0.650000 0.267778 0.027500 0.073333
1 0.702500 0.257778 0.025000 0.066667
1 0.750625 0.218889 0.018750 0.064444
1 0.836875 0.230000 0.023750 0.055556
1 0.869375 0.233333 0.018750 0.066667
1 0.901875 0.424444 0.043750 0.120000
1 0.749375 0.223333 0.023750 0.068889
1 0.820000 0.191111 0.017500 0.044444
1 0.841875 0.188889 0.021250 0.048889
1 0.285000 0.323333 0.040000 0.095556
1 0.157500 0.430000 0.042500 0.140000
1 0.023125 0.383333 0.043750 0.122222
1 0.074375 0.275556 0.033750 0.088889
1 0.108125 0.207778 0.026250 0.060000
1 0.054375 0.191111 0.021250 0.062222
1 0.026250 0.176667 0.017500 0.055556
