1 0.134375 0.526667 0.046250 0.182222
1 0.383750 0.513333 0.042500 0.160000
1 0.455000 0.625556 0.045000 0.211111
1 0.510000 0.763333 0.072500 0.260000
1 0.848125 0.655556 0.103750 0.195556
1 0.649375 0.642222 0.106250 0.164444
1 0.614375 0.545556 0.078750 0.108889
1 0.553750 0.500000 0.065000 0.137778
1 0.480000 0.483333 0.062500 0.126667
1 0.398750 0.382222 0.055000 0.093333
1 0.310625 0.293333 0.056250 0.088889
1 0.173750 0.294444 0.035000 0.091111
1 0.113125 0.266667 0.031250 0.088889
1 0.066875 0.307778 0.036250 0.100000
1 0.035000 0.341111 0.035000 0.113333
1 0.028125 0.203333 0.028750 0.077778
1 0.049375 0.193333 0.028750 0.075556
1 0.556250 0.342222 0.030000 0.106667
1 0.576875 0.390000 0.028750 0.108889
1 0.598750 0.365556 0.025000 0.122222
1 0.645625 0.435556 0.041250 0.124444
1 0.636875 0.351111 0.028750 0.097778
1 0.651875 0.321111 0.021250 0.086667
1 0.685625 0.295556 0.031250 0.093333
1 0.726875 0.313333 0.026250 0.084444
1 0.747500 0.356667 0.035000 0.104444
1 0.849375 0.278889 0.026250 0.073333
1 0.782500 0.207778 0.017500 0.060000
1 0.744375 0.222222 0.021250 0.066667
1 0.619375 0.252222 0.031250 0.064444
0 0.820000 0.254444 0.050000 0.068889
0 0.430000 0.314444 0.165000 0.095556
0 0.840000 0.185556 0.032500 0.042222
