1 0.355000 0.696667 0.072500 0.246667
1 0.247500 0.825556 0.085000 0.286667
1 0.181875 0.470000 0.046250 0.166667
1 0.195625 0.403333 0.043750 0.144444
1 0.948750 0.641111 0.102500 0.211111
1 0.966250 0.452222 0.050000 0.153333
1 0.811250 0.151111 0.017500 0.044444
1 0.831875 0.137778 0.013750 0.048889
1 0.600625 0.234444 0.033750 0.077778
1 0.315625 0.218889 0.048750 0.077778
1 0.209375 0.203333 0.028750 0.073333
1 0.183750 0.190000 0.032500 0.060000
1 0.016875 0.242222 0.026250 0.088889
1 0.011250 0.276667 0.020000 0.086667
1 0.028125 0.342222 0.051250 0.097778
1 0.690625 0.201111 0.026250 0.051111
0 0.661250 0.252222 0.075000 0.086667
3 0.451875 0.295556 0.243750 0.213333
0 0.099375 0.184444 0.066250 0.084444
0 0.035625 0.156667 0.053750 0.073333
