1 0.605000 0.476667 0.057500 0.126667
1 0.637500 0.447778 0.052500 0.122222
1 0.633125 0.372222 0.033750 0.108889
1 0.584375 0.340000 0.031250 0.097778
1 0.691875 0.234444 0.023750 0.055556
1 0.745625 0.222222 0.023750 0.057778
1 0.381250 0.323333 0.057500 0.095556
1 0.328750 0.308889 0.057500 0.093333
1 0.272500 0.297778 0.055000 0.075556
1 0.154375 0.483333 0.046250 0.171111
1 0.540000 0.858889 0.090000 0.282222
1 0.665000 0.860000 0.102500 0.280000
1 0.148125 0.234444 0.026250 0.077778
1 0.249375 0.256667 0.043750 0.064444
1 0.098750 0.207778 0.025000 0.073333
1 0.026875 0.208889 0.028750 0.071111
0 0.811250 0.205556 0.047500 0.064444
