1 0.176875 0.626667 0.063750 0.213333
1 0.126250 0.421111 0.052500 0.140000
1 0.087500 0.343333 0.035000 0.104444
1 0.030625 0.334444 0.033750 0.104444
1 0.030000 0.264444 0.032500 0.084444
1 0.124375 0.228889 0.036250 0.075556
1 0.186875 0.285556 0.031250 0.086667
1 0.217500 0.267778 0.030000 0.073333
1 0.290625 0.327778 0.046250 0.100000
1 0.338125 0.352222 0.043750 0.113333
1 0.685000 0.662222 0.070000 0.226667
1 0.896875 0.688889 0.096250 0.204444
1 0.918125 0.464444 0.051250 0.142222
1 0.874375 0.390000 0.033750 0.117778
1 0.843125 0.390000 0.036250 0.113333
1 0.623750 0.441111 0.047500 0.131111
1 0.546875 0.426667 0.036250 0.137778
1 0.530625 0.352222 0.041250 0.117778
1 0.624375 0.332222 0.036250 0.091111
1 0.641875 0.264444 0.028750 0.066667
1 0.695000 0.241111 0.032500 0.064444
1 0.755000 0.238889 0.025000 0.060000
1 0.806250 0.224444 0.035000 0.044444
1 0.837500 0.290000 0.030000 0.082222
1 0.846875 0.185556 0.021250 0.042222
0 0.808750 0.185556 0.040000 0.042222
