0 0.653125 0.346667 0.078750 0.137778
0 0.244375 0.554444 0.146250 0.206667
0 0.120625 0.325556 0.083750 0.108889
1 0.941875 0.816667 0.116250 0.237778
1 0.802500 0.566667 0.067500 0.164444
1 0.698750 0.590000 0.070000 0.171111
1 0.743750 0.524444 0.045000 0.160000
1 0.523750 0.580000 0.040000 0.186667
1 0.555625 0.522222 0.036250 0.182222
1 0.599375 0.564444 0.043750 0.195556
1 0.647500 0.511111 0.060000 0.146667
1 0.472500 0.448889 0.037500 0.142222
1 0.462500 0.347778 0.050000 0.091111
1 0.580625 0.317778 0.026250 0.084444
1 0.625000 0.290000 0.022500 0.082222
1 0.566875 0.261111 0.036250 0.068889
1 0.731875 0.230000 0.023750 0.055556
1 0.857500 0.248889 0.025000 0.057778
1 0.827500 0.190000 0.017500 0.037778
1 0.113125 0.562222 0.053750 0.177778
1 0.098125 0.417778 0.041250 0.111111
1 0.040625 0.378889 0.036250 0.108889
1 0.018125 0.322222 0.028750 0.097778
1 0.080625 0.224444 0.026250 0.066667
1 0.113125 0.217778 0.023750 0.066667
1 0.042500 0.197778 0.020000 0.062222
1 0.018125 0.195556 0.021250 0.062222
