1 0.214375 0.727778 0.073750 0.273333
1 0.500000 0.854444 0.110000 0.282222
1 0.651250 0.464444 0.042500 0.151111
1 0.605000 0.428889 0.045000 0.142222
1 0.538125 0.437778 0.033750 0.151111
1 0.476250 0.443333 0.062500 0.126667
1 0.513750 0.344444 0.037500 0.106667
1 0.562500 0.365556 0.035000 0.117778
1 0.899375 0.442222 0.043750 0.120000
1 0.115625 0.491111 0.061250 0.177778
1 0.220625 0.502222 0.073750 0.182222
1 0.341875 0.383333 0.046250 0.117778
1 0.370000 0.344444 0.047500 0.106667
1 0.645625 0.277778 0.026250 0.080000
1 0.686250 0.255556 0.025000 0.071111
1 0.754375 0.231111 0.016250 0.057778
1 0.715625 0.221111 0.026250 0.060000
1 0.388125 0.267778 0.051250 0.064444
1 0.240625 0.344444 0.038750 0.097778
1 0.260625 0.316667 0.031250 0.095556
1 0.255625 0.264444 0.051250 0.062222
1 0.201875 0.322222 0.033750 0.084444
1 0.203125 0.278889 0.038750 0.077778
1 0.150625 0.251111 0.026250 0.066667
1 0.168125 0.238889 0.033750 0.082222
1 0.066250 0.224444 0.027500 0.071111
1 0.012500 0.204444 0.022500 0.062222
1 0.031250 0.201111 0.020000 0.068889
1 0.043750 0.194444 0.017500 0.068889
