1 0.149375 0.550000 0.063750 0.193333
1 0.252500 0.362222 0.037500 0.128889
1 0.454375 0.432222 0.043750 0.140000
1 0.552500 0.603333 0.060000 0.211111
1 0.646875 0.521111 0.076250 0.148889
1 0.566875 0.442222 0.051250 0.128889
1 0.920625 0.466667 0.043750 0.128889
1 0.858750 0.252222 0.022500 0.077778
1 0.828125 0.260000 0.021250 0.071111
1 0.771875 0.218889 0.021250 0.060000
1 0.727500 0.225556 0.022500 0.064444
1 0.691875 0.227778 0.021250 0.055556
1 0.635000 0.244444 0.027500 0.071111
1 0.694375 0.281111 0.041250 0.064444
1 0.627500 0.362222 0.032500 0.111111
1 0.605000 0.341111 0.027500 0.100000
1 0.455000 0.264444 0.040000 0.071111
1 0.207500 0.248889 0.032500 0.071111
1 0.175000 0.260000 0.035000 0.084444
1 0.129375 0.256667 0.021250 0.073333
1 0.143125 0.235556 0.023750 0.080000
1 0.096875 0.231111 0.031250 0.093333
1 0.056875 0.200000 0.023750 0.053333
1 0.015625 0.255556 0.026250 0.080000
1 0.010000 0.145556 0.017500 0.055556
