1 0.242500 0.791111 0.067500 0.297778
1 0.168125 0.668889 0.066250 0.231111
1 0.276875 0.547778 0.063750 0.180000
1 0.759375 0.588889 0.086250 0.173333
1 0.807500 0.890000 0.100000 0.220000
1 0.939375 0.517778 0.063750 0.164444
1 0.884375 0.434444 0.048750 0.126667
1 0.809375 0.313333 0.026250 0.088889
1 0.835625 0.294444 0.026250 0.077778
1 0.870000 0.228889 0.022500 0.071111
1 0.847500 0.217778 0.022500 0.066667
1 0.820000 0.185556 0.015000 0.046667
1 0.709375 0.240000 0.028750 0.075556
1 0.663125 0.261111 0.023750 0.077778
1 0.441875 0.337778 0.043750 0.106667
1 0.325625 0.342222 0.061250 0.120000
1 0.274375 0.295556 0.033750 0.093333
1 0.229375 0.318889 0.056250 0.077778
1 0.205625 0.267778 0.028750 0.082222
1 0.153125 0.240000 0.028750 0.084444
1 0.119375 0.210000 0.026250 0.073333
1 0.051250 0.331111 0.035000 0.102222
1 0.032500 0.377778 0.035000 0.124444
1 0.038125 0.201111 0.021250 0.073333
1 0.008750 0.196667 0.015000 0.064444
