0 0.159375 0.401111 0.131250 0.140000
0 0.445000 0.348889 0.162500 0.115556
0 0.698125 0.340000 0.088750 0.093333
0 0.773125 0.273333 0.063750 0.084444
0 0.047500 0.281111 0.075000 0.100000
1 0.837500 0.752222 0.127500 0.220000
1 0.741250 0.562222 0.087500 0.151111
1 0.860625 0.376667 0.031250 0.100000
1 0.823125 0.324444 0.026250 0.084444
1 0.844375 0.315556 0.026250 0.084444
1 0.839375 0.238889 0.023750 0.068889
1 0.760000 0.217778 0.017500 0.048889
1 0.737500 0.214444 0.017500 0.055556
1 0.676250 0.244444 0.027500 0.062222
1 0.518125 0.480000 0.063750 0.146667
1 0.453750 0.398889 0.050000 0.122222
1 0.368125 0.385556 0.043750 0.108889
1 0.022500 0.381111 0.037500 0.122222
1 0.125625 0.216667 0.028750 0.060000
1 0.048125 0.196667 0.021250 0.060000
1 0.068750 0.190000 0.022500 0.064444
0 0.868125 0.215556 0.048750 0.066667
