1 0.328125 0.324444 0.038750 0.093333
1 0.503750 0.442222 0.040000 0.146667
1 0.495625 0.878889 0.078750 0.242222
1 0.559375 0.546667 0.048750 0.173333
1 0.618750 0.414444 0.037500 0.131111
1 0.556250 0.368889 0.037500 0.115556
1 0.563750 0.438889 0.040000 0.117778
1 0.835000 0.298889 0.037500 0.086667
1 0.944375 0.496667 0.063750 0.148889
1 0.653750 0.633333 0.055000 0.200000
1 0.668750 0.484444 0.057500 0.137778
1 0.751250 0.624444 0.075000 0.173333
1 0.846875 0.635556 0.086250 0.182222
1 0.875625 0.587778 0.083750 0.180000
1 0.756250 0.532222 0.075000 0.171111
1 0.679375 0.283333 0.026250 0.082222
1 0.650000 0.240000 0.022500 0.066667
1 0.210000 0.260000 0.030000 0.075556
1 0.055625 0.192222 0.021250 0.060000
1 0.021875 0.202222 0.023750 0.071111
1 0.038750 0.176667 0.017500 0.051111
1 0.760625 0.204444 0.021250 0.048889
1 0.833750 0.188889 0.015000 0.048889
4 0.115625 0.372222 0.136250 0.233333
