4 0.809375 0.248889 0.081250 0.168889
0 0.056875 0.264444 0.086250 0.115556
1 0.093125 0.220000 0.026250 0.071111
1 0.156250 0.252222 0.027500 0.077778
1 0.180625 0.242222 0.026250 0.071111
1 0.213750 0.323333 0.032500 0.100000
1 0.093125 0.453333 0.038750 0.151111
1 0.161250 0.608889 0.060000 0.217778
1 0.267500 0.585556 0.065000 0.211111
1 0.520625 0.427778 0.036250 0.131111
1 0.565000 0.376667 0.045000 0.108889
1 0.601250 0.511111 0.045000 0.186667
1 0.738750 0.585556 0.067500 0.184444
1 0.726250 0.410000 0.057500 0.113333
1 0.950625 0.768889 0.098750 0.213333
1 0.846875 0.343333 0.036250 0.086667
1 0.701250 0.280000 0.040000 0.075556
1 0.695000 0.220000 0.035000 0.062222
1 0.355625 0.406667 0.041250 0.106667
1 0.340625 0.350000 0.036250 0.091111
1 0.290000 0.356667 0.035000 0.108889
1 0.255000 0.306667 0.037500 0.102222
