1 0.493125 0.734444 0.066250 0.286667
1 0.065000 0.422222 0.040000 0.142222
1 0.092500 0.377778 0.045000 0.120000
1 0.158750 0.311111 0.030000 0.097778
1 0.203750 0.286667 0.052500 0.080000
1 0.336250 0.313333 0.057500 0.093333
1 0.391250 0.334444 0.065000 0.095556
1 0.468750 0.425556 0.040000 0.144444
1 0.763125 0.650000 0.096250 0.157778
1 0.745625 0.550000 0.076250 0.095556
1 0.901875 0.463333 0.058750 0.117778
1 0.856875 0.246667 0.021250 0.071111
1 0.836250 0.235556 0.017500 0.057778
1 0.652500 0.313333 0.027500 0.093333
1 0.605000 0.488889 0.075000 0.133333
1 0.547500 0.407778 0.057500 0.108889
1 0.571250 0.338889 0.030000 0.104444
1 0.538750 0.324444 0.032500 0.102222
1 0.618750 0.383333 0.027500 0.095556
1 0.624375 0.303333 0.031250 0.095556
1 0.673125 0.247778 0.026250 0.068889
1 0.471875 0.260000 0.046250 0.071111
1 0.555000 0.258889 0.040000 0.064444
1 0.135000 0.238889 0.022500 0.086667
1 0.118125 0.218889 0.026250 0.064444
1 0.049375 0.220000 0.026250 0.071111
1 0.815625 0.186667 0.018750 0.044444
0 0.757500 0.841111 0.257500 0.317778
