1 0.581250 0.897778 0.077500 0.204444
1 0.628750 0.784444 0.070000 0.257778
1 0.783125 0.658889 0.108750 0.206667
1 0.962500 0.628889 0.075000 0.191111
1 0.851250 0.381111 0.035000 0.108889
1 0.828125 0.324444 0.026250 0.088889
1 0.861875 0.261111 0.021250 0.073333
1 0.833750 0.231111 0.022500 0.062222
1 0.775000 0.221111 0.022500 0.060000
1 0.656250 0.245556 0.030000 0.068889
1 0.602500 0.398889 0.035000 0.117778
1 0.591250 0.336667 0.032500 0.113333
1 0.505000 0.348889 0.027500 0.111111
1 0.523125 0.258889 0.038750 0.068889
1 0.487500 0.440000 0.062500 0.106667
1 0.461875 0.388889 0.056250 0.084444
1 0.360000 0.350000 0.070000 0.091111
1 0.239375 0.305556 0.053750 0.091111
1 0.107500 0.453333 0.045000 0.133333
1 0.047500 0.378889 0.042500 0.117778
1 0.024375 0.293333 0.033750 0.084444
1 0.098125 0.363333 0.033750 0.100000
1 0.121250 0.347778 0.035000 0.113333
1 0.152500 0.255556 0.030000 0.075556
1 0.174375 0.235556 0.028750 0.075556
1 0.108750 0.206667 0.022500 0.062222
1 0.068750 0.206667 0.022500 0.062222
1 0.045000 0.224444 0.025000 0.066667
1 0.371875 0.312222 0.041250 0.091111
1 0.833125 0.177778 0.016250 0.035556
