1 0.930000 0.472222 0.067500 0.140000
1 0.836875 0.328889 0.033750 0.097778
1 0.843125 0.265556 0.026250 0.060000
1 0.818125 0.227778 0.033750 0.055556
1 0.743750 0.258889 0.037500 0.064444
1 0.668125 0.252222 0.028750 0.064444
1 0.599375 0.336667 0.036250 0.104444
1 0.565000 0.436667 0.037500 0.153333
1 0.482500 0.412222 0.047500 0.148889
1 0.355625 0.354444 0.038750 0.108889
1 0.245625 0.870000 0.078750 0.260000
1 0.066875 0.408889 0.041250 0.137778
1 0.249375 0.340000 0.046250 0.080000
1 0.102500 0.240000 0.027500 0.075556
1 0.069375 0.268889 0.028750 0.093333
1 0.030000 0.251111 0.035000 0.080000
1 0.048750 0.192222 0.020000 0.064444
1 0.075000 0.206667 0.025000 0.057778
2 0.758125 0.215556 0.023750 0.053333
0 0.236250 0.293333 0.112500 0.093333
0 0.789375 0.192222 0.038750 0.055556
