1 0.538125 0.762222 0.056250 0.262222
1 0.226250 0.871111 0.077500 0.257778
1 0.148750 0.652222 0.060000 0.224444
1 0.462500 0.347778 0.042500 0.113333
1 0.583125 0.412222 0.036250 0.113333
1 0.612500 0.451111 0.050000 0.133333
1 0.641875 0.367778 0.023750 0.113333
1 0.855000 0.393333 0.042500 0.106667
1 0.846250 0.294444 0.025000 0.073333
1 0.760625 0.221111 0.016250 0.073333
1 0.705625 0.237778 0.021250 0.071111
1 0.686875 0.255556 0.021250 0.075556
1 0.650000 0.305556 0.027500 0.086667
1 0.638750 0.293333 0.025000 0.088889
1 0.628125 0.258889 0.023750 0.073333
1 0.576875 0.286667 0.023750 0.088889
1 0.545000 0.305556 0.037500 0.086667
1 0.039375 0.335556 0.033750 0.106667
1 0.100625 0.227778 0.023750 0.086667
1 0.126875 0.230000 0.021250 0.077778
1 0.055625 0.195556 0.018750 0.062222
1 0.031875 0.194444 0.016250 0.064444
1 0.010000 0.194444 0.017500 0.060000
1 0.793125 0.193333 0.018750 0.053333
1 0.828750 0.188889 0.017500 0.048889
1 0.848750 0.182222 0.015000 0.048889
0 0.495000 0.437778 0.090000 0.155556
0 0.951250 0.647778 0.097500 0.220000
