2 0.131875 0.274444 0.051250 0.095556
1 0.797500 0.695556 0.097500 0.217778
1 0.962500 0.747778 0.075000 0.197778
1 0.893125 0.461111 0.051250 0.153333
1 0.843750 0.323333 0.027500 0.095556
1 0.845625 0.248889 0.023750 0.062222
1 0.816875 0.191111 0.018750 0.048889
1 0.774375 0.204444 0.018750 0.062222
1 0.734375 0.225556 0.018750 0.051111
1 0.723125 0.240000 0.023750 0.066667
1 0.638750 0.252222 0.030000 0.068889
1 0.671250 0.282222 0.040000 0.071111
1 0.668750 0.338889 0.052500 0.095556
1 0.590625 0.325556 0.036250 0.104444
1 0.496250 0.423333 0.055000 0.122222
1 0.442500 0.375556 0.040000 0.111111
1 0.475000 0.331111 0.040000 0.084444
1 0.208125 0.454444 0.051250 0.148889
1 0.185625 0.497778 0.038750 0.160000
1 0.168125 0.563333 0.058750 0.188889
1 0.156250 0.634444 0.050000 0.202222
1 0.041250 0.388889 0.047500 0.120000
1 0.019375 0.307778 0.031250 0.095556
1 0.231250 0.272222 0.037500 0.082222
1 0.201250 0.248889 0.040000 0.057778
