1 0.486875 0.423333 0.056250 0.131111
1 0.548750 0.344444 0.032500 0.106667
1 0.738125 0.891111 0.096250 0.217778
1 0.683750 0.280000 0.025000 0.080000
1 0.657500 0.265556 0.027500 0.077778
1 0.801875 0.192222 0.016250 0.037778
1 0.847500 0.230000 0.020000 0.051111
1 0.876875 0.236667 0.021250 0.060000
1 0.740625 0.228889 0.018750 0.057778
1 0.753125 0.206667 0.018750 0.048889
1 0.601875 0.281111 0.026250 0.082222
1 0.197500 0.723333 0.075000 0.224444
1 0.181250 0.573333 0.057500 0.164444
1 0.140625 0.448889 0.046250 0.142222
1 0.038125 0.370000 0.038750 0.113333
1 0.118125 0.273333 0.038750 0.075556
1 0.208750 0.266667 0.037500 0.075556
1 0.101875 0.220000 0.023750 0.062222
1 0.068750 0.223333 0.030000 0.068889
1 0.050000 0.182222 0.025000 0.057778
0 0.183750 0.357778 0.120000 0.160000
3 0.022500 0.224444 0.042500 0.168889
2 0.079375 0.460000 0.046250 0.146667
