1 0.723750 0.584444 0.072500 0.160000
1 0.952500 0.810000 0.095000 0.211111
1 0.521250 0.473333 0.035000 0.155556
1 0.255000 0.682222 0.082500 0.266667
1 0.147500 0.452222 0.045000 0.135556
1 0.072500 0.433333 0.040000 0.133333
1 0.091875 0.368889 0.033750 0.115556
1 0.147500 0.365556 0.037500 0.113333
1 0.060000 0.347778 0.035000 0.108889
1 0.336250 0.265556 0.052500 0.077778
1 0.663125 0.255556 0.026250 0.075556
1 0.693750 0.283333 0.037500 0.073333
1 0.710000 0.246667 0.025000 0.057778
1 0.806250 0.191111 0.015000 0.040000
1 0.830000 0.190000 0.012500 0.046667
1 0.846250 0.193333 0.015000 0.040000
0 0.671250 0.751111 0.205000 0.404444
3 0.910000 0.617778 0.180000 0.288889
