0 0.068750 0.312222 0.080000 0.100000
0 0.017500 0.238889 0.032500 0.091111
1 0.866250 0.248889 0.022500 0.062222
1 0.830000 0.254444 0.022500 0.064444
1 0.863125 0.385556 0.033750 0.108889
1 0.841875 0.606667 0.076250 0.168889
1 0.687500 0.583333 0.047500 0.197778
1 0.653750 0.851111 0.097500 0.297778
1 0.185625 0.722222 0.071250 0.262222
1 0.526875 0.338889 0.033750 0.104444
1 0.386250 0.385556 0.042500 0.126667
1 0.346250 0.344444 0.042500 0.115556
1 0.326875 0.315556 0.033750 0.084444
1 0.293750 0.262222 0.052500 0.075556
1 0.226875 0.266667 0.041250 0.080000
1 0.151875 0.311111 0.043750 0.097778
1 0.167500 0.278889 0.030000 0.073333
1 0.162500 0.228889 0.025000 0.066667
1 0.127500 0.236667 0.025000 0.068889
1 0.104375 0.205556 0.021250 0.060000
1 0.073125 0.403333 0.048750 0.126667
1 0.016250 0.355556 0.030000 0.115556
2 0.538750 0.391111 0.032500 0.115556
