0 0.734375 0.234444 0.038750 0.064444
0 0.021250 0.190000 0.040000 0.055556
4 0.089375 0.220000 0.071250 0.097778
1 0.938750 0.482222 0.050000 0.128889
1 0.858125 0.456667 0.048750 0.140000
1 0.720000 0.862222 0.097500 0.275556
1 0.275000 0.716667 0.080000 0.260000
1 0.188750 0.713333 0.080000 0.266667
1 0.437500 0.353333 0.052500 0.120000
1 0.691875 0.316667 0.036250 0.073333
1 0.697500 0.261111 0.027500 0.064444
1 0.796250 0.230000 0.022500 0.051111
1 0.836875 0.263333 0.028750 0.077778
1 0.877500 0.230000 0.025000 0.077778
1 0.092500 0.362222 0.035000 0.102222
1 0.163125 0.278889 0.023750 0.082222
1 0.246250 0.261111 0.042500 0.082222
1 0.182500 0.235556 0.030000 0.075556
1 0.022500 0.298889 0.027500 0.086667
1 0.028125 0.253333 0.026250 0.066667
1 0.046250 0.367778 0.035000 0.108889
1 0.077500 0.430000 0.040000 0.131111
