1 0.395625 0.337778 0.083750 0.102222
1 0.815000 0.625556 0.100000 0.188889
1 0.944375 0.792222 0.111250 0.211111
1 0.828125 0.890000 0.173750 0.220000
1 0.651250 0.900000 0.097500 0.200000
1 0.234375 0.744444 0.068750 0.231111
1 0.338750 0.653333 0.080000 0.213333
1 0.438125 0.444444 0.058750 0.142222
1 0.533750 0.368889 0.040000 0.106667
1 0.640625 0.600000 0.088750 0.146667
1 0.655000 0.521111 0.095000 0.148889
1 0.895000 0.480000 0.055000 0.133333
1 0.877500 0.392222 0.032500 0.117778
1 0.840000 0.251111 0.022500 0.066667
1 0.825000 0.190000 0.020000 0.042222
1 0.684375 0.248889 0.028750 0.062222
1 0.502500 0.298889 0.030000 0.095556
1 0.492500 0.260000 0.037500 0.075556
1 0.149375 0.575556 0.051250 0.182222
1 0.210625 0.532222 0.056250 0.180000
1 0.256250 0.512222 0.055000 0.162222
1 0.245000 0.423333 0.045000 0.113333
1 0.123750 0.437778 0.052500 0.124444
1 0.063125 0.470000 0.033750 0.144444
1 0.016875 0.322222 0.031250 0.111111
1 0.107500 0.338889 0.045000 0.104444
1 0.207500 0.255556 0.030000 0.075556
1 0.080000 0.200000 0.025000 0.053333
1 0.011875 0.172222 0.021250 0.051111
0 0.766250 0.341111 0.087500 0.131111
4 0.575625 0.297778 0.101250 0.151111
0 0.128125 0.264444 0.086250 0.080000
2 0.297500 0.277778 0.040000 0.071111
0 0.790000 0.190000 0.042500 0.051111
