0 0.921250 0.661111 0.157500 0.282222
1 0.553125 0.456667 0.053750 0.131111
1 0.588125 0.424444 0.048750 0.120000
1 0.541875 0.325556 0.033750 0.095556
1 0.433750 0.387778 0.060000 0.113333
1 0.213750 0.277778 0.027500 0.062222
1 0.239375 0.313333 0.028750 0.093333
1 0.257500 0.306667 0.032500 0.084444
1 0.196875 0.573333 0.051250 0.204444
1 0.147500 0.378889 0.035000 0.126667
1 0.098750 0.386667 0.042500 0.142222
1 0.040625 0.364444 0.038750 0.102222
1 0.018125 0.302222 0.026250 0.088889
1 0.067500 0.255556 0.030000 0.075556
1 0.125625 0.247778 0.031250 0.086667
1 0.085000 0.223333 0.030000 0.077778
1 0.704375 0.232222 0.023750 0.060000
1 0.738750 0.215556 0.020000 0.062222
1 0.821250 0.183333 0.017500 0.051111
1 0.874375 0.218889 0.023750 0.064444
1 0.846250 0.173333 0.012500 0.044444
1 0.369375 0.264444 0.031250 0.084444
