1 0.086250 0.465556 0.045000 0.153333
1 0.150625 0.434444 0.048750 0.140000
1 0.026875 0.303333 0.041250 0.104444
1 0.131250 0.236667 0.030000 0.077778
1 0.243750 0.281111 0.037500 0.086667
1 0.420625 0.373333 0.053750 0.120000
1 0.538750 0.414444 0.055000 0.131111
1 0.627500 0.491111 0.067500 0.146667
1 0.670625 0.826667 0.081250 0.262222
1 0.793750 0.666667 0.100000 0.195556
1 0.945625 0.675556 0.098750 0.200000
1 0.894375 0.432222 0.048750 0.126667
1 0.818750 0.246667 0.025000 0.071111
1 0.782500 0.250000 0.027500 0.073333
1 0.641875 0.284444 0.041250 0.071111
1 0.521250 0.258889 0.042500 0.068889
1 0.788750 0.197778 0.020000 0.048889
