1 0.633750 0.710000 0.067500 0.282222
1 0.785000 0.681111 0.057500 0.246667
1 0.811875 0.540000 0.083750 0.142222
1 0.940625 0.436667 0.056250 0.135556
1 0.880625 0.366667 0.043750 0.120000
1 0.851875 0.230000 0.026250 0.073333
1 0.656875 0.224444 0.028750 0.093333
1 0.534375 0.213333 0.041250 0.075556
1 0.581250 0.338889 0.060000 0.122222
1 0.509375 0.300000 0.033750 0.111111
1 0.340000 0.268889 0.042500 0.088889
1 0.305625 0.313333 0.048750 0.106667
1 0.293750 0.243333 0.037500 0.073333
1 0.232500 0.207778 0.040000 0.073333
1 0.120625 0.251111 0.038750 0.102222
1 0.016875 0.284444 0.031250 0.111111
1 0.030625 0.493333 0.058750 0.164444
1 0.049375 0.723333 0.056250 0.246667
1 0.124375 0.187778 0.021250 0.068889
1 0.101875 0.165556 0.021250 0.073333
1 0.057500 0.144444 0.022500 0.066667
0 0.176250 0.214444 0.077500 0.095556
