0 0.146875 0.248889 0.071250 0.075556
2 0.846250 0.357778 0.025000 0.093333
1 0.625000 0.511111 0.075000 0.155556
1 0.805000 0.635556 0.097500 0.182222
1 0.894375 0.467778 0.053750 0.131111
1 0.818750 0.286667 0.020000 0.075556
1 0.834375 0.260000 0.018750 0.066667
1 0.872500 0.224444 0.020000 0.048889
1 0.840000 0.183333 0.012500 0.042222
1 0.813125 0.193333 0.013750 0.048889
1 0.799375 0.190000 0.013750 0.046667
1 0.518125 0.511111 0.043750 0.173333
1 0.150625 0.582222 0.056250 0.182222
1 0.080000 0.363333 0.040000 0.117778
1 0.127500 0.376667 0.042500 0.126667
1 0.278750 0.337778 0.055000 0.088889
1 0.321875 0.325556 0.036250 0.091111
1 0.238750 0.265556 0.032500 0.073333
1 0.187500 0.281111 0.032500 0.082222
1 0.015625 0.323333 0.026250 0.095556
1 0.023750 0.413333 0.045000 0.097778
1 0.083125 0.265556 0.036250 0.082222
1 0.081250 0.206667 0.022500 0.053333
1 0.592500 0.298889 0.022500 0.077778
1 0.565000 0.281111 0.037500 0.068889
1 0.596875 0.256667 0.031250 0.060000
