1 0.216875 0.735556 0.076250 0.284444
1 0.586875 0.633333 0.058750 0.208889
1 0.673750 0.511111 0.047500 0.182222
1 0.800000 0.502222 0.077500 0.151111
1 0.861250 0.614444 0.095000 0.144444
1 0.840625 0.890000 0.101250 0.220000
1 0.581250 0.461111 0.055000 0.126667
1 0.485000 0.313333 0.045000 0.115556
1 0.675000 0.316667 0.032500 0.082222
1 0.668750 0.276667 0.030000 0.073333
1 0.634375 0.252222 0.028750 0.077778
1 0.353750 0.335556 0.032500 0.102222
1 0.324375 0.296667 0.036250 0.100000
1 0.216875 0.318889 0.033750 0.095556
1 0.248750 0.308889 0.040000 0.093333
1 0.056875 0.420000 0.043750 0.133333
1 0.080625 0.223333 0.028750 0.073333
1 0.134375 0.221111 0.028750 0.064444
1 0.012500 0.236667 0.022500 0.064444
1 0.016250 0.317778 0.030000 0.102222
1 0.835000 0.176667 0.015000 0.051111
4 0.786875 0.301111 0.066250 0.140000
