1 0.158125 0.722222 0.068750 0.275556
1 0.257500 0.801111 0.077500 0.291111
1 0.497500 0.744444 0.082500 0.262222
1 0.801875 0.890000 0.096250 0.220000
1 0.692500 0.702222 0.072500 0.253333
1 0.590000 0.560000 0.060000 0.195556
1 0.720625 0.487778 0.058750 0.157778
1 0.797500 0.508889 0.065000 0.155556
1 0.890625 0.535556 0.066250 0.164444
1 0.793750 0.311111 0.027500 0.088889
1 0.508125 0.420000 0.036250 0.128889
1 0.483750 0.338889 0.032500 0.095556
1 0.288125 0.288889 0.043750 0.062222
1 0.211250 0.278889 0.060000 0.082222
1 0.123125 0.270000 0.038750 0.082222
1 0.050625 0.288889 0.043750 0.088889
1 0.065625 0.210000 0.021250 0.068889
1 0.095625 0.208889 0.026250 0.062222
1 0.036250 0.194444 0.027500 0.060000
1 0.321875 0.363333 0.048750 0.117778
1 0.518125 0.266667 0.043750 0.057778
1 0.570625 0.361111 0.031250 0.113333
1 0.590625 0.414444 0.036250 0.117778
1 0.610625 0.343333 0.028750 0.095556
1 0.655000 0.324444 0.032500 0.093333
1 0.645000 0.257778 0.030000 0.080000
1 0.701875 0.281111 0.021250 0.073333
1 0.742500 0.225556 0.017500 0.068889
1 0.772500 0.210000 0.022500 0.051111
1 0.805000 0.198889 0.017500 0.042222
1 0.821875 0.190000 0.016250 0.046667
2 0.482500 0.260000 0.040000 0.062222
0 0.792500 0.186667 0.035000 0.044444
