1 0.104375 0.465556 0.046250 0.175556
1 0.127500 0.413333 0.047500 0.151111
1 0.604375 0.645556 0.123750 0.188889
1 0.504375 0.411111 0.038750 0.155556
1 0.621250 0.460000 0.065000 0.146667
1 0.756250 0.617778 0.095000 0.191111
1 0.780000 0.534444 0.085000 0.148889
1 0.942500 0.615556 0.107500 0.195556
1 0.981250 0.500000 0.037500 0.137778
1 0.880000 0.367778 0.035000 0.122222
1 0.838125 0.300000 0.033750 0.097778
1 0.843750 0.243333 0.022500 0.068889
1 0.881875 0.205556 0.023750 0.064444
1 0.707500 0.274444 0.040000 0.086667
1 0.586875 0.227778 0.028750 0.082222
1 0.519375 0.243333 0.036250 0.082222
1 0.248750 0.266667 0.045000 0.088889
1 0.236250 0.213333 0.052500 0.066667
1 0.107500 0.157778 0.022500 0.071111
1 0.015000 0.286667 0.027500 0.106667
1 0.821875 0.140000 0.016250 0.048889
1 0.035625 0.125556 0.016250 0.046667
4 0.307500 0.528889 0.210000 0.400000
0 0.660625 0.232222 0.078750 0.104444
0 0.063125 0.161111 0.061250 0.068889
