0 0.645000 0.540000 0.117500 0.257778
0 0.536250 0.815556 0.292500 0.368889
0 0.612500 0.392222 0.080000 0.153333
2 0.333125 0.282222 0.036250 0.106667
1 0.877500 0.581111 0.072500 0.180000
1 0.781875 0.452222 0.063750 0.140000
1 0.738750 0.374444 0.055000 0.126667
1 0.532500 0.347778 0.035000 0.126667
1 0.500000 0.535556 0.050000 0.186667
1 0.493750 0.428889 0.042500 0.137778
1 0.416250 0.526667 0.052500 0.195556
1 0.155000 0.561111 0.065000 0.202222
1 0.065625 0.342222 0.041250 0.137778
1 0.103750 0.233333 0.040000 0.080000
1 0.126250 0.188889 0.027500 0.071111
1 0.066250 0.180000 0.020000 0.062222
1 0.020000 0.201111 0.027500 0.068889
1 0.035625 0.152222 0.018750 0.068889
1 0.079375 0.158889 0.021250 0.064444
1 0.718750 0.183333 0.015000 0.060000
1 0.734375 0.176667 0.018750 0.051111
1 0.810625 0.153333 0.021250 0.048889
1 0.878125 0.170000 0.016250 0.051111
1 0.851875 0.150000 0.013750 0.042222
1 0.838750 0.146667 0.015000 0.044444
