1 0.730000 0.525556 0.042500 0.171111
1 0.935000 0.508889 0.050000 0.137778
1 0.965000 0.658889 0.070000 0.175556
1 0.670625 0.542222 0.051250 0.195556
1 0.604375 0.457778 0.036250 0.133333
1 0.592500 0.400000 0.037500 0.111111
1 0.603125 0.310000 0.031250 0.100000
1 0.574375 0.308889 0.028750 0.120000
1 0.544375 0.335556 0.023750 0.111111
1 0.495000 0.380000 0.022500 0.111111
1 0.486875 0.338889 0.028750 0.104444
1 0.445000 0.402222 0.050000 0.124444
1 0.088750 0.512222 0.047500 0.157778
1 0.107500 0.447778 0.037500 0.148889
1 0.020625 0.345556 0.036250 0.117778
1 0.028125 0.200000 0.018750 0.062222
1 0.696875 0.257778 0.026250 0.071111
1 0.743750 0.235556 0.025000 0.048889
1 0.821875 0.247778 0.028750 0.051111
1 0.830625 0.306667 0.028750 0.071111
1 0.858750 0.263333 0.017500 0.068889
1 0.878125 0.246667 0.018750 0.066667
1 0.788750 0.247778 0.025000 0.068889
0 0.344375 0.385556 0.126250 0.148889
0 0.176250 0.397778 0.110000 0.137778
3 0.092500 0.256667 0.117500 0.180000
4 0.197500 0.281111 0.110000 0.104444
0 0.792500 0.186667 0.040000 0.044444
