1 0.463125 0.641111 0.041250 0.215556
1 0.574375 0.438889 0.048750 0.157778
1 0.468750 0.416667 0.037500 0.122222
1 0.360000 0.433333 0.040000 0.146667
1 0.420000 0.512222 0.042500 0.180000
1 0.361875 0.621111 0.048750 0.224444
1 0.048750 0.305556 0.032500 0.100000
1 0.011875 0.316667 0.021250 0.100000
1 0.113750 0.226667 0.030000 0.062222
1 0.328125 0.266667 0.058750 0.071111
1 0.666875 0.270000 0.021250 0.068889
1 0.837500 0.373333 0.032500 0.102222
1 0.740000 0.236667 0.015000 0.060000
1 0.711250 0.244444 0.017500 0.066667
1 0.681250 0.236667 0.020000 0.055556
1 0.755000 0.215556 0.015000 0.053333
1 0.843750 0.187778 0.012500 0.037778
1 0.830000 0.176667 0.010000 0.033333
1 0.473125 0.350000 0.038750 0.091111
1 0.072500 0.240000 0.022500 0.071111
1 0.059375 0.218889 0.018750 0.064444
1 0.031250 0.198889 0.020000 0.064444
1 0.013750 0.207778 0.017500 0.060000
1 0.951250 0.863333 0.097500 0.237778
0 0.665000 0.788889 0.252500 0.422222
3 0.796250 0.577778 0.172500 0.244444
0 0.800000 0.212222 0.042500 0.060000
