1 0.660000 0.612222 0.092500 0.184444
1 0.415000 0.711111 0.060000 0.248889
1 0.257500 0.730000 0.077500 0.282222
1 0.176875 0.758889 0.073750 0.264444
1 0.072500 0.402222 0.040000 0.128889
1 0.026250 0.335556 0.045000 0.115556
1 0.225000 0.297778 0.040000 0.088889
1 0.268125 0.285556 0.036250 0.091111
1 0.318750 0.321111 0.042500 0.100000
1 0.420625 0.322222 0.046250 0.097778
1 0.529375 0.464444 0.058750 0.146667
1 0.608750 0.283333 0.027500 0.082222
1 0.823125 0.345556 0.028750 0.086667
1 0.823125 0.253333 0.026250 0.066667
1 0.870625 0.241111 0.021250 0.068889
1 0.143750 0.234444 0.030000 0.077778
1 0.083750 0.203333 0.022500 0.068889
1 0.009375 0.193333 0.016250 0.071111
