0 0.420625 0.610000 0.221250 0.277778
1 0.948125 0.430000 0.051250 0.153333
1 0.853750 0.310000 0.027500 0.122222
1 0.730625 0.284444 0.031250 0.093333
1 0.586875 0.272222 0.023750 0.091111
1 0.571875 0.403333 0.056250 0.104444
1 0.565000 0.326667 0.042500 0.088889
1 0.492500 0.342222 0.042500 0.124444
1 0.432500 0.363333 0.042500 0.135556
1 0.188750 0.611111 0.062500 0.222222
1 0.041250 0.296667 0.035000 0.113333
1 0.216875 0.226667 0.038750 0.088889
1 0.200625 0.201111 0.026250 0.064444
1 0.157500 0.210000 0.032500 0.073333
1 0.163125 0.183333 0.028750 0.064444
1 0.050625 0.151111 0.026250 0.062222
