1 0.180625 0.515556 0.051250 0.173333
1 0.105000 0.533333 0.062500 0.182222
1 0.345625 0.367778 0.043750 0.077778
1 0.356250 0.418889 0.050000 0.113333
1 0.496875 0.487778 0.063750 0.148889
1 0.587500 0.494444 0.037500 0.153333
1 0.650000 0.517778 0.045000 0.164444
1 0.862500 0.680000 0.087500 0.213333
1 0.846875 0.416667 0.041250 0.122222
1 0.682500 0.248889 0.025000 0.071111
1 0.618125 0.301111 0.033750 0.091111
1 0.561250 0.397778 0.037500 0.133333
1 0.526875 0.365556 0.036250 0.126667
1 0.509375 0.306667 0.031250 0.097778
1 0.168125 0.230000 0.028750 0.077778
1 0.085625 0.343333 0.038750 0.108889
1 0.064375 0.384444 0.041250 0.124444
1 0.031875 0.244444 0.026250 0.084444
1 0.056875 0.228889 0.028750 0.080000
1 0.093125 0.207778 0.026250 0.064444
1 0.034375 0.186667 0.021250 0.062222
1 0.789375 0.223333 0.016250 0.068889
1 0.827500 0.195556 0.015000 0.048889
1 0.843750 0.184444 0.015000 0.048889
1 0.769375 0.216667 0.023750 0.064444
