1 0.150000 0.621111 0.050000 0.184444
1 0.130000 0.497778 0.047500 0.137778
1 0.531250 0.582222 0.055000 0.217778
1 0.573750 0.528889 0.065000 0.160000
1 0.660000 0.444444 0.062500 0.115556
1 0.715000 0.561111 0.052500 0.206667
1 0.759375 0.525556 0.048750 0.148889
1 0.911250 0.462222 0.057500 0.120000
1 0.810625 0.406667 0.033750 0.106667
1 0.808750 0.354444 0.050000 0.086667
1 0.691875 0.334444 0.036250 0.082222
1 0.659375 0.240000 0.028750 0.062222
1 0.767500 0.207778 0.022500 0.046667
1 0.821250 0.198889 0.015000 0.046667
1 0.846875 0.186667 0.016250 0.044444
1 0.415000 0.370000 0.055000 0.108889
1 0.370000 0.328889 0.050000 0.111111
1 0.251250 0.325556 0.035000 0.091111
1 0.284375 0.288889 0.038750 0.080000
1 0.245625 0.280000 0.036250 0.080000
1 0.225000 0.258889 0.030000 0.082222
1 0.191250 0.312222 0.035000 0.126667
1 0.063125 0.236667 0.021250 0.077778
1 0.077500 0.208889 0.022500 0.057778
0 0.775625 0.287778 0.066250 0.095556
