1 0.141875 0.383333 0.048750 0.135556
1 0.179375 0.541111 0.061250 0.193333
1 0.161875 0.703333 0.071250 0.220000
1 0.537500 0.581111 0.045000 0.193333
1 0.459375 0.440000 0.048750 0.164444
1 0.546250 0.306667 0.055000 0.088889
1 0.721250 0.244444 0.025000 0.062222
1 0.636250 0.747778 0.062500 0.237778
1 0.661250 0.618889 0.065000 0.188889
1 0.776875 0.600000 0.083750 0.200000
1 0.910000 0.456667 0.042500 0.131111
1 0.938750 0.698889 0.095000 0.202222
1 0.946250 0.896667 0.107500 0.197778
1 0.801250 0.347778 0.027500 0.091111
1 0.823750 0.320000 0.025000 0.080000
1 0.799375 0.256667 0.026250 0.073333
1 0.749375 0.221111 0.018750 0.060000
1 0.819375 0.197778 0.016250 0.044444
1 0.841875 0.194444 0.016250 0.046667
1 0.857500 0.238889 0.022500 0.060000
1 0.011875 0.246667 0.021250 0.084444
2 0.876250 0.243333 0.022500 0.064444
4 0.070000 0.217778 0.077500 0.093333
