1 0.960625 0.651111 0.078750 0.182222
1 0.885625 0.428889 0.046250 0.137778
1 0.480000 0.402222 0.065000 0.120000
1 0.633125 0.384444 0.028750 0.115556
1 0.621875 0.334444 0.026250 0.108889
1 0.604375 0.315556 0.026250 0.102222
1 0.558125 0.331111 0.033750 0.093333
1 0.543125 0.283333 0.038750 0.082222
1 0.370000 0.335556 0.047500 0.111111
1 0.095000 0.421111 0.042500 0.126667
1 0.014375 0.357778 0.026250 0.120000
1 0.018750 0.253333 0.027500 0.080000
1 0.060000 0.204444 0.030000 0.071111
1 0.718750 0.230000 0.022500 0.060000
1 0.786250 0.201111 0.017500 0.055556
1 0.808125 0.200000 0.016250 0.057778
1 0.834375 0.187778 0.013750 0.051111
3 0.692500 0.576667 0.175000 0.282222
