1 0.212500 0.741111 0.075000 0.255556
1 0.659375 0.687778 0.068750 0.233333
1 0.936250 0.644444 0.095000 0.204444
1 0.591875 0.464444 0.046250 0.151111
1 0.636875 0.372222 0.033750 0.113333
1 0.637500 0.311111 0.042500 0.088889
1 0.550625 0.322222 0.053750 0.075556
1 0.503750 0.300000 0.055000 0.084444
1 0.251250 0.304444 0.032500 0.093333
1 0.055000 0.395556 0.045000 0.124444
1 0.040625 0.243333 0.028750 0.077778
1 0.067500 0.194444 0.025000 0.060000
1 0.822500 0.327778 0.030000 0.086667
1 0.835000 0.294444 0.020000 0.060000
1 0.865000 0.272222 0.022500 0.060000
1 0.818750 0.231111 0.032500 0.053333
1 0.845000 0.248889 0.020000 0.062222
1 0.772500 0.213333 0.020000 0.053333
1 0.801250 0.202222 0.015000 0.053333
1 0.788125 0.196667 0.013750 0.051111
1 0.745000 0.225556 0.020000 0.060000
1 0.729375 0.220000 0.016250 0.062222
1 0.423750 0.285556 0.057500 0.086667
1 0.012500 0.176667 0.015000 0.060000
0 0.078125 0.330000 0.096250 0.113333
