1 0.887500 0.603333 0.087500 0.171111
1 0.942500 0.528889 0.055000 0.160000
1 0.818125 0.385556 0.041250 0.108889
1 0.868125 0.245556 0.021250 0.077778
1 0.726250 0.247778 0.022500 0.060000
1 0.640000 0.466667 0.037500 0.151111
1 0.544375 0.525556 0.063750 0.148889
1 0.198125 0.825556 0.073750 0.264444
1 0.060625 0.430000 0.038750 0.140000
1 0.077500 0.353333 0.040000 0.115556
1 0.135000 0.232222 0.032500 0.077778
1 0.232500 0.314444 0.037500 0.095556
1 0.292500 0.315556 0.030000 0.075556
1 0.297500 0.268889 0.047500 0.062222
1 0.476250 0.266667 0.050000 0.057778
1 0.548125 0.305556 0.053750 0.064444
1 0.624375 0.295556 0.046250 0.057778
1 0.623125 0.341111 0.026250 0.077778
1 0.600000 0.403333 0.032500 0.122222
1 0.552500 0.407778 0.032500 0.108889
1 0.538750 0.352222 0.032500 0.086667
1 0.433750 0.340000 0.052500 0.088889
1 0.468750 0.308889 0.060000 0.071111
1 0.389375 0.351111 0.046250 0.093333
1 0.351250 0.396667 0.050000 0.100000
1 0.325625 0.358889 0.038750 0.095556
1 0.354375 0.321111 0.038750 0.082222
1 0.091875 0.217778 0.028750 0.066667
1 0.021875 0.193333 0.011250 0.066667
1 0.015000 0.234444 0.022500 0.082222
1 0.031875 0.210000 0.018750 0.064444
1 0.682500 0.262222 0.025000 0.062222
1 0.630000 0.262222 0.022500 0.062222
1 0.846875 0.184444 0.016250 0.044444
1 0.774375 0.214444 0.021250 0.051111
