3 0.853750 0.173333 0.052500 0.093333
3 0.485000 0.392222 0.082500 0.157778
3 0.141250 0.265556 0.132500 0.193333
0 0.052500 0.233333 0.067500 0.088889
0 0.038750 0.154444 0.060000 0.077778
1 0.902500 0.375556 0.055000 0.124444
1 0.833125 0.580000 0.078750 0.208889
1 0.522500 0.880000 0.090000 0.240000
1 0.620000 0.491111 0.057500 0.182222
1 0.554375 0.323333 0.028750 0.117778
1 0.611875 0.275556 0.028750 0.088889
1 0.680625 0.238889 0.026250 0.091111
1 0.710625 0.244444 0.026250 0.097778
1 0.584375 0.243333 0.048750 0.073333
1 0.528750 0.216667 0.047500 0.064444
1 0.106875 0.400000 0.053750 0.137778
1 0.047500 0.343333 0.037500 0.122222
1 0.015625 0.285556 0.028750 0.122222
