1 0.795625 0.677778 0.096250 0.186667
1 0.791250 0.505556 0.072500 0.157778
1 0.663125 0.463333 0.066250 0.122222
1 0.621875 0.525556 0.071250 0.148889
1 0.577500 0.456667 0.062500 0.122222
1 0.550000 0.404444 0.055000 0.111111
1 0.549375 0.321111 0.031250 0.095556
1 0.321875 0.765556 0.073750 0.273333
1 0.350625 0.623333 0.068750 0.215556
1 0.408750 0.504444 0.042500 0.177778
1 0.151250 0.492222 0.055000 0.162222
1 0.065625 0.410000 0.046250 0.144444
1 0.083750 0.201111 0.032500 0.073333
1 0.861250 0.247778 0.022500 0.060000
1 0.927500 0.490000 0.052500 0.131111
1 0.698125 0.241111 0.023750 0.064444
1 0.784375 0.206667 0.018750 0.057778
1 0.730625 0.222222 0.021250 0.057778
0 0.542500 0.593333 0.135000 0.257778
0 0.025000 0.194444 0.047500 0.073333
