1 0.918125 0.773333 0.121250 0.235556
1 0.813125 0.593333 0.093750 0.195556
1 0.856250 0.347778 0.030000 0.091111
1 0.844375 0.286667 0.026250 0.088889
1 0.876875 0.216667 0.018750 0.064444
1 0.851250 0.148889 0.010000 0.040000
1 0.773750 0.170000 0.017500 0.051111
1 0.750625 0.185556 0.013750 0.064444
1 0.698750 0.212222 0.027500 0.077778
1 0.645000 0.220000 0.027500 0.084444
1 0.478125 0.388889 0.053750 0.120000
1 0.448125 0.316667 0.046250 0.100000
1 0.480625 0.220000 0.041250 0.080000
1 0.391875 0.356667 0.046250 0.117778
1 0.333125 0.297778 0.041250 0.115556
1 0.099375 0.381111 0.038750 0.131111
1 0.192500 0.238889 0.032500 0.095556
1 0.158750 0.210000 0.022500 0.077778
1 0.134375 0.186667 0.026250 0.071111
1 0.088125 0.185556 0.026250 0.086667
1 0.033125 0.162222 0.028750 0.075556
0 0.831250 0.190000 0.095000 0.091111
