1 0.850000 0.728889 0.100000 0.226667
1 0.243125 0.821111 0.076250 0.304444
1 0.176250 0.508889 0.052500 0.164444
1 0.097500 0.424444 0.045000 0.133333
1 0.591875 0.492222 0.038750 0.175556
1 0.421250 0.476667 0.057500 0.148889
1 0.480625 0.467778 0.053750 0.131111
1 0.519375 0.426667 0.033750 0.128889
1 0.524375 0.351111 0.033750 0.097778
1 0.617500 0.341111 0.027500 0.095556
1 0.685625 0.275556 0.026250 0.080000
1 0.651250 0.247778 0.025000 0.068889
1 0.614375 0.275556 0.036250 0.080000
1 0.201875 0.315556 0.031250 0.088889
1 0.224375 0.300000 0.026250 0.080000
1 0.257500 0.282222 0.037500 0.080000
1 0.185625 0.253333 0.026250 0.066667
1 0.136875 0.242222 0.023750 0.075556
1 0.083125 0.283333 0.031250 0.082222
1 0.030000 0.190000 0.022500 0.060000
1 0.771250 0.217778 0.020000 0.053333
1 0.840000 0.183333 0.015000 0.037778
1 0.841250 0.285556 0.025000 0.060000
1 0.804375 0.252222 0.018750 0.046667
1 0.833750 0.256667 0.032500 0.064444
1 0.813750 0.191111 0.012500 0.031111
0 0.820625 0.237778 0.068750 0.062222
