1 0.116250 0.570000 0.062500 0.193333
1 0.031250 0.402222 0.045000 0.128889
1 0.089375 0.267778 0.036250 0.086667
1 0.017500 0.202222 0.025000 0.066667
1 0.193750 0.256667 0.030000 0.077778
1 0.498125 0.390000 0.053750 0.113333
1 0.646875 0.552222 0.076250 0.175556
1 0.911250 0.526667 0.052500 0.164444
1 0.828750 0.451111 0.040000 0.128889
1 0.820625 0.304444 0.026250 0.084444
1 0.834375 0.267778 0.018750 0.073333
1 0.860625 0.230000 0.016250 0.055556
1 0.566875 0.353333 0.026250 0.115556
1 0.611875 0.306667 0.028750 0.088889
1 0.936875 0.482222 0.038750 0.146667
1 0.883125 0.236667 0.016250 0.051111
1 0.758750 0.216667 0.017500 0.055556
1 0.798125 0.196667 0.016250 0.046667
1 0.845000 0.181111 0.012500 0.037778
1 0.826250 0.186667 0.022500 0.044444
0 0.196250 0.395556 0.130000 0.177778
