0 0.857500 0.681111 0.285000 0.273333
1 0.461250 0.834444 0.080000 0.300000
1 0.564375 0.422222 0.048750 0.133333
1 0.565000 0.354444 0.032500 0.104444
1 0.612500 0.315556 0.037500 0.111111
1 0.581875 0.257778 0.048750 0.080000
1 0.491875 0.263333 0.036250 0.082222
1 0.429375 0.342222 0.051250 0.120000
1 0.366250 0.286667 0.050000 0.097778
1 0.400000 0.223333 0.050000 0.068889
1 0.485625 0.223333 0.038750 0.068889
1 0.253125 0.272222 0.033750 0.091111
1 0.283125 0.247778 0.036250 0.091111
1 0.242500 0.222222 0.027500 0.071111
1 0.865625 0.320000 0.033750 0.111111
1 0.825625 0.153333 0.018750 0.048889
1 0.008750 0.138889 0.015000 0.060000
