3 0.032500 0.151111 0.062500 0.142222
0 0.428750 0.752222 0.240000 0.415556
3 0.834375 0.198889 0.048750 0.086667
1 0.900000 0.383333 0.035000 0.144444
1 0.965625 0.512222 0.063750 0.175556
1 0.791250 0.521111 0.087500 0.166667
1 0.220625 0.517778 0.063750 0.186667
1 0.145000 0.550000 0.062500 0.197778
1 0.185000 0.273333 0.040000 0.097778
1 0.256250 0.255556 0.042500 0.097778
1 0.370000 0.222222 0.052500 0.071111
1 0.485625 0.405556 0.066250 0.140000
1 0.531875 0.321111 0.028750 0.122222
1 0.567500 0.284444 0.035000 0.097778
1 0.648125 0.236667 0.023750 0.086667
1 0.733750 0.188889 0.020000 0.066667
1 0.664375 0.195556 0.023750 0.062222
1 0.151875 0.184444 0.026250 0.066667
1 0.088750 0.167778 0.025000 0.068889
