1 0.664375 0.855556 0.088750 0.288889
1 0.223750 0.895556 0.077500 0.208889
1 0.110625 0.492222 0.063750 0.162222
1 0.590625 0.543333 0.081250 0.180000
1 0.621875 0.342222 0.031250 0.102222
1 0.566250 0.358889 0.032500 0.104444
1 0.455625 0.375556 0.058750 0.115556
1 0.385000 0.340000 0.050000 0.088889
1 0.341250 0.384444 0.077500 0.124444
1 0.201250 0.288889 0.037500 0.093333
1 0.137500 0.284444 0.037500 0.080000
1 0.114375 0.235556 0.021250 0.071111
1 0.130000 0.226667 0.025000 0.075556
1 0.155625 0.223333 0.023750 0.073333
1 0.672500 0.242222 0.022500 0.071111
1 0.745625 0.221111 0.023750 0.060000
1 0.838750 0.320000 0.027500 0.093333
1 0.836250 0.232222 0.022500 0.055556
1 0.868750 0.235556 0.017500 0.057778
1 0.848750 0.271111 0.020000 0.071111
1 0.081875 0.358889 0.043750 0.108889
1 0.018750 0.200000 0.025000 0.057778
0 0.800000 0.263333 0.060000 0.073333
0 0.064375 0.236667 0.058750 0.073333
