0 0.775625 0.330000 0.081250 0.108889
0 0.818750 0.222222 0.055000 0.075556
1 0.715000 0.690000 0.142500 0.202222
1 0.913125 0.678889 0.096250 0.193333
1 0.954375 0.804444 0.091250 0.200000
1 0.615625 0.404444 0.046250 0.133333
1 0.383750 0.342222 0.052500 0.097778
1 0.130000 0.440000 0.055000 0.164444
1 0.060000 0.341111 0.042500 0.122222
1 0.021875 0.210000 0.033750 0.091111
1 0.073750 0.148889 0.030000 0.066667
1 0.386250 0.265556 0.045000 0.077778
1 0.416875 0.308889 0.053750 0.097778
1 0.528750 0.257778 0.060000 0.071111
1 0.565625 0.271111 0.038750 0.102222
1 0.638125 0.241111 0.031250 0.082222
1 0.716875 0.251111 0.043750 0.084444
1 0.684375 0.221111 0.028750 0.082222
1 0.776250 0.163333 0.017500 0.046667
1 0.760000 0.171111 0.017500 0.048889
1 0.856875 0.133333 0.018750 0.040000
