1 0.299375 0.887778 0.083750 0.224444
1 0.216250 0.727778 0.075000 0.260000
1 0.580000 0.382222 0.062500 0.115556
1 0.561875 0.267778 0.023750 0.108889
1 0.460000 0.384444 0.072500 0.111111
1 0.439375 0.227778 0.051250 0.073333
1 0.361250 0.224444 0.050000 0.080000
1 0.013125 0.252222 0.023750 0.100000
1 0.029375 0.145556 0.018750 0.055556
1 0.013125 0.138889 0.018750 0.055556
1 0.836250 0.306667 0.032500 0.097778
1 0.641875 0.250000 0.026250 0.073333
1 0.658125 0.231111 0.026250 0.062222
1 0.687500 0.214444 0.025000 0.064444
1 0.752500 0.194444 0.020000 0.060000
1 0.770000 0.168889 0.022500 0.048889
1 0.798125 0.168889 0.021250 0.053333
1 0.808750 0.227778 0.022500 0.068889
1 0.830000 0.212222 0.020000 0.064444
1 0.868750 0.206667 0.020000 0.053333
1 0.847500 0.181111 0.015000 0.055556
3 0.835000 0.611111 0.330000 0.515556
0 0.837500 0.153333 0.042500 0.057778
