4 0.738125 0.218889 0.068750 0.095556
4 0.836250 0.228889 0.052500 0.075556
0 0.769375 0.322222 0.051250 0.102222
0 0.591250 0.346667 0.082500 0.133333
0 0.791250 0.192222 0.037500 0.046667
1 0.845625 0.295556 0.021250 0.075556
1 0.851250 0.365556 0.035000 0.095556
1 0.812500 0.507778 0.075000 0.153333
1 0.785625 0.667778 0.101250 0.184444
1 0.586875 0.547778 0.043750 0.193333
1 0.546875 0.311111 0.033750 0.088889
1 0.393125 0.410000 0.048750 0.131111
1 0.186875 0.475556 0.048750 0.160000
1 0.163125 0.628889 0.063750 0.213333
1 0.042500 0.368889 0.037500 0.115556
1 0.060625 0.273333 0.036250 0.088889
1 0.138750 0.235556 0.030000 0.084444
1 0.186250 0.243333 0.025000 0.077778
1 0.075000 0.238889 0.022500 0.073333
1 0.091875 0.226667 0.026250 0.071111
1 0.013750 0.190000 0.022500 0.060000
