1 0.569375 0.440000 0.061250 0.142222
1 0.426250 0.405556 0.040000 0.153333
1 0.121250 0.470000 0.055000 0.153333
1 0.073750 0.367778 0.040000 0.126667
1 0.113750 0.166667 0.027500 0.071111
1 0.546250 0.273333 0.055000 0.084444
1 0.740000 0.275556 0.032500 0.093333
1 0.779375 0.240000 0.026250 0.066667
1 0.851875 0.326667 0.028750 0.115556
1 0.873750 0.185556 0.022500 0.060000
1 0.848750 0.175556 0.017500 0.071111
0 0.655625 0.245556 0.071250 0.095556
0 0.776250 0.174444 0.042500 0.060000
0 0.811875 0.200000 0.051250 0.062222
