0 0.605625 0.357778 0.086250 0.133333
0 0.765625 0.216667 0.053750 0.068889
1 0.894375 0.413333 0.033750 0.097778
1 0.896875 0.495556 0.058750 0.120000
1 0.888750 0.655556 0.085000 0.191111
1 0.810625 0.341111 0.026250 0.108889
1 0.846875 0.308889 0.023750 0.088889
1 0.833750 0.184444 0.015000 0.048889
1 0.565000 0.318889 0.027500 0.100000
1 0.563125 0.462222 0.061250 0.137778
1 0.522500 0.343333 0.030000 0.108889
1 0.485625 0.273333 0.043750 0.062222
1 0.403125 0.274444 0.043750 0.055556
1 0.462500 0.437778 0.055000 0.120000
1 0.446875 0.597778 0.038750 0.213333
1 0.210625 0.620000 0.063750 0.186667
1 0.183125 0.733333 0.071250 0.244444
1 0.106250 0.352222 0.070000 0.104444
1 0.401250 0.391111 0.047500 0.111111
1 0.382500 0.336667 0.047500 0.073333
1 0.323750 0.312222 0.065000 0.091111
1 0.173750 0.246667 0.035000 0.080000
1 0.108750 0.223333 0.027500 0.068889
1 0.078750 0.207778 0.022500 0.064444
1 0.847500 0.177778 0.012500 0.044444
