1 0.687500 0.528889 0.075000 0.155556
1 0.361250 0.636667 0.060000 0.233333
1 0.091250 0.441111 0.047500 0.140000
1 0.160000 0.354444 0.047500 0.122222
1 0.251875 0.300000 0.043750 0.093333
1 0.165625 0.252222 0.028750 0.086667
1 0.017500 0.340000 0.032500 0.111111
1 0.083750 0.245556 0.022500 0.082222
1 0.096875 0.227778 0.018750 0.073333
1 0.131250 0.225556 0.020000 0.073333
1 0.065000 0.196667 0.025000 0.082222
1 0.588125 0.374444 0.026250 0.117778
1 0.646250 0.281111 0.040000 0.077778
1 0.821250 0.285556 0.030000 0.077778
1 0.850625 0.407778 0.041250 0.108889
1 0.845625 0.318889 0.023750 0.073333
1 0.835625 0.185556 0.018750 0.046667
2 0.763125 0.458889 0.068750 0.126667
4 0.437500 0.372222 0.227500 0.255556
0 0.028125 0.212222 0.053750 0.073333
1 0.557500 0.253333 0.040000 0.066667
0 0.790000 0.193333 0.042500 0.053333
