0 0.632500 0.251111 0.075000 0.075556
1 0.895000 0.377778 0.045000 0.111111
1 0.717500 0.614444 0.090000 0.197778
1 0.635625 0.444444 0.073750 0.142222
1 0.594375 0.343333 0.033750 0.117778
1 0.540625 0.268889 0.036250 0.097778
1 0.532500 0.444444 0.062500 0.146667
1 0.449375 0.328889 0.046250 0.102222
1 0.406250 0.342222 0.042500 0.128889
1 0.112500 0.440000 0.045000 0.155556
1 0.118125 0.250000 0.028750 0.091111
1 0.138750 0.233333 0.030000 0.093333
1 0.182500 0.222222 0.027500 0.080000
1 0.271250 0.231111 0.035000 0.080000
1 0.157500 0.197778 0.032500 0.093333
1 0.045625 0.206667 0.028750 0.084444
1 0.020000 0.130000 0.017500 0.064444
1 0.708750 0.214444 0.030000 0.064444
1 0.748125 0.183333 0.018750 0.060000
1 0.860625 0.142222 0.018750 0.048889
