1 0.176875 0.658889 0.066250 0.233333
1 0.228125 0.543333 0.053750 0.197778
1 0.535625 0.874444 0.101250 0.251111
1 0.678125 0.883333 0.096250 0.233333
1 0.897500 0.414444 0.057500 0.131111
1 0.873125 0.352222 0.041250 0.104444
1 0.845625 0.191111 0.026250 0.066667
1 0.870000 0.170000 0.020000 0.046667
1 0.892500 0.173333 0.017500 0.057778
1 0.791875 0.170000 0.016250 0.051111
1 0.776875 0.150000 0.013750 0.046667
1 0.765000 0.180000 0.020000 0.066667
1 0.705000 0.214444 0.030000 0.082222
1 0.600000 0.303333 0.037500 0.108889
1 0.550625 0.286667 0.028750 0.102222
1 0.595625 0.210000 0.036250 0.060000
1 0.346250 0.274444 0.047500 0.095556
1 0.305625 0.275556 0.041250 0.088889
1 0.103750 0.177778 0.020000 0.066667
1 0.118750 0.162222 0.020000 0.057778
1 0.070625 0.154444 0.023750 0.073333
0 0.756875 0.603333 0.253750 0.268889
2 0.868125 0.216667 0.028750 0.064444
2 0.408125 0.223333 0.048750 0.073333
