1 0.765625 0.690000 0.098750 0.206667
1 0.921875 0.735556 0.118750 0.208889
1 0.911250 0.474444 0.045000 0.126667
1 0.135000 0.507778 0.055000 0.166667
1 0.021250 0.358889 0.037500 0.122222
1 0.247500 0.304444 0.030000 0.084444
1 0.150625 0.294444 0.041250 0.073333
1 0.205625 0.243333 0.023750 0.073333
1 0.231875 0.246667 0.023750 0.071111
1 0.576875 0.275556 0.023750 0.071111
1 0.700000 0.258889 0.032500 0.068889
1 0.813750 0.356667 0.032500 0.082222
1 0.855000 0.323333 0.027500 0.077778
1 0.789375 0.300000 0.021250 0.075556
1 0.803125 0.277778 0.018750 0.062222
1 0.786250 0.253333 0.017500 0.062222
1 0.774375 0.244444 0.016250 0.071111
1 0.658125 0.234444 0.021250 0.064444
1 0.860625 0.245556 0.021250 0.055556
1 0.842500 0.257778 0.017500 0.066667
1 0.807500 0.227778 0.017500 0.051111
0 0.811875 0.507778 0.143750 0.162222
0 0.611875 0.306667 0.078750 0.111111
0 0.140625 0.264444 0.086250 0.071111
