0 0.581250 0.348889 0.087500 0.137778
1 0.197500 0.694444 0.067500 0.237778
1 0.393125 0.727778 0.076250 0.237778
1 0.643750 0.540000 0.050000 0.173333
1 0.585000 0.444444 0.040000 0.128889
1 0.488750 0.457778 0.062500 0.137778
1 0.346250 0.468889 0.052500 0.128889
1 0.379375 0.431111 0.048750 0.111111
1 0.348750 0.324444 0.060000 0.075556
1 0.402500 0.402222 0.037500 0.102222
1 0.495625 0.315556 0.033750 0.093333
1 0.531875 0.335556 0.028750 0.097778
1 0.556875 0.291111 0.026250 0.080000
1 0.688125 0.276667 0.031250 0.073333
1 0.680000 0.244444 0.022500 0.062222
1 0.813125 0.192222 0.018750 0.046667
1 0.851250 0.258889 0.020000 0.068889
1 0.879375 0.228889 0.021250 0.057778
1 0.975000 0.567778 0.050000 0.166667
1 0.043125 0.348889 0.043750 0.111111
1 0.268750 0.272222 0.035000 0.068889
1 0.205000 0.313333 0.035000 0.093333
1 0.236875 0.310000 0.031250 0.082222
1 0.127500 0.210000 0.022500 0.064444
1 0.898750 0.490000 0.052500 0.117778
