0 0.864375 0.513333 0.176250 0.217778
1 0.299375 0.797778 0.076250 0.262222
1 0.679375 0.855556 0.098750 0.288889
1 0.731875 0.724444 0.126250 0.195556
1 0.957500 0.745556 0.085000 0.215556
1 0.710625 0.556667 0.051250 0.171111
1 0.699375 0.406667 0.051250 0.124444
1 0.657500 0.455556 0.040000 0.155556
1 0.570625 0.531111 0.073750 0.173333
1 0.240000 0.614444 0.057500 0.197778
1 0.106250 0.462222 0.045000 0.151111
1 0.147500 0.286667 0.040000 0.088889
1 0.240625 0.257778 0.043750 0.066667
1 0.589375 0.361111 0.033750 0.108889
1 0.482500 0.377778 0.060000 0.111111
1 0.517500 0.345556 0.050000 0.091111
1 0.458125 0.324444 0.058750 0.088889
1 0.391250 0.356667 0.045000 0.104444
1 0.381250 0.303333 0.050000 0.073333
1 0.353750 0.298889 0.035000 0.077778
1 0.114375 0.223333 0.028750 0.073333
1 0.035625 0.184444 0.026250 0.053333
1 0.015625 0.190000 0.021250 0.064444
1 0.705000 0.236667 0.027500 0.064444
1 0.810625 0.305556 0.033750 0.073333
1 0.820000 0.363333 0.035000 0.095556
1 0.849375 0.348889 0.038750 0.093333
1 0.838750 0.241111 0.025000 0.060000
1 0.838750 0.187778 0.017500 0.042222
1 0.742500 0.227778 0.027500 0.073333
