0 0.805625 0.413333 0.098750 0.151111
1 0.840000 0.334444 0.025000 0.077778
1 0.856250 0.243333 0.020000 0.077778
1 0.822500 0.244444 0.017500 0.066667
1 0.798125 0.243333 0.021250 0.077778
1 0.756250 0.218889 0.022500 0.060000
1 0.688125 0.237778 0.026250 0.071111
1 0.625625 0.307778 0.028750 0.095556
1 0.626875 0.251111 0.031250 0.053333
1 0.504375 0.345556 0.051250 0.104444
1 0.574375 0.448889 0.048750 0.120000
1 0.627500 0.512222 0.075000 0.153333
1 0.771875 0.634444 0.088750 0.180000
1 0.831875 0.613333 0.081250 0.173333
1 0.606250 0.742222 0.082500 0.253333
1 0.509375 0.560000 0.048750 0.182222
1 0.461875 0.475556 0.041250 0.164444
1 0.285625 0.357778 0.041250 0.102222
1 0.298125 0.300000 0.036250 0.106667
1 0.241250 0.316667 0.057500 0.086667
1 0.195000 0.281111 0.030000 0.082222
1 0.041875 0.231111 0.023750 0.071111
1 0.081250 0.283333 0.027500 0.082222
1 0.122500 0.297778 0.035000 0.080000
1 0.097500 0.268889 0.025000 0.066667
1 0.140000 0.262222 0.027500 0.084444
1 0.163750 0.255556 0.022500 0.084444
1 0.226250 0.256667 0.027500 0.073333
1 0.101875 0.216667 0.026250 0.060000
