1 0.780000 0.537778 0.080000 0.186667
1 0.918750 0.596667 0.087500 0.193333
1 0.972500 0.488889 0.055000 0.164444
1 0.519375 0.451111 0.053750 0.177778
1 0.586875 0.420000 0.043750 0.164444
1 0.678750 0.367778 0.047500 0.126667
1 0.651875 0.440000 0.053750 0.120000
1 0.693125 0.254444 0.038750 0.095556
1 0.763125 0.237778 0.036250 0.071111
1 0.852500 0.243333 0.027500 0.077778
1 0.868750 0.203333 0.017500 0.064444
1 0.813750 0.193333 0.017500 0.071111
1 0.772500 0.186667 0.022500 0.066667
1 0.757500 0.172222 0.020000 0.068889
1 0.725000 0.181111 0.027500 0.055556
1 0.736875 0.221111 0.028750 0.073333
1 0.030000 0.287778 0.045000 0.108889
1 0.171875 0.181111 0.018750 0.055556
0 0.655000 0.684444 0.185000 0.333333
0 0.208750 0.228889 0.102500 0.075556
