0 0.587500 0.525556 0.147500 0.273333
0 0.688125 0.451111 0.193750 0.191111
0 0.927500 0.491111 0.145000 0.177778
0 0.748125 0.165556 0.056250 0.068889
1 0.422500 0.526667 0.047500 0.208889
1 0.464375 0.395556 0.041250 0.155556
1 0.520625 0.292222 0.043750 0.086667
1 0.647500 0.272222 0.032500 0.086667
1 0.803750 0.171111 0.015000 0.057778
1 0.780000 0.180000 0.017500 0.057778
1 0.383750 0.223333 0.052500 0.068889
1 0.218750 0.284444 0.047500 0.088889
1 0.179375 0.266667 0.043750 0.080000
1 0.108750 0.185556 0.020000 0.068889
1 0.089375 0.161111 0.018750 0.064444
