1 0.846250 0.406667 0.040000 0.111111
1 0.603750 0.584444 0.055000 0.186667
1 0.603750 0.460000 0.062500 0.128889
1 0.568750 0.353333 0.035000 0.111111
1 0.393750 0.384444 0.080000 0.115556
1 0.265625 0.588889 0.051250 0.195556
1 0.133750 0.625556 0.057500 0.193333
1 0.045000 0.344444 0.037500 0.106667
1 0.050625 0.193333 0.018750 0.053333
1 0.079375 0.200000 0.021250 0.057778
1 0.143750 0.266667 0.030000 0.071111
1 0.119375 0.246667 0.021250 0.075556
1 0.189375 0.302222 0.051250 0.080000
1 0.181250 0.251111 0.025000 0.066667
1 0.212500 0.281111 0.025000 0.082222
1 0.286875 0.297778 0.028750 0.075556
1 0.241250 0.326667 0.037500 0.088889
1 0.787500 0.195556 0.012500 0.040000
1 0.836875 0.186667 0.013750 0.035556
1 0.802500 0.198889 0.015000 0.051111
2 0.270000 0.347778 0.052500 0.091111
