4 0.223125 0.284444 0.121250 0.133333
0 0.603125 0.353333 0.093750 0.151111
0 0.724375 0.232222 0.071250 0.073333
1 0.865625 0.272222 0.021250 0.060000
1 0.827500 0.191111 0.015000 0.048889
1 0.786250 0.200000 0.020000 0.053333
1 0.828125 0.364444 0.036250 0.102222
1 0.851250 0.405556 0.035000 0.104444
1 0.915000 0.463333 0.050000 0.131111
1 0.973750 0.520000 0.052500 0.146667
1 0.968750 0.757778 0.062500 0.173333
1 0.840000 0.556667 0.062500 0.157778
1 0.730000 0.688889 0.060000 0.226667
1 0.605000 0.532222 0.047500 0.193333
1 0.536250 0.480000 0.045000 0.151111
1 0.483750 0.377778 0.037500 0.133333
1 0.538750 0.343333 0.030000 0.117778
1 0.387500 0.455556 0.057500 0.120000
1 0.155000 0.526667 0.050000 0.177778
1 0.221875 0.344444 0.038750 0.120000
1 0.345625 0.351111 0.038750 0.115556
1 0.032500 0.381111 0.032500 0.117778
1 0.056250 0.355556 0.042500 0.102222
1 0.036250 0.257778 0.037500 0.080000
