4 0.627500 0.356667 0.115000 0.228889
0 0.112500 0.340000 0.100000 0.111111
0 0.017500 0.258889 0.032500 0.082222
0 0.035000 0.226667 0.067500 0.071111
2 0.515625 0.367778 0.041250 0.100000
1 0.710625 0.603333 0.098750 0.184444
1 0.586250 0.534444 0.090000 0.171111
1 0.734375 0.417778 0.038750 0.142222
1 0.916250 0.472222 0.052500 0.135556
1 0.973750 0.666667 0.052500 0.177778
1 0.833125 0.377778 0.028750 0.111111
1 0.851250 0.344444 0.035000 0.097778
1 0.876875 0.243333 0.018750 0.060000
1 0.858125 0.253333 0.023750 0.075556
1 0.731875 0.233333 0.026250 0.071111
1 0.560000 0.366667 0.030000 0.115556
1 0.582500 0.328889 0.025000 0.102222
1 0.583125 0.272222 0.026250 0.077778
1 0.470625 0.377778 0.043750 0.111111
1 0.433125 0.402222 0.041250 0.137778
1 0.230625 0.600000 0.066250 0.208889
1 0.093125 0.464444 0.053750 0.146667
1 0.325625 0.346667 0.041250 0.111111
1 0.267500 0.321111 0.042500 0.104444
1 0.203750 0.296667 0.030000 0.095556
1 0.217500 0.268889 0.030000 0.093333
1 0.123125 0.230000 0.031250 0.082222
1 0.105000 0.210000 0.030000 0.064444
1 0.081250 0.240000 0.032500 0.093333
1 0.015000 0.171111 0.020000 0.048889
0 0.789375 0.187778 0.038750 0.051111
1 0.805000 0.201111 0.017500 0.042222
