0 0.697500 0.217778 0.067500 0.075556
1 0.913125 0.600000 0.093750 0.208889
1 0.646250 0.586667 0.057500 0.217778
1 0.591875 0.895556 0.108750 0.208889
1 0.581875 0.414444 0.078750 0.131111
1 0.593125 0.312222 0.028750 0.108889
1 0.840000 0.222222 0.027500 0.066667
1 0.878125 0.192222 0.021250 0.073333
1 0.811250 0.151111 0.017500 0.057778
1 0.461875 0.273333 0.056250 0.084444
1 0.413750 0.261111 0.047500 0.104444
1 0.146875 0.393333 0.041250 0.128889
1 0.043750 0.356667 0.037500 0.131111
1 0.170625 0.185556 0.023750 0.068889
1 0.124375 0.194444 0.026250 0.077778
1 0.102500 0.170000 0.025000 0.073333
1 0.030000 0.145556 0.020000 0.060000
1 0.008750 0.123333 0.015000 0.060000
