0 0.132500 0.307778 0.090000 0.100000
1 0.920000 0.490000 0.052500 0.135556
1 0.781250 0.643333 0.072500 0.184444
1 0.775625 0.892222 0.101250 0.215556
1 0.660000 0.677778 0.070000 0.231111
1 0.492500 0.690000 0.052500 0.246667
1 0.556250 0.504444 0.050000 0.164444
1 0.485000 0.458889 0.042500 0.162222
1 0.598125 0.342222 0.031250 0.106667
1 0.676250 0.547778 0.057500 0.140000
1 0.850000 0.374444 0.040000 0.108889
1 0.655625 0.465556 0.053750 0.122222
1 0.815625 0.280000 0.026250 0.080000
1 0.843750 0.263333 0.017500 0.060000
1 0.878125 0.244444 0.021250 0.057778
1 0.750625 0.216667 0.018750 0.055556
1 0.812500 0.191111 0.020000 0.048889
1 0.710625 0.228889 0.026250 0.066667
1 0.311250 0.334444 0.035000 0.113333
1 0.275625 0.304444 0.031250 0.088889
1 0.240000 0.280000 0.030000 0.080000
1 0.073125 0.268889 0.028750 0.093333
1 0.105625 0.223333 0.023750 0.064444
1 0.040000 0.181111 0.022500 0.051111
1 0.160625 0.250000 0.021250 0.068889
1 0.180625 0.290000 0.026250 0.077778
1 0.006875 0.195556 0.011250 0.062222
1 0.017500 0.182222 0.012500 0.053333
1 0.070625 0.211111 0.023750 0.053333
