0 0.598125 0.305556 0.083750 0.091111
0 0.057500 0.281111 0.085000 0.108889
1 0.812500 0.338889 0.030000 0.086667
1 0.858750 0.251111 0.020000 0.062222
1 0.743125 0.243333 0.021250 0.064444
1 0.718125 0.233333 0.018750 0.066667
1 0.645000 0.246667 0.025000 0.066667
1 0.631250 0.358889 0.030000 0.100000
1 0.538125 0.352222 0.031250 0.113333
1 0.483750 0.454444 0.057500 0.126667
1 0.474375 0.380000 0.053750 0.088889
1 0.276250 0.493333 0.050000 0.168889
1 0.142500 0.571111 0.052500 0.182222
1 0.128750 0.464444 0.045000 0.133333
1 0.030000 0.392222 0.040000 0.140000
1 0.066875 0.366667 0.043750 0.102222
1 0.118750 0.330000 0.040000 0.100000
1 0.305000 0.351111 0.042500 0.106667
1 0.333750 0.330000 0.035000 0.086667
1 0.307500 0.284444 0.032500 0.075556
1 0.110000 0.211111 0.025000 0.057778
1 0.092500 0.223333 0.025000 0.068889
1 0.045625 0.196667 0.033750 0.068889
1 0.793125 0.200000 0.013750 0.048889
1 0.774375 0.200000 0.013750 0.048889
1 0.760625 0.210000 0.013750 0.060000
2 0.855000 0.361111 0.032500 0.104444
