1 0.400625 0.627778 0.053750 0.228889
1 0.513125 0.898889 0.091250 0.202222
1 0.103750 0.492222 0.047500 0.175556
1 0.035625 0.355556 0.038750 0.128889
1 0.130625 0.287778 0.046250 0.082222
1 0.198125 0.272222 0.036250 0.091111
1 0.513750 0.447778 0.050000 0.148889
1 0.498125 0.363333 0.036250 0.104444
1 0.843125 0.382222 0.031250 0.106667
1 0.805625 0.303333 0.033750 0.091111
1 0.842500 0.310000 0.032500 0.077778
1 0.743125 0.226667 0.023750 0.062222
1 0.783125 0.196667 0.021250 0.046667
1 0.806250 0.193333 0.017500 0.048889
1 0.822500 0.190000 0.015000 0.046667
1 0.838125 0.190000 0.021250 0.046667
1 0.092500 0.230000 0.027500 0.073333
1 0.036250 0.184444 0.027500 0.044444
1 0.021250 0.206667 0.025000 0.062222
