0 0.109375 0.244444 0.081250 0.071111
1 0.523125 0.886667 0.093750 0.226667
1 0.643750 0.503333 0.040000 0.157778
1 0.656250 0.420000 0.037500 0.115556
1 0.603125 0.364444 0.033750 0.115556
1 0.573750 0.337778 0.030000 0.106667
1 0.558750 0.413333 0.030000 0.133333
1 0.531250 0.298889 0.027500 0.091111
1 0.449375 0.444444 0.063750 0.133333
1 0.411875 0.390000 0.058750 0.108889
1 0.382500 0.323333 0.035000 0.086667
1 0.340000 0.397778 0.055000 0.097778
1 0.325000 0.355556 0.037500 0.093333
1 0.315000 0.328889 0.047500 0.097778
1 0.273750 0.316667 0.047500 0.091111
1 0.191250 0.387778 0.032500 0.126667
1 0.230000 0.474444 0.055000 0.162222
1 0.180625 0.513333 0.048750 0.173333
1 0.172500 0.620000 0.062500 0.208889
1 0.070625 0.368889 0.046250 0.142222
1 0.013750 0.262222 0.025000 0.084444
1 0.052500 0.213333 0.022500 0.066667
1 0.015000 0.202222 0.022500 0.071111
1 0.099375 0.195556 0.018750 0.053333
1 0.688125 0.260000 0.021250 0.071111
1 0.763125 0.208889 0.021250 0.053333
1 0.781875 0.214444 0.016250 0.055556
1 0.795625 0.197778 0.016250 0.048889
1 0.816875 0.191111 0.016250 0.044444
1 0.869375 0.238889 0.018750 0.060000
1 0.851875 0.284444 0.023750 0.071111
1 0.828750 0.290000 0.022500 0.073333
1 0.839375 0.363333 0.033750 0.104444
