1 0.513125 0.623333 0.063750 0.228889
1 0.124375 0.437778 0.056250 0.160000
1 0.445625 0.293333 0.078750 0.093333
1 0.541875 0.322222 0.046250 0.097778
1 0.668750 0.255556 0.037500 0.097778
1 0.681250 0.456667 0.057500 0.162222
1 0.726875 0.421111 0.058750 0.144444
1 0.851875 0.312222 0.036250 0.104444
1 0.861875 0.225556 0.028750 0.073333
1 0.753125 0.200000 0.023750 0.062222
1 0.730625 0.184444 0.018750 0.062222
1 0.533750 0.213333 0.047500 0.062222
1 0.144375 0.257778 0.048750 0.088889
1 0.947500 0.616667 0.100000 0.162222
1 0.123750 0.167778 0.027500 0.073333
1 0.165625 0.203333 0.036250 0.095556
1 0.073750 0.195556 0.030000 0.066667
1 0.009375 0.171111 0.016250 0.066667
1 0.026250 0.161111 0.022500 0.060000
0 0.549375 0.436667 0.096250 0.175556
3 0.766250 0.856667 0.255000 0.286667
