1 0.649375 0.402222 0.041250 0.137778
1 0.224375 0.645556 0.061250 0.224444
1 0.151875 0.560000 0.053750 0.191111
1 0.066250 0.294444 0.042500 0.126667
1 0.010625 0.256667 0.018750 0.091111
1 0.019375 0.152222 0.023750 0.068889
1 0.080625 0.203333 0.026250 0.077778
1 0.130000 0.201111 0.025000 0.077778
1 0.220000 0.246667 0.035000 0.093333
1 0.335625 0.228889 0.051250 0.088889
1 0.812500 0.258889 0.027500 0.082222
1 0.868125 0.218889 0.023750 0.073333
1 0.855625 0.180000 0.018750 0.053333
1 0.792500 0.175556 0.015000 0.053333
1 0.776250 0.165556 0.017500 0.060000
0 0.871250 0.462222 0.160000 0.164444
0 0.555625 0.356667 0.091250 0.144444
0 0.546250 0.245556 0.105000 0.077778
