1 0.680625 0.813333 0.133750 0.208889
1 0.791250 0.620000 0.097500 0.168889
1 0.900000 0.633333 0.097500 0.191111
1 0.880000 0.408889 0.035000 0.120000
1 0.711250 0.282222 0.022500 0.080000
1 0.682500 0.267778 0.022500 0.077778
1 0.550625 0.480000 0.071250 0.133333
1 0.421250 0.456667 0.065000 0.122222
1 0.244375 0.857778 0.076250 0.275556
1 0.116250 0.472222 0.050000 0.148889
1 0.031875 0.362222 0.041250 0.115556
1 0.063750 0.261111 0.032500 0.086667
1 0.030625 0.217778 0.028750 0.062222
1 0.099375 0.217778 0.026250 0.066667
1 0.185000 0.245556 0.037500 0.064444
1 0.215000 0.256667 0.037500 0.077778
1 0.268750 0.270000 0.042500 0.064444
1 0.316875 0.333333 0.038750 0.093333
1 0.338750 0.302222 0.032500 0.093333
1 0.568750 0.391111 0.065000 0.115556
1 0.571250 0.314444 0.032500 0.077778
1 0.625625 0.301111 0.026250 0.077778
1 0.649375 0.263333 0.021250 0.068889
1 0.765625 0.207778 0.016250 0.046667
1 0.826250 0.228889 0.020000 0.062222
1 0.863125 0.248889 0.023750 0.071111
0 0.459375 0.398889 0.133750 0.140000
1 0.706875 0.214444 0.028750 0.055556
