1 0.686250 0.540000 0.072500 0.160000
1 0.620000 0.397778 0.032500 0.124444
1 0.574375 0.351111 0.031250 0.106667
1 0.506250 0.424444 0.037500 0.142222
1 0.394375 0.392222 0.056250 0.117778
1 0.478125 0.266667 0.043750 0.066667
1 0.570625 0.258889 0.036250 0.064444
1 0.631875 0.253333 0.031250 0.057778
1 0.704375 0.264444 0.018750 0.066667
1 0.722500 0.217778 0.020000 0.057778
1 0.808125 0.191111 0.016250 0.053333
1 0.838125 0.184444 0.016250 0.040000
1 0.348750 0.267778 0.052500 0.073333
1 0.187500 0.275556 0.025000 0.084444
1 0.135625 0.298889 0.043750 0.095556
1 0.035625 0.367778 0.046250 0.104444
1 0.080000 0.220000 0.025000 0.071111
1 0.022500 0.184444 0.022500 0.053333
4 0.434375 0.741111 0.321250 0.517778
2 0.540000 0.376667 0.047500 0.108889
0 0.037500 0.301111 0.072500 0.091111
0 0.758750 0.223333 0.052500 0.073333
