1 0.755625 0.841111 0.091250 0.291111
1 0.547500 0.590000 0.037500 0.197778
1 0.567500 0.480000 0.065000 0.133333
1 0.224375 0.615556 0.058750 0.195556
1 0.139375 0.612222 0.048750 0.188889
1 0.126250 0.471111 0.052500 0.146667
1 0.059375 0.357778 0.038750 0.115556
1 0.453750 0.378889 0.050000 0.113333
1 0.539375 0.352222 0.031250 0.113333
1 0.586875 0.307778 0.028750 0.086667
1 0.801250 0.324444 0.030000 0.093333
1 0.845000 0.288889 0.025000 0.071111
1 0.840625 0.244444 0.021250 0.062222
1 0.857500 0.205556 0.022500 0.046667
1 0.876875 0.214444 0.018750 0.051111
1 0.603125 0.250000 0.033750 0.055556
1 0.808125 0.201111 0.018750 0.042222
1 0.251250 0.261111 0.045000 0.068889
1 0.182500 0.275556 0.030000 0.080000
1 0.103750 0.260000 0.027500 0.075556
1 0.120625 0.243333 0.023750 0.073333
1 0.134375 0.223333 0.026250 0.068889
1 0.065625 0.236667 0.021250 0.064444
1 0.008125 0.201111 0.013750 0.064444
1 0.038125 0.192222 0.018750 0.051111
1 0.071250 0.198889 0.025000 0.060000
1 0.980000 0.540000 0.040000 0.142222
