0 0.207500 0.403333 0.120000 0.157778
0 0.779375 0.238889 0.086250 0.060000
1 0.698125 0.568889 0.076250 0.160000
1 0.884375 0.852222 0.156250 0.264444
1 0.238125 0.900000 0.088750 0.200000
1 0.073750 0.857778 0.102500 0.244444
1 0.247500 0.315556 0.037500 0.084444
1 0.297500 0.361111 0.050000 0.113333
1 0.317500 0.291111 0.035000 0.084444
1 0.276875 0.295556 0.031250 0.093333
1 0.657500 0.285556 0.042500 0.068889
1 0.725625 0.286667 0.033750 0.062222
1 0.633125 0.242222 0.021250 0.066667
1 0.848750 0.418889 0.035000 0.113333
1 0.851250 0.336667 0.030000 0.086667
1 0.833125 0.253333 0.026250 0.066667
1 0.856250 0.290000 0.027500 0.051111
1 0.078750 0.433333 0.040000 0.124444
1 0.035625 0.241111 0.026250 0.077778
1 0.026875 0.292222 0.028750 0.073333
1 0.036875 0.378889 0.041250 0.122222
1 0.062500 0.338889 0.042500 0.108889
1 0.801250 0.201111 0.017500 0.042222
