1 0.660000 0.512222 0.080000 0.171111
1 0.682500 0.271111 0.032500 0.088889
1 0.613750 0.258889 0.027500 0.091111
1 0.301875 0.258889 0.033750 0.095556
1 0.163750 0.231111 0.030000 0.071111
1 0.065000 0.341111 0.032500 0.126667
1 0.124375 0.181111 0.021250 0.060000
1 0.157500 0.175556 0.027500 0.062222
1 0.681250 0.216667 0.030000 0.064444
1 0.835625 0.278889 0.033750 0.077778
1 0.754375 0.174444 0.021250 0.055556
1 0.715625 0.173333 0.021250 0.044444
0 0.836250 0.210000 0.055000 0.068889
3 0.819375 0.145556 0.053750 0.091111
3 0.085000 0.152222 0.042500 0.082222
