0 0.698125 0.588889 0.213750 0.204444
0 0.910625 0.816667 0.178750 0.335556
4 0.809375 0.193333 0.043750 0.062222
1 0.805000 0.561111 0.075000 0.175556
1 0.531875 0.685556 0.068750 0.251111
1 0.454375 0.783333 0.071250 0.264444
1 0.396875 0.558889 0.048750 0.206667
1 0.135000 0.426667 0.050000 0.155556
1 0.055000 0.412222 0.047500 0.140000
1 0.072500 0.362222 0.042500 0.120000
1 0.175625 0.278889 0.053750 0.086667
1 0.480625 0.415556 0.051250 0.111111
1 0.570625 0.301111 0.031250 0.095556
1 0.487500 0.317778 0.060000 0.088889
1 0.499375 0.288889 0.033750 0.075556
1 0.425625 0.425556 0.053750 0.104444
1 0.411250 0.361111 0.050000 0.091111
1 0.103750 0.206667 0.027500 0.062222
1 0.044375 0.194444 0.023750 0.064444
1 0.019375 0.252222 0.028750 0.091111
1 0.633750 0.280000 0.027500 0.084444
1 0.653750 0.250000 0.025000 0.064444
1 0.710625 0.234444 0.026250 0.060000
1 0.769375 0.264444 0.028750 0.066667
1 0.877500 0.232222 0.020000 0.060000
1 0.780000 0.208889 0.017500 0.044444
1 0.797500 0.225556 0.020000 0.046667
1 0.821875 0.235556 0.023750 0.062222
