1 0.555625 0.598889 0.056250 0.211111
1 0.646250 0.514444 0.072500 0.144444
1 0.921250 0.474444 0.047500 0.140000
1 0.860000 0.253333 0.022500 0.075556
1 0.827500 0.256667 0.022500 0.073333
1 0.771250 0.222222 0.022500 0.057778
1 0.730000 0.227778 0.020000 0.055556
1 0.690625 0.232222 0.021250 0.051111
1 0.637500 0.248889 0.032500 0.057778
1 0.696875 0.284444 0.036250 0.066667
1 0.626875 0.364444 0.031250 0.106667
1 0.605000 0.344444 0.030000 0.102222
1 0.457500 0.435556 0.045000 0.142222
1 0.568125 0.436667 0.061250 0.126667
1 0.250625 0.358889 0.043750 0.117778
1 0.453750 0.265556 0.045000 0.068889
1 0.148125 0.560000 0.058750 0.186667
1 0.014375 0.256667 0.026250 0.086667
1 0.055000 0.196667 0.020000 0.060000
1 0.096875 0.227778 0.023750 0.086667
1 0.126875 0.254444 0.021250 0.073333
1 0.143125 0.233333 0.023750 0.071111
1 0.176250 0.260000 0.032500 0.075556
1 0.207500 0.247778 0.030000 0.068889
