1 0.635625 0.751111 0.063750 0.275556
1 0.190000 0.862222 0.095000 0.275556
1 0.113750 0.458889 0.055000 0.157778
1 0.024375 0.341111 0.036250 0.122222
1 0.326875 0.377778 0.038750 0.106667
1 0.483125 0.372222 0.041250 0.122222
1 0.510625 0.398889 0.041250 0.131111
1 0.645000 0.543333 0.070000 0.153333
1 0.927500 0.474444 0.055000 0.122222
1 0.844375 0.382222 0.036250 0.088889
1 0.833750 0.318889 0.027500 0.086667
1 0.853125 0.281111 0.023750 0.073333
1 0.798125 0.318889 0.031250 0.082222
1 0.765000 0.228889 0.022500 0.062222
1 0.633750 0.290000 0.030000 0.082222
1 0.638125 0.423333 0.038750 0.122222
1 0.602500 0.442222 0.057500 0.120000
1 0.570625 0.348889 0.033750 0.088889
1 0.591875 0.318889 0.026250 0.100000
1 0.566875 0.294444 0.026250 0.095556
1 0.386875 0.295556 0.053750 0.093333
1 0.326250 0.308889 0.067500 0.093333
1 0.225625 0.341111 0.043750 0.100000
1 0.245625 0.293333 0.061250 0.062222
1 0.281875 0.262222 0.051250 0.062222
1 0.126875 0.273333 0.033750 0.088889
1 0.081875 0.252222 0.028750 0.077778
1 0.054375 0.230000 0.033750 0.068889
1 0.026875 0.186667 0.023750 0.062222
1 0.007500 0.188889 0.012500 0.044444
1 0.134375 0.235556 0.026250 0.066667
3 0.203125 0.245556 0.058750 0.077778
