3 0.153125 0.196667 0.116250 0.144444
0 0.569375 0.460000 0.198750 0.191111
0 0.038125 0.175556 0.061250 0.062222
0 0.798750 0.168889 0.045000 0.057778
1 0.838750 0.204444 0.030000 0.066667
1 0.831250 0.155556 0.012500 0.048889
1 0.772500 0.162222 0.017500 0.057778
1 0.683750 0.202222 0.022500 0.066667
1 0.672500 0.362222 0.032500 0.128889
1 0.596875 0.728889 0.156250 0.200000
1 0.565625 0.304444 0.026250 0.106667
1 0.538125 0.296667 0.031250 0.131111
1 0.487500 0.285556 0.035000 0.108889
1 0.611250 0.328889 0.027500 0.102222
1 0.619375 0.284444 0.053750 0.088889
1 0.179375 0.293333 0.048750 0.106667
1 0.091250 0.255556 0.040000 0.088889
1 0.048750 0.332222 0.045000 0.126667
1 0.086875 0.170000 0.023750 0.068889
