1 0.211250 0.755556 0.070000 0.271111
0 0.531875 0.340000 0.088750 0.115556
0 0.750000 0.228889 0.050000 0.062222
1 0.837500 0.318889 0.025000 0.077778
1 0.827500 0.261111 0.022500 0.064444
1 0.858125 0.225556 0.018750 0.060000
1 0.816250 0.187778 0.020000 0.051111
1 0.690000 0.234444 0.025000 0.060000
1 0.624375 0.242222 0.033750 0.066667
1 0.496250 0.305556 0.027500 0.091111
1 0.449375 0.324444 0.033750 0.093333
1 0.131250 0.374444 0.045000 0.122222
1 0.091875 0.442222 0.038750 0.137778
1 0.039375 0.404444 0.036250 0.120000
1 0.016875 0.297778 0.031250 0.102222
1 0.116250 0.261111 0.030000 0.082222
1 0.154375 0.253333 0.028750 0.080000
1 0.221250 0.301111 0.032500 0.100000
1 0.237500 0.267778 0.025000 0.091111
0 0.791875 0.187778 0.036250 0.051111
