1 0.616875 0.420000 0.041250 0.133333
1 0.551250 0.384444 0.035000 0.124444
1 0.488750 0.418889 0.055000 0.126667
1 0.385625 0.381111 0.046250 0.117778
1 0.112500 0.473333 0.047500 0.151111
1 0.218125 0.303333 0.048750 0.073333
1 0.265625 0.292222 0.036250 0.086667
1 0.137500 0.243333 0.025000 0.073333
1 0.184375 0.235556 0.026250 0.071111
1 0.609375 0.325556 0.033750 0.095556
1 0.603750 0.276667 0.030000 0.077778
1 0.814375 0.191111 0.021250 0.062222
1 0.826875 0.230000 0.021250 0.055556
1 0.847500 0.226667 0.020000 0.062222
1 0.871250 0.250000 0.025000 0.055556
