0 0.102500 0.314444 0.095000 0.104444
4 0.726875 0.238889 0.066250 0.095556
1 0.853125 0.643333 0.093750 0.193333
1 0.725000 0.582222 0.085000 0.173333
1 0.588125 0.522222 0.068750 0.151111
1 0.456250 0.590000 0.055000 0.202222
1 0.186250 0.736667 0.065000 0.233333
1 0.153125 0.531111 0.058750 0.177778
1 0.041250 0.375556 0.047500 0.128889
1 0.253750 0.334444 0.057500 0.113333
1 0.314375 0.318889 0.046250 0.095556
1 0.494375 0.417778 0.048750 0.133333
1 0.523750 0.326667 0.027500 0.093333
1 0.604375 0.327778 0.033750 0.091111
1 0.643750 0.290000 0.027500 0.086667
1 0.627500 0.244444 0.027500 0.071111
1 0.556875 0.312222 0.028750 0.100000
1 0.541875 0.255556 0.033750 0.062222
1 0.796875 0.272222 0.026250 0.068889
1 0.850625 0.246667 0.021250 0.075556
1 0.815000 0.188889 0.020000 0.048889
1 0.156875 0.228889 0.043750 0.075556
1 0.068750 0.218889 0.022500 0.055556
1 0.008125 0.232222 0.013750 0.073333
1 0.024375 0.207778 0.016250 0.068889
1 0.041875 0.192222 0.018750 0.064444
1 0.095625 0.194444 0.021250 0.055556
