0 0.917500 0.832222 0.165000 0.295556
1 0.945625 0.618889 0.096250 0.193333
1 0.710625 0.823333 0.091250 0.286667
1 0.573125 0.498889 0.068750 0.144444
1 0.605000 0.352222 0.030000 0.113333
1 0.830625 0.295556 0.023750 0.075556
1 0.845000 0.258889 0.022500 0.064444
1 0.774375 0.210000 0.021250 0.051111
1 0.472500 0.391111 0.052500 0.097778
1 0.461250 0.340000 0.072500 0.088889
1 0.422500 0.762222 0.075000 0.253333
1 0.366875 0.864444 0.071250 0.271111
1 0.296875 0.543333 0.056250 0.193333
1 0.195000 0.534444 0.055000 0.184444
1 0.144375 0.657778 0.068750 0.240000
1 0.050625 0.360000 0.031250 0.088889
1 0.044375 0.304444 0.031250 0.075556
1 0.265000 0.327778 0.040000 0.086667
1 0.390000 0.271111 0.057500 0.066667
1 0.258125 0.256667 0.051250 0.068889
1 0.205625 0.264444 0.028750 0.075556
1 0.177500 0.271111 0.032500 0.071111
1 0.154375 0.221111 0.026250 0.073333
1 0.111875 0.213333 0.026250 0.066667
1 0.055000 0.205556 0.025000 0.068889
1 0.033125 0.193333 0.021250 0.057778
