1 0.825625 0.886667 0.088750 0.226667
1 0.736875 0.574444 0.098750 0.153333
1 0.687500 0.443333 0.072500 0.140000
1 0.580625 0.435556 0.068750 0.111111
1 0.231875 0.730000 0.056250 0.255556
1 0.151250 0.604444 0.057500 0.195556
1 0.116875 0.455556 0.046250 0.142222
1 0.168125 0.410000 0.053750 0.140000
1 0.089375 0.380000 0.051250 0.115556
1 0.371875 0.338889 0.036250 0.086667
1 0.330000 0.363333 0.065000 0.104444
1 0.303125 0.314444 0.031250 0.082222
1 0.363125 0.266667 0.046250 0.071111
1 0.525000 0.335556 0.025000 0.106667
1 0.583750 0.310000 0.030000 0.086667
1 0.689375 0.291111 0.026250 0.080000
1 0.671250 0.272222 0.022500 0.073333
1 0.636875 0.248889 0.026250 0.062222
1 0.894375 0.447778 0.053750 0.135556
1 0.831875 0.400000 0.038750 0.111111
1 0.812500 0.347778 0.040000 0.108889
1 0.856875 0.265556 0.021250 0.073333
1 0.875625 0.224444 0.023750 0.062222
1 0.841875 0.233333 0.026250 0.057778
1 0.805625 0.210000 0.018750 0.068889
1 0.781875 0.204444 0.016250 0.057778
1 0.742500 0.231111 0.027500 0.075556
1 0.228125 0.290000 0.028750 0.077778
1 0.133125 0.240000 0.023750 0.075556
1 0.154375 0.223333 0.026250 0.077778
1 0.075625 0.216667 0.021250 0.068889
1 0.053125 0.198889 0.021250 0.064444
1 0.018750 0.206667 0.025000 0.062222
