0 0.406875 0.578889 0.201250 0.291111
1 0.690625 0.714444 0.078750 0.264444
1 0.816250 0.742222 0.122500 0.257778
1 0.860625 0.425556 0.041250 0.131111
1 0.605625 0.423333 0.053750 0.122222
1 0.473750 0.393333 0.037500 0.120000
1 0.407500 0.392222 0.052500 0.108889
1 0.438125 0.293333 0.058750 0.080000
1 0.519375 0.327778 0.043750 0.131111
1 0.632500 0.311111 0.032500 0.088889
1 0.610625 0.293333 0.023750 0.093333
1 0.681875 0.235556 0.033750 0.062222
1 0.715000 0.230000 0.020000 0.051111
1 0.735625 0.237778 0.023750 0.071111
1 0.815000 0.271111 0.022500 0.062222
1 0.835000 0.254444 0.022500 0.064444
1 0.785000 0.214444 0.025000 0.060000
1 0.763125 0.207778 0.021250 0.068889
1 0.831250 0.186667 0.017500 0.048889
1 0.865625 0.235556 0.011250 0.062222
1 0.879375 0.248889 0.018750 0.066667
1 0.196875 0.714444 0.066250 0.273333
1 0.125000 0.478889 0.045000 0.153333
1 0.093125 0.411111 0.046250 0.137778
1 0.049375 0.254444 0.031250 0.082222
1 0.046250 0.193333 0.022500 0.048889
1 0.163125 0.230000 0.028750 0.073333
1 0.189375 0.304444 0.043750 0.088889
1 0.209375 0.271111 0.033750 0.066667
1 0.330625 0.297778 0.046250 0.088889
1 0.278750 0.313333 0.052500 0.106667
1 0.105625 0.311111 0.038750 0.093333
1 0.095000 0.215556 0.027500 0.080000
