1 0.589375 0.822222 0.078750 0.275556
1 0.511875 0.874444 0.073750 0.251111
1 0.546250 0.495556 0.065000 0.168889
1 0.448125 0.408889 0.053750 0.128889
1 0.398750 0.335556 0.037500 0.102222
1 0.320625 0.314444 0.041250 0.082222
1 0.303125 0.290000 0.031250 0.077778
1 0.090625 0.601111 0.048750 0.180000
1 0.011875 0.345556 0.021250 0.108889
1 0.041250 0.263333 0.035000 0.077778
1 0.076250 0.313333 0.042500 0.102222
1 0.075625 0.211111 0.018750 0.071111
1 0.093125 0.245556 0.021250 0.077778
1 0.110000 0.225556 0.020000 0.077778
1 0.127500 0.250000 0.022500 0.082222
1 0.146250 0.238889 0.020000 0.073333
1 0.618125 0.354444 0.028750 0.104444
1 0.960625 0.513333 0.061250 0.160000
1 0.828125 0.324444 0.028750 0.093333
1 0.731875 0.266667 0.036250 0.071111
1 0.646250 0.334444 0.025000 0.108889
1 0.672500 0.300000 0.040000 0.080000
1 0.655625 0.254444 0.023750 0.077778
1 0.631875 0.242222 0.021250 0.080000
1 0.748125 0.205556 0.016250 0.055556
1 0.818750 0.231111 0.030000 0.057778
1 0.856250 0.233333 0.020000 0.062222
1 0.878125 0.224444 0.018750 0.062222
1 0.788125 0.210000 0.018750 0.055556
1 0.008125 0.182222 0.013750 0.062222
0 0.827500 0.195556 0.040000 0.048889
2 0.176875 0.238889 0.026250 0.095556
